% Fogale DL Rail Calibration results.
% DL=1, Date=2016-03-11T09:03:54
% Tunnel Temperature=17.88 oC
% Scan Range: 1.125 - 118.875 mOPL
% Metrology used: ENCODERS
% Sensors: CALIBRATED
% Name=ara
% Comment=
% WPS-Sensor tunnel center: WPS-2D-7CF-014
% WPS-Sensor tunnel end: WPS-2D-7D0-002
% DOMS-Sensor: DOM-7D2-003 S-330
% INCLINOMETER-Sensor: Inclinix
% TIMESTAMP[hhmmss.s] OPL-POSITION[m] DOMS[mm] INCL[rad] WPSTctrY[mm] WPSTctrZ[mm] WPSTendY[mm] WPSTendZ[mm]
090436.6 1.12498 5.005542e+00 4.780837e-03 2.493389e+00 -8.181373e+00 -1.867139e-01 -7.739458e+00
090448.6 1.49966 5.005505e+00 4.754132e-03 2.505447e+00 -8.010482e+00 -1.893268e-01 -7.588479e+00
090458.6 1.87497 5.005545e+00 4.747327e-03 2.492485e+00 -7.843516e+00 -2.018128e-01 -7.451912e+00
090508.0 2.25022 5.005484e+00 4.740255e-03 2.504172e+00 -7.678770e+00 -2.342839e-01 -7.304012e+00
090517.9 2.62566 5.005565e+00 4.670637e-03 2.521633e+00 -7.561412e+00 -2.841489e-01 -7.171985e+00
090528.6 2.99995 5.005574e+00 4.523706e-03 2.564536e+00 -7.521797e+00 -3.587574e-01 -7.061468e+00
090537.0 3.37552 5.005571e+00 4.356392e-03 2.624291e+00 -7.484774e+00 -4.662446e-01 -6.953941e+00
090546.6 3.75 5.005545e+00 4.253567e-03 2.651503e+00 -7.416380e+00 -5.873790e-01 -6.819715e+00
090554.6 4.12519 5.005579e+00 4.192233e-03 2.651350e+00 -7.329668e+00 -6.796600e-01 -6.698327e+00
090602.6 4.4998 5.005573e+00 4.156452e-03 2.649889e+00 -7.232162e+00 -7.284351e-01 -6.592772e+00
090614.2 4.87359 5.005533e+00 4.141343e-03 2.660918e+00 -7.084189e+00 -7.584456e-01 -6.463812e+00
090627.3 5.24864 5.005554e+00 4.161923e-03 2.676081e+00 -6.892121e+00 -7.651507e-01 -6.315713e+00
090635.9 5.62478 5.005527e+00 4.185793e-03 2.689955e+00 -6.710851e+00 -7.540808e-01 -6.174880e+00
090644.9 6.00009 5.005522e+00 4.158327e-03 2.673395e+00 -6.574470e+00 -7.377410e-01 -6.060584e+00
090657.9 6.37482 5.005518e+00 4.102681e-03 2.638560e+00 -6.445639e+00 -7.446924e-01 -5.943268e+00
090706.7 6.74943 5.005561e+00 4.069061e-03 2.562607e+00 -6.311451e+00 -7.693925e-01 -5.807050e+00
090714.2 7.12455 5.005561e+00 4.060406e-03 2.466344e+00 -6.165429e+00 -7.959855e-01 -5.674455e+00
090724.6 7.49986 5.005575e+00 4.027132e-03 2.339326e+00 -6.048123e+00 -8.157886e-01 -5.563247e+00
090738.2 7.8741 5.005604e+00 3.999848e-03 2.185955e+00 -5.918565e+00 -8.254718e-01 -5.449461e+00
090801.9 8.23981 5.005570e+00 4.005269e-03 2.075068e+00 -5.764766e+00 -8.257543e-01 -5.314250e+00
090815.9 8.62523 5.005508e+00 4.045352e-03 2.006644e+00 -5.607356e+00 -8.311115e-01 -5.181366e+00
090824.6 8.99901 5.005558e+00 4.025531e-03 1.963853e+00 -5.495823e+00 -8.344960e-01 -5.072451e+00
090837.3 9.37495 5.005587e+00 3.999363e-03 1.965561e+00 -5.386330e+00 -8.369574e-01 -4.955690e+00
090845.9 9.74962 5.005563e+00 3.997519e-03 1.996476e+00 -5.251967e+00 -8.373032e-01 -4.823803e+00
090853.9 10.1249 5.005597e+00 3.992242e-03 2.049207e+00 -5.116424e+00 -8.225388e-01 -4.700985e+00
090904.9 10.5001 5.005575e+00 3.966143e-03 2.081247e+00 -5.002370e+00 -8.114039e-01 -4.603618e+00
090916.6 10.874 5.005570e+00 3.973048e-03 2.088858e+00 -4.882324e+00 -8.062058e-01 -4.490890e+00
090929.0 11.2499 5.005585e+00 4.009460e-03 2.066506e+00 -4.743513e+00 -8.148064e-01 -4.357457e+00
090937.9 11.6248 5.005542e+00 4.043688e-03 2.030782e+00 -4.609306e+00 -8.185888e-01 -4.237366e+00
090946.7 12 5.005570e+00 4.043114e-03 2.019990e+00 -4.508487e+00 -8.205208e-01 -4.144930e+00
091002.7 12.3749 5.005571e+00 4.030307e-03 2.029728e+00 -4.396978e+00 -8.158137e-01 -4.042945e+00
091011.9 12.7492 5.005555e+00 4.035464e-03 2.041114e+00 -4.264372e+00 -8.150601e-01 -3.918442e+00
091020.9 13.1254 5.005551e+00 4.049493e-03 2.058421e+00 -4.138166e+00 -8.127682e-01 -3.794666e+00
091028.9 13.4995 5.005608e+00 4.056618e-03 2.062723e+00 -4.030012e+00 -8.078905e-01 -3.699764e+00
091041.9 13.8739 5.005564e+00 4.069847e-03 2.041280e+00 -3.918602e+00 -8.093970e-01 -3.598317e+00
091053.9 14.2497 5.005562e+00 4.089080e-03 2.022590e+00 -3.785805e+00 -8.155600e-01 -3.476181e+00
091106.6 14.6234 5.005569e+00 4.110953e-03 2.018098e+00 -3.658026e+00 -8.185281e-01 -3.357428e+00
091117.3 14.9996 5.005589e+00 4.125501e-03 2.026386e+00 -3.560658e+00 -8.101932e-01 -3.265365e+00
091127.9 15.375 5.005533e+00 4.145897e-03 2.035213e+00 -3.451507e+00 -8.084811e-01 -3.161619e+00
091135.9 15.7496 5.005547e+00 4.183650e-03 2.063054e+00 -3.317615e+00 -8.090845e-01 -3.051655e+00
091143.9 16.1248 5.005534e+00 4.212588e-03 2.058830e+00 -3.201677e+00 -8.149743e-01 -2.929656e+00
091155.9 16.4996 5.005547e+00 4.234423e-03 2.040374e+00 -3.109022e+00 -8.238059e-01 -2.841137e+00
091208.2 16.8742 5.005529e+00 4.265202e-03 2.028995e+00 -3.007782e+00 -8.251197e-01 -2.740702e+00
091220.6 17.2492 5.005564e+00 4.323866e-03 2.021555e+00 -2.878097e+00 -8.331341e-01 -2.621031e+00
091228.9 17.6245 5.005555e+00 4.379840e-03 2.018762e+00 -2.753354e+00 -8.322954e-01 -2.507301e+00
091237.3 17.9994 5.005562e+00 4.418041e-03 2.037360e+00 -2.656720e+00 -8.223908e-01 -2.413708e+00
091303.9 18.3652 5.005530e+00 4.448384e-03 2.048309e+00 -2.563585e+00 -8.266188e-01 -2.324051e+00
091314.6 18.7504 5.005567e+00 4.485030e-03 2.037124e+00 -2.441559e+00 -8.315705e-01 -2.210861e+00
091323.9 19.1249 5.005552e+00 4.511607e-03 2.025994e+00 -2.330350e+00 -8.434012e-01 -2.108908e+00
091331.9 19.5002 5.005555e+00 4.498121e-03 2.031528e+00 -2.234964e+00 -8.399035e-01 -2.035399e+00
091340.3 19.8754 5.005536e+00 4.470979e-03 2.028114e+00 -2.147654e+00 -8.325770e-01 -1.949544e+00
091348.3 20.2503 5.005528e+00 4.440839e-03 2.035822e+00 -2.037285e+00 -8.217701e-01 -1.848841e+00
091434.3 20.6059 5.005531e+00 4.408137e-03 2.043488e+00 -1.935591e+00 -8.137177e-01 -1.750476e+00
091448.2 20.9981 5.005568e+00 4.366753e-03 2.051317e+00 -1.850947e+00 -8.162255e-01 -1.680655e+00
091501.9 21.3741 5.005548e+00 4.341181e-03 2.045387e+00 -1.758403e+00 -8.189529e-01 -1.601655e+00
091511.9 21.7497 5.005570e+00 4.318976e-03 2.042774e+00 -1.652316e+00 -8.222696e-01 -1.491787e+00
091520.9 22.1246 5.005519e+00 4.306891e-03 2.054033e+00 -1.545766e+00 -8.152379e-01 -1.395171e+00
091528.9 22.4994 5.005540e+00 4.308011e-03 2.059302e+00 -1.462570e+00 -8.092119e-01 -1.320332e+00
091540.6 22.874 5.005529e+00 4.316057e-03 2.077048e+00 -1.374625e+00 -8.023403e-01 -1.251818e+00
091551.9 23.2502 5.005553e+00 4.334969e-03 2.086615e+00 -1.264659e+00 -7.981285e-01 -1.161145e+00
091604.2 23.6241 5.005601e+00 4.338875e-03 2.074387e+00 -1.169922e+00 -8.099518e-01 -1.070714e+00
091613.3 23.9996 5.005551e+00 4.305340e-03 2.060416e+00 -1.097570e+00 -8.154937e-01 -9.943836e-01
091635.9 24.3654 5.005551e+00 4.282999e-03 2.056831e+00 -1.021512e+00 -8.104848e-01 -9.167502e-01
091644.9 24.7494 5.005561e+00 4.287493e-03 2.075533e+00 -9.082836e-01 -8.077002e-01 -8.137807e-01
091653.0 25.1249 5.005561e+00 4.304192e-03 2.083743e+00 -8.087114e-01 -8.024336e-01 -7.261871e-01
091704.6 25.5 5.005548e+00 4.315126e-03 2.110265e+00 -7.440866e-01 -7.947542e-01 -6.595388e-01
091713.3 25.8749 5.005515e+00 4.328182e-03 2.088793e+00 -6.636452e-01 -7.977741e-01 -5.917056e-01
091721.9 26.2497 5.005519e+00 4.350057e-03 2.069621e+00 -5.497142e-01 -8.061763e-01 -5.059633e-01
091730.9 26.625 5.005529e+00 4.343695e-03 2.071101e+00 -4.497799e-01 -8.074357e-01 -4.166472e-01
091740.2 27.0002 5.005542e+00 4.317559e-03 2.077833e+00 -3.872028e-01 -8.043312e-01 -3.505042e-01
091804.0 27.3646 5.005594e+00 4.312739e-03 2.080429e+00 -3.252963e-01 -7.952212e-01 -2.751993e-01
091812.6 27.7499 5.005563e+00 4.324133e-03 2.104065e+00 -2.373864e-01 -7.894491e-01 -1.863209e-01
091821.9 28.1251 5.005582e+00 4.318867e-03 2.107125e+00 -1.440242e-01 -7.868656e-01 -1.109847e-01
091830.2 28.5006 5.005551e+00 4.283672e-03 2.100139e+00 -7.370128e-02 -7.853574e-01 -5.531385e-02
091838.6 28.8749 5.005545e+00 4.267714e-03 2.085787e+00 6.345875e-03 -7.941903e-01 1.376692e-03
091849.3 29.2504 5.005538e+00 4.278433e-03 2.091350e+00 1.015020e-01 -7.941724e-01 7.447060e-02
091902.6 29.6241 5.005576e+00 4.291955e-03 2.091739e+00 1.852553e-01 -7.933065e-01 1.553474e-01
091918.6 29.9992 5.005555e+00 4.329722e-03 2.098232e+00 2.503039e-01 -7.879882e-01 2.249752e-01
091944.0 30.3646 5.005605e+00 4.400730e-03 2.104222e+00 3.214777e-01 -7.796279e-01 3.014220e-01
091957.3 30.7501 5.005532e+00 4.491213e-03 2.107504e+00 4.205682e-01 -7.942355e-01 4.037193e-01
092007.9 31.1251 5.005575e+00 4.548995e-03 2.082147e+00 5.158813e-01 -8.028027e-01 4.810564e-01
092016.3 31.5001 5.005542e+00 4.562259e-03 2.074531e+00 5.777847e-01 -8.044082e-01 5.210476e-01
092039.9 31.8649 5.005580e+00 4.539553e-03 2.077208e+00 6.438812e-01 -8.063667e-01 5.638771e-01
092047.9 32.2495 5.005549e+00 4.519922e-03 2.086306e+00 7.305086e-01 -7.954123e-01 6.443309e-01
092056.6 32.6254 5.005563e+00 4.507585e-03 2.103366e+00 8.014011e-01 -7.854172e-01 7.146895e-01
092105.9 32.9994 5.005613e+00 4.482363e-03 2.122771e+00 8.546429e-01 -7.771744e-01 7.650462e-01
092117.9 33.3755 5.005596e+00 4.466286e-03 2.114600e+00 9.106359e-01 -7.738464e-01 8.219942e-01
092126.6 33.7496 5.005545e+00 4.471713e-03 2.096497e+00 9.822669e-01 -7.892555e-01 8.849454e-01
092134.3 34.1247 5.005553e+00 4.474336e-03 2.098945e+00 1.058500e+00 -7.899153e-01 9.519095e-01
092142.6 34.4994 5.005535e+00 4.452415e-03 2.108244e+00 1.116368e+00 -7.837988e-01 9.948657e-01
092150.3 34.8747 5.005557e+00 4.435355e-03 2.117754e+00 1.185333e+00 -7.720792e-01 1.048609e+00
092201.3 35.2497 5.005528e+00 4.443742e-03 2.128456e+00 1.279450e+00 -7.641996e-01 1.119739e+00
092210.0 35.6248 5.005571e+00 4.467555e-03 2.135459e+00 1.355565e+00 -7.704544e-01 1.186888e+00
092218.9 35.9996 5.005548e+00 4.467989e-03 2.119562e+00 1.388209e+00 -7.723922e-01 1.227940e+00
092227.9 36.3743 5.005580e+00 4.461276e-03 2.111925e+00 1.426519e+00 -7.731414e-01 1.269210e+00
092236.9 36.7497 5.005568e+00 4.465558e-03 2.124655e+00 1.508290e+00 -7.791865e-01 1.336413e+00
092245.2 37.1252 5.005522e+00 4.454772e-03 2.122235e+00 1.575919e+00 -7.778438e-01 1.392927e+00
092255.3 37.5001 5.005547e+00 4.441682e-03 2.141265e+00 1.623975e+00 -7.662004e-01 1.433947e+00
092304.6 37.8745 5.005564e+00 4.456318e-03 2.159126e+00 1.678763e+00 -7.573021e-01 1.477061e+00
092313.3 38.2492 5.005546e+00 4.484467e-03 2.147574e+00 1.749719e+00 -7.606003e-01 1.534771e+00
092322.2 38.6248 5.005531e+00 4.478238e-03 2.121333e+00 1.809464e+00 -7.691015e-01 1.585217e+00
092332.2 39.0005 5.005546e+00 4.453886e-03 2.118229e+00 1.843730e+00 -7.652731e-01 1.624150e+00
092346.3 39.3744 5.005517e+00 4.441684e-03 2.137351e+00 1.893903e+00 -7.612517e-01 1.665755e+00
092427.9 39.7299 5.005559e+00 4.449348e-03 2.141468e+00 1.960811e+00 -7.581961e-01 1.720877e+00
092438.6 40.1253 5.005565e+00 4.470865e-03 2.158219e+00 2.033526e+00 -7.479453e-01 1.775082e+00
092446.2 40.4995 5.005538e+00 4.480408e-03 2.163648e+00 2.070143e+00 -7.429305e-01 1.797947e+00
092458.2 40.8746 5.005520e+00 4.480231e-03 2.146242e+00 2.116112e+00 -7.503850e-01 1.831792e+00
092506.6 41.25 5.005557e+00 4.483666e-03 2.135680e+00 2.176346e+00 -7.533939e-01 1.884129e+00
092518.9 41.6249 5.005591e+00 4.477582e-03 2.136805e+00 2.230669e+00 -7.582238e-01 1.937603e+00
092528.0 41.9995 5.005535e+00 4.458178e-03 2.140835e+00 2.260576e+00 -7.453303e-01 1.964875e+00
092610.2 42.3534 5.005558e+00 4.471749e-03 2.151012e+00 2.305422e+00 -7.363009e-01 1.995533e+00
092621.0 42.7501 5.005545e+00 4.530654e-03 2.175013e+00 2.370407e+00 -7.356567e-01 2.063415e+00
092629.3 43.1249 5.005557e+00 4.576419e-03 2.164437e+00 2.428521e+00 -7.372158e-01 2.106779e+00
092637.3 43.4999 5.005549e+00 4.594391e-03 2.151284e+00 2.462209e+00 -7.491430e-01 2.128022e+00
092647.9 43.875 5.005567e+00 4.602697e-03 2.148077e+00 2.500530e+00 -7.490955e-01 2.149504e+00
092712.6 44.2406 5.005568e+00 4.627934e-03 2.139108e+00 2.558050e+00 -7.481023e-01 2.194319e+00
092721.9 44.6249 5.005528e+00 4.644618e-03 2.150853e+00 2.601552e+00 -7.457533e-01 2.232698e+00
092730.0 45.0002 5.005532e+00 4.654215e-03 2.167433e+00 2.626546e+00 -7.347246e-01 2.259357e+00
092743.3 45.3742 5.005506e+00 4.688542e-03 2.185816e+00 2.662562e+00 -7.369920e-01 2.290565e+00
092756.3 45.7498 5.005535e+00 4.752365e-03 2.158640e+00 2.721803e+00 -7.487339e-01 2.335950e+00
092804.9 46.1249 5.005566e+00 4.824989e-03 2.137046e+00 2.782390e+00 -7.575587e-01 2.375417e+00
092815.9 46.4999 5.005537e+00 4.863296e-03 2.138199e+00 2.805472e+00 -7.584926e-01 2.395332e+00
092828.3 46.8742 5.005601e+00 4.874801e-03 2.135724e+00 2.843622e+00 -7.564184e-01 2.428276e+00
092839.3 47.2499 5.005565e+00 4.896762e-03 2.152293e+00 2.897860e+00 -7.502868e-01 2.472413e+00
092850.9 47.6259 5.005531e+00 4.927837e-03 2.173449e+00 2.943690e+00 -7.458393e-01 2.507022e+00
092859.3 48.0005 5.005562e+00 4.928550e-03 2.169017e+00 2.954458e+00 -7.452686e-01 2.519118e+00
092922.9 48.3643 5.005512e+00 4.910422e-03 2.149903e+00 2.972434e+00 -7.469942e-01 2.532789e+00
092931.9 48.7496 5.005595e+00 4.903031e-03 2.153168e+00 3.008751e+00 -7.466621e-01 2.563990e+00
092939.9 49.125 5.005566e+00 4.891480e-03 2.154567e+00 3.044712e+00 -7.446566e-01 2.597335e+00
092949.9 49.5008 5.005554e+00 4.849679e-03 2.163363e+00 3.063173e+00 -7.325256e-01 2.601013e+00
093000.7 49.8751 5.005544e+00 4.811113e-03 2.184628e+00 3.082134e+00 -7.172565e-01 2.602372e+00
093010.0 50.2494 5.005555e+00 4.777478e-03 2.198465e+00 3.118598e+00 -7.118911e-01 2.632760e+00
093018.9 50.6249 5.005560e+00 4.728976e-03 2.192527e+00 3.141566e+00 -7.159290e-01 2.652877e+00
093027.9 50.9998 5.005565e+00 4.675739e-03 2.186508e+00 3.143073e+00 -7.184764e-01 2.651237e+00
093039.9 51.3744 5.005562e+00 4.647723e-03 2.193807e+00 3.166278e+00 -7.140913e-01 2.667704e+00
093052.6 51.7492 5.005508e+00 4.642581e-03 2.193473e+00 3.207778e+00 -7.090314e-01 2.695328e+00
093100.9 52.1246 5.005592e+00 4.644121e-03 2.198235e+00 3.241100e+00 -6.982171e-01 2.713264e+00
093108.9 52.5001 5.005534e+00 4.631395e-03 2.223463e+00 3.247974e+00 -6.906340e-01 2.703730e+00
093134.2 52.8649 5.005556e+00 4.571381e-03 2.229152e+00 3.259190e+00 -6.873237e-01 2.698020e+00
093142.6 53.2493 5.005581e+00 4.530426e-03 2.226572e+00 3.280759e+00 -6.911997e-01 2.736173e+00
093151.3 53.6246 5.005539e+00 4.498414e-03 2.223246e+00 3.306792e+00 -6.899054e-01 2.754705e+00
093159.3 54.0004 5.005567e+00 4.460355e-03 2.227503e+00 3.304732e+00 -6.867273e-01 2.754670e+00
093208.2 54.3744 5.005590e+00 4.435197e-03 2.235280e+00 3.309853e+00 -6.760332e-01 2.751336e+00
093217.0 54.7492 5.005557e+00 4.443409e-03 2.249278e+00 3.343530e+00 -6.678747e-01 2.771844e+00
093225.9 55.1249 5.005591e+00 4.461625e-03 2.260172e+00 3.372866e+00 -6.643019e-01 2.784249e+00
093234.2 55.5002 5.005531e+00 4.463543e-03 2.251165e+00 3.372212e+00 -6.648903e-01 2.782999e+00
093246.6 55.8743 5.005563e+00 4.457762e-03 2.241048e+00 3.389383e+00 -6.688641e-01 2.787328e+00
093258.6 56.2493 5.005586e+00 4.468159e-03 2.243776e+00 3.412327e+00 -6.704387e-01 2.800787e+00
093307.9 56.6249 5.005534e+00 4.459358e-03 2.247092e+00 3.435733e+00 -6.700072e-01 2.816621e+00
093316.6 56.9994 5.005565e+00 4.448451e-03 2.242669e+00 3.413760e+00 -6.595705e-01 2.799952e+00
093327.9 57.3748 5.005564e+00 4.453243e-03 2.265928e+00 3.420794e+00 -6.535979e-01 2.790473e+00
093340.7 57.7495 5.005534e+00 4.466383e-03 2.273341e+00 3.454966e+00 -6.555679e-01 2.795591e+00
093348.7 58.1243 5.005526e+00 4.468254e-03 2.245761e+00 3.482794e+00 -6.598443e-01 2.814479e+00
093358.3 58.5002 5.005545e+00 4.441285e-03 2.246170e+00 3.469926e+00 -6.593359e-01 2.802626e+00
093410.3 58.8745 5.005551e+00 4.414941e-03 2.252045e+00 3.467744e+00 -6.588335e-01 2.793322e+00
093417.9 59.2497 5.005534e+00 4.416332e-03 2.254868e+00 3.483764e+00 -6.459991e-01 2.803418e+00
093426.9 59.6252 5.005550e+00 4.415012e-03 2.270618e+00 3.493011e+00 -6.391121e-01 2.809366e+00
093435.9 59.9996 5.005523e+00 4.397871e-03 2.293657e+00 3.487858e+00 -6.308168e-01 2.789109e+00
093448.0 60.3748 5.005585e+00 4.372671e-03 2.289483e+00 3.485338e+00 -6.336501e-01 2.772459e+00
093459.1 60.7499 5.005545e+00 4.367325e-03 2.267470e+00 3.502467e+00 -6.415742e-01 2.771984e+00
093507.3 61.1248 5.005528e+00 4.363370e-03 2.263995e+00 3.504730e+00 -6.458234e-01 2.764754e+00
093515.0 61.4998 5.005528e+00 4.333768e-03 2.269094e+00 3.492253e+00 -6.423520e-01 2.745314e+00
093524.6 61.8756 5.005546e+00 4.303857e-03 2.277034e+00 3.472243e+00 -6.315469e-01 2.738272e+00
093534.3 62.2509 5.005527e+00 4.293312e-03 2.293972e+00 3.473585e+00 -6.231614e-01 2.745670e+00
093543.0 62.6248 5.005521e+00 4.289469e-03 2.306164e+00 3.483959e+00 -6.225653e-01 2.746997e+00
093553.9 63.0004 5.005530e+00 4.273053e-03 2.287928e+00 3.472197e+00 -6.276459e-01 2.722494e+00
093607.3 63.3745 5.005513e+00 4.311287e-03 2.279613e+00 3.464676e+00 -6.319587e-01 2.675074e+00
093621.3 63.7501 5.005544e+00 4.318875e-03 2.284867e+00 3.473463e+00 -6.347753e-01 2.683571e+00
093630.3 64.1254 5.005537e+00 4.307988e-03 2.281504e+00 3.475938e+00 -6.275167e-01 2.682549e+00
093640.9 64.5004 5.005525e+00 4.279870e-03 2.298106e+00 3.447518e+00 -6.201724e-01 2.656388e+00
093648.9 64.8747 5.005535e+00 4.248670e-03 2.321062e+00 3.427112e+00 -6.117649e-01 2.636518e+00
093659.9 65.2502 5.005564e+00 4.216187e-03 2.314720e+00 3.426060e+00 -6.134705e-01 2.620645e+00
093707.9 65.6247 5.005512e+00 4.168777e-03 2.296600e+00 3.415476e+00 -6.159214e-01 2.600430e+00
093719.9 66.0002 5.005540e+00 4.100465e-03 2.299109e+00 3.382133e+00 -6.120521e-01 2.563381e+00
093733.3 66.3749 5.005535e+00 4.035043e-03 2.308804e+00 3.371527e+00 -6.074017e-01 2.530425e+00
093741.9 66.7493 5.005567e+00 3.993096e-03 2.315342e+00 3.373728e+00 -5.906743e-01 2.522754e+00
093749.9 67.1246 5.005530e+00 3.960866e-03 2.333190e+00 3.373781e+00 -5.814839e-01 2.505450e+00
093800.6 67.4999 5.005538e+00 3.940827e-03 2.351664e+00 3.340669e+00 -5.690591e-01 2.470772e+00
093811.9 67.875 5.005525e+00 3.935741e-03 2.333858e+00 3.287604e+00 -5.770488e-01 2.430654e+00
093821.9 68.25 5.005537e+00 3.949840e-03 2.323687e+00 3.295644e+00 -5.752747e-01 2.418088e+00
093830.9 68.6254 5.005501e+00 3.935621e-03 2.325687e+00 3.291925e+00 -5.769209e-01 2.406076e+00
093839.0 68.9997 5.005540e+00 3.862754e-03 2.330067e+00 3.260245e+00 -5.695981e-01 2.368113e+00
093848.6 69.3753 5.005503e+00 3.783803e-03 2.350950e+00 3.229434e+00 -5.509224e-01 2.332421e+00
093859.3 69.7507 5.005550e+00 3.722667e-03 2.371272e+00 3.209478e+00 -5.336591e-01 2.307986e+00
093907.3 70.1251 5.005542e+00 3.684640e-03 2.370157e+00 3.193100e+00 -5.340661e-01 2.277948e+00
093916.3 70.4998 5.005559e+00 3.695909e-03 2.356578e+00 3.152983e+00 -5.346290e-01 2.242347e+00
093927.9 70.8752 5.005545e+00 3.759498e-03 2.349404e+00 3.132607e+00 -5.461320e-01 2.212603e+00
093936.9 71.2493 5.005544e+00 3.854294e-03 2.344070e+00 3.131595e+00 -5.639416e-01 2.192739e+00
093945.3 71.6247 5.005550e+00 3.922196e-03 2.347295e+00 3.127382e+00 -5.596676e-01 2.178384e+00
093954.6 72.0003 5.005528e+00 3.930807e-03 2.369436e+00 3.090246e+00 -5.477632e-01 2.135193e+00
094007.9 72.3744 5.005513e+00 3.902757e-03 2.382676e+00 3.052148e+00 -5.316407e-01 2.097106e+00
094018.9 72.7503 5.005493e+00 3.876440e-03 2.368831e+00 3.034691e+00 -5.295511e-01 2.067269e+00
094026.9 73.1246 5.005550e+00 3.845704e-03 2.358879e+00 3.013207e+00 -5.283043e-01 2.032700e+00
094036.3 73.5006 5.005538e+00 3.816793e-03 2.365528e+00 2.965709e+00 -5.355957e-01 1.976611e+00
094047.0 73.8747 5.005542e+00 3.845473e-03 2.368929e+00 2.936742e+00 -5.270560e-01 1.925889e+00
094059.3 74.2486 5.005565e+00 3.892858e-03 2.373900e+00 2.930284e+00 -5.275050e-01 1.918170e+00
094111.9 74.6241 5.005531e+00 3.919537e-03 2.387540e+00 2.905148e+00 -5.200631e-01 1.895258e+00
094125.0 75 5.005553e+00 3.919062e-03 2.384827e+00 2.863295e+00 -5.159399e-01 1.841558e+00
094138.3 75.3743 5.005527e+00 3.907457e-03 2.369096e+00 2.817299e+00 -5.201225e-01 1.785428e+00
094154.3 75.7478 5.005499e+00 3.899662e-03 2.351897e+00 2.791625e+00 -5.207392e-01 1.746028e+00
094204.3 76.1256 5.005532e+00 3.888819e-03 2.357173e+00 2.760410e+00 -5.273425e-01 1.716808e+00
094213.9 76.5001 5.005529e+00 3.885949e-03 2.375030e+00 2.713857e+00 -5.116422e-01 1.659992e+00
094226.6 76.8741 5.005516e+00 3.907618e-03 2.397728e+00 2.681838e+00 -5.064730e-01 1.612332e+00
094234.9 77.2493 5.005511e+00 3.939576e-03 2.419333e+00 2.663480e+00 -5.024907e-01 1.585625e+00
094243.9 77.6248 5.005500e+00 3.955814e-03 2.401280e+00 2.631272e+00 -5.056597e-01 1.544388e+00
094253.9 78.0004 5.005494e+00 3.952857e-03 2.369279e+00 2.569668e+00 -5.087899e-01 1.472667e+00
094307.9 78.3741 5.005556e+00 3.952189e-03 2.374299e+00 2.508721e+00 -5.143179e-01 1.416980e+00
094321.3 78.7489 5.005526e+00 3.966228e-03 2.374870e+00 2.493345e+00 -5.146918e-01 1.378774e+00
094331.3 79.1262 5.005594e+00 3.979428e-03 2.385468e+00 2.466070e+00 -5.088887e-01 1.339601e+00
094339.3 79.5001 5.005506e+00 3.960171e-03 2.415653e+00 2.411357e+00 -4.939747e-01 1.277147e+00
094347.3 79.8742 5.005524e+00 3.929057e-03 2.422241e+00 2.351924e+00 -4.896949e-01 1.216822e+00
094356.7 80.2506 5.005511e+00 3.908833e-03 2.404735e+00 2.309672e+00 -4.901030e-01 1.174270e+00
094405.9 80.6255 5.005519e+00 3.880316e-03 2.398661e+00 2.271696e+00 -4.952433e-01 1.122194e+00
094415.0 81 5.005513e+00 3.847941e-03 2.404429e+00 2.208436e+00 -4.911076e-01 1.051863e+00
094427.9 81.3753 5.005523e+00 3.835701e-03 2.412346e+00 2.148453e+00 -4.834080e-01 9.839496e-01
094441.9 81.7494 5.005521e+00 3.859716e-03 2.422618e+00 2.116835e+00 -4.748479e-01 9.406754e-01
094451.0 82.1249 5.005494e+00 3.890227e-03 2.427459e+00 2.075835e+00 -4.722639e-01 8.894686e-01
094459.3 82.4997 5.005539e+00 3.902191e-03 2.423572e+00 2.008503e+00 -4.722211e-01 8.130681e-01
094511.9 82.8742 5.005546e+00 3.891649e-03 2.406786e+00 1.947470e+00 -4.792291e-01 7.464812e-01
094521.3 83.2503 5.005525e+00 3.885865e-03 2.404315e+00 1.900339e+00 -4.777062e-01 6.946256e-01
094530.0 83.6245 5.005505e+00 3.890304e-03 2.408938e+00 1.859213e+00 -4.765504e-01 6.425382e-01
094542.3 83.9994 5.005519e+00 3.885732e-03 2.414879e+00 1.793630e+00 -4.630526e-01 5.643094e-01
094608.3 84.3641 5.005508e+00 3.882697e-03 2.433240e+00 1.737132e+00 -4.479281e-01 4.985641e-01
094620.7 84.7496 5.005509e+00 3.894973e-03 2.446265e+00 1.694463e+00 -4.509218e-01 4.531409e-01
094628.9 85.1247 5.005546e+00 3.906868e-03 2.428700e+00 1.649204e+00 -4.543227e-01 3.923548e-01
094636.7 85.4996 5.005508e+00 3.924026e-03 2.417825e+00 1.576366e+00 -4.645462e-01 3.172524e-01
094644.3 85.8746 5.005521e+00 3.941063e-03 2.421776e+00 1.506164e+00 -4.644906e-01 2.410081e-01
094655.0 86.2502 5.005531e+00 3.956213e-03 2.424294e+00 1.460179e+00 -4.515295e-01 1.829842e-01
094703.3 86.6254 5.005542e+00 3.930527e-03 2.440666e+00 1.399402e+00 -4.430363e-01 1.202768e-01
094712.9 86.9999 5.005481e+00 3.881109e-03 2.462900e+00 1.318052e+00 -4.310785e-01 3.302597e-02
094721.9 87.3748 5.005565e+00 3.851287e-03 2.462017e+00 1.244766e+00 -4.267544e-01 -4.486014e-02
094744.6 87.7402 5.005551e+00 3.857072e-03 2.432915e+00 1.202020e+00 -4.328990e-01 -1.014362e-01
094753.9 88.1249 5.005492e+00 3.887218e-03 2.432589e+00 1.144226e+00 -4.349915e-01 -1.643750e-01
094801.9 88.4999 5.005483e+00 3.931566e-03 2.444617e+00 1.052519e+00 -4.304791e-01 -2.519632e-01
094814.3 88.8733 5.005494e+00 3.978433e-03 2.438203e+00 9.863788e-01 -4.233871e-01 -3.268918e-01
094822.3 89.25 5.005536e+00 4.014772e-03 2.456611e+00 9.443201e-01 -4.177448e-01 -3.866912e-01
094831.3 89.6252 5.005526e+00 4.023762e-03 2.473251e+00 8.914955e-01 -4.162211e-01 -4.559549e-01
094841.0 90.0006 5.005507e+00 3.990906e-03 2.456642e+00 8.053585e-01 -4.166554e-01 -5.495901e-01
094856.6 90.3749 5.005573e+00 3.943994e-03 2.446792e+00 7.150859e-01 -4.194190e-01 -6.446093e-01
094905.9 90.7493 5.005516e+00 3.912857e-03 2.452639e+00 6.504814e-01 -4.158859e-01 -7.139913e-01
094918.3 91.1233 5.005516e+00 3.912850e-03 2.454118e+00 5.883114e-01 -4.070781e-01 -7.863584e-01
094928.6 91.5002 5.005556e+00 3.943597e-03 2.467087e+00 5.092244e-01 -4.014965e-01 -8.754357e-01
094941.9 91.8742 5.005534e+00 3.977358e-03 2.490655e+00 4.345160e-01 -3.959091e-01 -9.522533e-01
094954.6 92.249 5.005533e+00 4.017865e-03 2.484320e+00 3.791810e-01 -3.962036e-01 -1.016388e+00
095002.7 92.6248 5.005547e+00 4.049330e-03 2.463830e+00 3.160623e-01 -4.068236e-01 -1.087259e+00
095028.0 92.9902 5.005549e+00 4.057140e-03 2.452661e+00 2.234358e-01 -4.087064e-01 -1.187925e+00
095039.3 93.3752 5.005560e+00 4.047200e-03 2.468257e+00 1.380773e-01 -4.082136e-01 -1.281639e+00
095048.4 93.75 5.005537e+00 4.053915e-03 2.468389e+00 7.286556e-02 -4.044083e-01 -1.356517e+00
095058.3 94.1249 5.005549e+00 4.052080e-03 2.487329e+00 3.084225e-03 -3.928107e-01 -1.432821e+00
095106.6 94.4994 5.005537e+00 4.054292e-03 2.503186e+00 -9.468045e-02 -3.924556e-01 -1.536588e+00
095117.3 94.8752 5.005505e+00 4.080577e-03 2.487859e+00 -1.814682e-01 -3.895776e-01 -1.633036e+00
095128.3 95.2504 5.005525e+00 4.148331e-03 2.463309e+00 -2.418839e-01 -3.996944e-01 -1.702183e+00
095137.1 95.6246 5.005571e+00 4.183756e-03 2.466586e+00 -3.129763e-01 -4.047296e-01 -1.779221e+00
095146.3 95.9995 5.005540e+00 4.188053e-03 2.465893e+00 -4.067939e-01 -3.990277e-01 -1.879101e+00
095157.9 96.3748 5.005561e+00 4.174756e-03 2.477778e+00 -4.988634e-01 -3.898302e-01 -1.977232e+00
095207.9 96.7504 5.005536e+00 4.149548e-03 2.495086e+00 -5.646527e-01 -3.817131e-01 -2.062243e+00
095216.3 97.126 5.005486e+00 4.111079e-03 2.500911e+00 -6.455594e-01 -3.755498e-01 -2.155904e+00
095223.9 97.4999 5.005541e+00 4.059961e-03 2.492760e+00 -7.577777e-01 -3.694719e-01 -2.270350e+00
095232.3 97.8748 5.005498e+00 4.009449e-03 2.487014e+00 -8.632330e-01 -3.714329e-01 -2.384713e+00
095240.3 98.2495 5.005516e+00 3.980187e-03 2.494588e+00 -9.429812e-01 -3.662754e-01 -2.472426e+00
095248.6 98.6251 5.005517e+00 3.968956e-03 2.495581e+00 -1.017561e+00 -3.619334e-01 -2.565886e+00
095258.3 99.0001 5.005572e+00 3.953937e-03 2.514130e+00 -1.131589e+00 -3.490651e-01 -2.683943e+00
095306.7 99.3742 5.005509e+00 3.930978e-03 2.541373e+00 -1.235425e+00 -3.387418e-01 -2.789160e+00
095320.6 99.7489 5.005520e+00 3.920914e-03 2.525115e+00 -1.314281e+00 -3.376212e-01 -2.884823e+00
095331.9 100.125 5.005525e+00 3.902930e-03 2.508262e+00 -1.398001e+00 -3.411738e-01 -2.983773e+00
095342.9 100.5 5.005488e+00 3.885892e-03 2.515232e+00 -1.508561e+00 -3.385270e-01 -3.099734e+00
095354.6 100.875 5.005535e+00 3.892648e-03 2.526394e+00 -1.610197e+00 -3.302509e-01 -3.208028e+00
095406.7 101.25 5.005529e+00 3.921400e-03 2.522506e+00 -1.689073e+00 -3.275861e-01 -3.293503e+00
095418.0 101.625 5.005545e+00 3.956820e-03 2.541441e+00 -1.772071e+00 -3.213721e-01 -3.383355e+00
095426.6 102 5.005529e+00 3.994702e-03 2.540193e+00 -1.882244e+00 -3.136964e-01 -3.504818e+00
095505.3 102.356 5.005502e+00 4.035009e-03 2.510371e+00 -1.985332e+00 -3.174233e-01 -3.612874e+00
095514.6 102.75 5.005510e+00 4.079112e-03 2.508332e+00 -2.069717e+00 -3.203648e-01 -3.718623e+00
095523.3 103.125 5.005489e+00 4.088047e-03 2.509165e+00 -2.163333e+00 -3.202982e-01 -3.815785e+00
095531.9 103.5 5.005488e+00 4.089366e-03 2.518271e+00 -2.281598e+00 -3.087775e-01 -3.928764e+00
095542.9 103.875 5.005561e+00 4.092931e-03 2.533754e+00 -2.389059e+00 -3.012975e-01 -4.040181e+00
095551.3 104.249 5.005575e+00 4.114016e-03 2.551713e+00 -2.479566e+00 -2.947607e-01 -4.136670e+00
095559.9 104.625 5.005548e+00 4.133117e-03 2.534904e+00 -2.574324e+00 -2.939829e-01 -4.244333e+00
095609.3 105.001 5.005526e+00 4.143994e-03 2.511054e+00 -2.694212e+00 -2.989930e-01 -4.383538e+00
095621.9 105.375 5.005511e+00 4.156687e-03 2.519388e+00 -2.811121e+00 -2.992045e-01 -4.505610e+00
095630.3 105.75 5.005549e+00 4.202046e-03 2.518403e+00 -2.891368e+00 -3.050026e-01 -4.593082e+00
095638.7 106.125 5.005544e+00 4.252288e-03 2.524919e+00 -2.984784e+00 -3.016434e-01 -4.695092e+00
095652.7 106.5 5.005531e+00 4.296615e-03 2.543326e+00 -3.104338e+00 -2.916731e-01 -4.827146e+00
095705.0 106.874 5.005521e+00 4.349398e-03 2.556871e+00 -3.222081e+00 -2.883915e-01 -4.949527e+00
095713.9 107.25 5.005501e+00 4.416068e-03 2.533549e+00 -3.320006e+00 -2.936164e-01 -5.057158e+00
095723.4 107.625 5.005533e+00 4.454850e-03 2.520372e+00 -3.418173e+00 -2.993152e-01 -5.173183e+00
095735.0 108 5.005538e+00 4.467681e-03 2.524389e+00 -3.537695e+00 -2.985948e-01 -5.311479e+00
095813.9 108.355 5.005564e+00 4.483597e-03 2.517816e+00 -3.643777e+00 -3.003326e-01 -5.421602e+00
095825.9 108.75 5.005561e+00 4.505421e-03 2.536841e+00 -3.742571e+00 -2.899755e-01 -5.531338e+00
095834.6 109.124 5.005578e+00 4.530949e-03 2.549663e+00 -3.840945e+00 -2.846929e-01 -5.637292e+00
095845.9 109.501 5.005532e+00 4.550572e-03 2.548484e+00 -3.983791e+00 -2.800365e-01 -5.774108e+00
095858.3 109.874 5.005538e+00 4.564090e-03 2.523018e+00 -4.113289e+00 -2.818142e-01 -5.912777e+00
095908.6 110.25 5.005526e+00 4.587852e-03 2.514567e+00 -4.209675e+00 -2.776394e-01 -6.028291e+00
095917.9 110.625 5.005503e+00 4.615405e-03 2.515202e+00 -4.315483e+00 -2.806840e-01 -6.141502e+00
095926.6 111 5.005544e+00 4.624176e-03 2.524464e+00 -4.451609e+00 -2.693757e-01 -6.288796e+00
100007.0 111.354 5.005517e+00 4.634987e-03 2.538272e+00 -4.581080e+00 -2.585697e-01 -6.415991e+00
100019.9 111.75 5.005540e+00 4.650028e-03 2.557181e+00 -4.695575e+00 -2.602434e-01 -6.538841e+00
100027.9 112.124 5.005504e+00 4.660337e-03 2.545806e+00 -4.818293e+00 -2.609888e-01 -6.661346e+00
100038.3 112.5 5.005518e+00 4.668373e-03 2.530435e+00 -4.957656e+00 -2.609115e-01 -6.809844e+00
100047.0 112.875 5.005563e+00 4.692786e-03 2.533034e+00 -5.080713e+00 -2.602725e-01 -6.946536e+00
100057.9 113.25 5.005547e+00 4.721096e-03 2.533750e+00 -5.181785e+00 -2.588554e-01 -7.066482e+00
100107.0 113.624 5.005565e+00 4.749385e-03 2.540240e+00 -5.291985e+00 -2.547772e-01 -7.185590e+00
100115.9 114 5.005588e+00 4.749484e-03 2.562326e+00 -5.429153e+00 -2.605519e-01 -7.327114e+00
100137.3 114.365 5.005522e+00 4.747473e-03 2.557988e+00 -5.572345e+00 -2.801203e-01 -7.459272e+00
100147.3 114.751 5.005508e+00 4.762133e-03 2.549714e+00 -5.687559e+00 -3.209239e-01 -7.584171e+00
100155.9 115.125 5.005533e+00 4.781510e-03 2.532147e+00 -5.810406e+00 -3.568272e-01 -7.721116e+00
100206.6 115.5 5.005548e+00 4.806756e-03 2.534023e+00 -5.955807e+00 -3.922591e-01 -7.888272e+00
100219.3 115.874 5.005534e+00 4.813101e-03 2.529122e+00 -6.095233e+00 -4.137323e-01 -8.047063e+00
100231.0 116.25 5.005566e+00 4.830254e-03 2.539468e+00 -6.204036e+00 -4.287562e-01 -8.163786e+00
100243.9 116.625 5.005611e+00 4.850832e-03 2.549352e+00 -6.327208e+00 -4.375559e-01 -8.299476e+00
100256.3 117 5.005575e+00 4.874812e-03 2.534632e+00 -6.473330e+00 -4.555169e-01 -8.446837e+00
100319.0 117.365 5.005499e+00 4.888424e-03 2.517092e+00 -6.619769e+00 -4.642435e-01 -8.581329e+00
100328.6 117.75 5.005539e+00 4.884816e-03 2.528286e+00 -6.746158e+00 -4.673999e-01 -8.704516e+00
100339.0 118.126 5.005558e+00 4.812132e-03 2.523946e+00 -6.872095e+00 -4.602446e-01 -8.831771e+00
100349.0 118.501 5.005547e+00 4.656033e-03 2.515163e+00 -7.029468e+00 -4.415827e-01 -8.971631e+00
100356.6 118.875 5.005537e+00 4.473418e-03 2.515553e+00 -7.178208e+00 -4.225357e-01 -9.104076e+00
