% Fogale DL Rail Calibration results.
% DL=1, Date=2016-03-23T09:37:43
% Tunnel Temperature=17.94 oC
% Scan Range: 118.875 - 1.125 mOPL
% Metrology used: ENCODERS
% Sensors: CALIBRATED
% Name=NSC
% Comment=not executed at night
% WPS-Sensor tunnel center: WPS-2D-7CF-014
% WPS-Sensor tunnel end: WPS-2D-7D0-002
% DOMS-Sensor: DOM-7D2-003 S-330
% INCLINOMETER-Sensor: Inclinix
% TIMESTAMP[hhmmss.s] OPL-POSITION[m] DOMS[mm] INCL[rad] WPSTctrY[mm] WPSTctrZ[mm] WPSTendY[mm] WPSTendZ[mm]
093751.8 118.875 5.005546e+00 4.472313e-03 2.520697e+00 -7.186822e+00 -4.244855e-01 -9.117516e+00
093803.0 118.5 5.005543e+00 4.654614e-03 2.511891e+00 -7.037947e+00 -4.231341e-01 -8.984840e+00
093814.9 118.125 5.005543e+00 4.808084e-03 2.522299e+00 -6.881419e+00 -4.333078e-01 -8.845197e+00
093824.9 117.75 5.005569e+00 4.883269e-03 2.533664e+00 -6.755599e+00 -4.352531e-01 -8.718518e+00
093834.8 117.374 5.005540e+00 4.886129e-03 2.525774e+00 -6.632898e+00 -4.337412e-01 -8.598913e+00
093844.8 117 5.005530e+00 4.873878e-03 2.537326e+00 -6.483939e+00 -4.297315e-01 -8.460634e+00
093856.7 116.625 5.005558e+00 4.850835e-03 2.552609e+00 -6.339271e+00 -4.198126e-01 -8.315559e+00
093909.3 116.25 5.005560e+00 4.830599e-03 2.539886e+00 -6.215880e+00 -4.252408e-01 -8.178821e+00
093917.2 115.875 5.005553e+00 4.811552e-03 2.528868e+00 -6.108636e+00 -4.227498e-01 -8.062507e+00
093925.3 115.5 5.005563e+00 4.806763e-03 2.531435e+00 -5.967880e+00 -4.130183e-01 -7.903315e+00
093936.9 115.126 5.005583e+00 4.780306e-03 2.529720e+00 -5.824667e+00 -3.953831e-01 -7.738142e+00
093946.1 114.75 5.005551e+00 4.767212e-03 2.543427e+00 -5.699925e+00 -3.698654e-01 -7.600277e+00
093955.7 114.374 5.005569e+00 4.749390e-03 2.554755e+00 -5.587268e+00 -3.282616e-01 -7.479479e+00
094004.9 114.001 5.005524e+00 4.750421e-03 2.558468e+00 -5.443538e+00 -2.976367e-01 -7.343875e+00
094014.4 113.624 5.005525e+00 4.745889e-03 2.536690e+00 -5.307457e+00 -2.798360e-01 -7.203358e+00
094022.2 113.25 5.005563e+00 4.721197e-03 2.528919e+00 -5.198701e+00 -2.700610e-01 -7.084891e+00
094030.8 112.875 5.005537e+00 4.692504e-03 2.528590e+00 -5.097290e+00 -2.666093e-01 -6.964977e+00
094039.3 112.5 5.005581e+00 4.669229e-03 2.527237e+00 -4.976374e+00 -2.656561e-01 -6.830148e+00
094050.6 112.124 5.005529e+00 4.660594e-03 2.544442e+00 -4.837318e+00 -2.606553e-01 -6.681848e+00
094101.4 111.75 5.005557e+00 4.649470e-03 2.566462e+00 -4.715277e+00 -2.537674e-01 -6.560073e+00
094111.4 111.375 5.005542e+00 4.633916e-03 2.560543e+00 -4.609839e+00 -2.455114e-01 -6.443208e+00
094136.7 110.991 5.005529e+00 4.615277e-03 2.534521e+00 -4.349941e+00 -2.682706e-01 -6.177565e+00
094312.7 110.625 NaN NaN NaN NaN NaN NaN
094448.8 110.25 NaN NaN NaN NaN NaN NaN
094624.8 109.875 NaN NaN NaN NaN NaN NaN
094735.1 109.5 NaN NaN NaN NaN NaN NaN
094911.1 109.125 NaN NaN NaN NaN NaN NaN
095047.2 108.75 NaN NaN NaN NaN NaN NaN
095223.2 108.375 NaN NaN NaN NaN NaN NaN
095253.6 107.981 5.005568e+00 4.470800e-03 2.528546e+00 -3.563904e+00 -2.884149e-01 -5.335355e+00
095304.5 107.625 5.005575e+00 4.455794e-03 2.518169e+00 -3.449508e+00 -2.882954e-01 -5.204484e+00
095313.0 107.251 5.005579e+00 4.419137e-03 2.521945e+00 -3.352528e+00 -2.861618e-01 -5.090851e+00
095321.5 106.875 5.005560e+00 4.353491e-03 2.550254e+00 -3.252833e+00 -2.723331e-01 -4.983615e+00
095329.1 106.501 5.005574e+00 4.300303e-03 2.539681e+00 -3.135863e+00 -2.728353e-01 -4.862423e+00
095336.7 106.126 5.005525e+00 4.254658e-03 2.521537e+00 -3.015684e+00 -2.830925e-01 -4.731067e+00
095346.3 105.75 5.005539e+00 4.208278e-03 2.516227e+00 -2.921314e+00 -2.886738e-01 -4.630194e+00
095409.4 105.365 5.005533e+00 4.162342e-03 2.513278e+00 -2.836871e+00 -2.905781e-01 -4.540701e+00
095418.3 105 5.005556e+00 4.149955e-03 2.510874e+00 -2.722628e+00 -2.918303e-01 -4.421721e+00
095426.4 104.626 5.005559e+00 4.138059e-03 2.529115e+00 -2.601017e+00 -2.885845e-01 -4.283721e+00
095437.7 104.25 5.005543e+00 4.119897e-03 2.549509e+00 -2.504606e+00 -2.827002e-01 -4.176038e+00
095446.2 103.875 5.005591e+00 4.099435e-03 2.533882e+00 -2.413574e+00 -2.865786e-01 -4.079729e+00
095454.1 103.5 5.005598e+00 4.092632e-03 2.521892e+00 -2.305821e+00 -2.920384e-01 -3.968898e+00
095506.0 103.125 5.005545e+00 4.095472e-03 2.518378e+00 -2.187207e+00 -3.037289e-01 -3.855322e+00
095515.2 102.751 5.005535e+00 4.085396e-03 2.513155e+00 -2.094477e+00 -3.057732e-01 -3.757377e+00
095524.4 102.375 5.005540e+00 4.045569e-03 2.520140e+00 -2.019014e+00 -3.042977e-01 -3.657502e+00
095533.6 102 5.005569e+00 3.999991e-03 2.544372e+00 -1.912021e+00 -2.947864e-01 -3.541255e+00
095542.8 101.625 5.005567e+00 3.963482e-03 2.542346e+00 -1.801103e+00 -2.984646e-01 -3.418131e+00
095551.3 101.25 5.005610e+00 3.923995e-03 2.520850e+00 -1.720315e+00 -3.076778e-01 -3.331403e+00
095600.9 100.875 5.005597e+00 3.896976e-03 2.520160e+00 -1.636050e+00 -3.095039e-01 -3.244093e+00
095612.2 100.501 5.005557e+00 3.890820e-03 2.508148e+00 -1.531524e+00 -3.198380e-01 -3.134324e+00
095620.0 100.126 5.005590e+00 3.906719e-03 2.504948e+00 -1.420199e+00 -3.257478e-01 -3.017201e+00
095633.6 99.7504 5.005578e+00 3.923525e-03 2.521823e+00 -1.335394e+00 -3.207075e-01 -2.917294e+00
095642.2 99.3754 5.005551e+00 3.931971e-03 2.537526e+00 -1.256067e+00 -3.155164e-01 -2.821648e+00
095651.0 99.0009 5.005576e+00 3.952926e-03 2.516052e+00 -1.153866e+00 -3.217135e-01 -2.715586e+00
095659.7 98.6255 5.005535e+00 3.971777e-03 2.492944e+00 -1.040612e+00 -3.364213e-01 -2.597362e+00
095712.7 98.2518 5.005543e+00 3.986943e-03 2.492583e+00 -9.679109e-01 -3.431993e-01 -2.507380e+00
095721.9 97.8755 5.005566e+00 4.021659e-03 2.479209e+00 -8.887311e-01 -3.519221e-01 -2.420947e+00
095732.1 97.501 5.005559e+00 4.077999e-03 2.482249e+00 -7.824745e-01 -3.569343e-01 -2.307989e+00
095743.8 97.1251 5.005539e+00 4.131230e-03 2.491561e+00 -6.706890e-01 -3.613156e-01 -2.194645e+00
095753.0 96.7501 5.005567e+00 4.164804e-03 2.493971e+00 -5.910217e-01 -3.630321e-01 -2.099179e+00
095802.5 96.3747 5.005527e+00 4.184170e-03 2.474874e+00 -5.256990e-01 -3.743210e-01 -2.011175e+00
095811.0 96 5.005554e+00 4.191121e-03 2.463784e+00 -4.351673e-01 -3.829992e-01 -1.910658e+00
095819.6 95.6254 5.005568e+00 4.182877e-03 2.462980e+00 -3.382595e-01 -3.863492e-01 -1.807752e+00
095828.8 95.2495 5.005580e+00 4.145321e-03 2.456982e+00 -2.699787e-01 -3.888863e-01 -1.731497e+00
095842.4 94.8755 5.005564e+00 4.076657e-03 2.481083e+00 -2.095596e-01 -3.797917e-01 -1.664291e+00
095850.9 94.5005 5.005574e+00 4.052099e-03 2.500794e+00 -1.225848e-01 -3.754794e-01 -1.568623e+00
095859.2 94.1251 5.005558e+00 4.050630e-03 2.485162e+00 -2.619656e-02 -3.786027e-01 -1.465836e+00
095908.4 93.7497 5.005520e+00 4.051649e-03 2.468553e+00 4.458789e-02 -3.921902e-01 -1.389915e+00
095918.2 93.3749 5.005575e+00 4.052386e-03 2.466134e+00 1.093210e-01 -3.960147e-01 -1.317012e+00
095927.4 92.9998 5.005555e+00 4.054706e-03 2.457523e+00 1.918723e-01 -4.002026e-01 -1.226490e+00
095940.8 92.6247 5.005546e+00 4.048296e-03 2.457198e+00 2.875065e-01 -4.036247e-01 -1.123644e+00
095950.7 92.2503 5.005534e+00 4.017297e-03 2.480710e+00 3.524673e-01 -3.927960e-01 -1.053329e+00
095958.6 91.8752 5.005549e+00 3.976564e-03 2.490857e+00 4.051681e-01 -3.869300e-01 -9.899571e-01
100007.1 91.5003 5.005553e+00 3.943702e-03 2.465257e+00 4.793229e-01 -3.915788e-01 -9.132595e-01
100015.2 91.1256 5.005521e+00 3.915420e-03 2.452018e+00 5.600445e-01 -3.959875e-01 -8.222120e-01
100026.2 90.75 5.005583e+00 3.911386e-03 2.454052e+00 6.207982e-01 -4.040244e-01 -7.515815e-01
100037.5 90.375 5.005582e+00 3.944652e-03 2.442713e+00 6.857490e-01 -4.086489e-01 -6.831020e-01
100104.4 89.9904 5.005520e+00 3.990308e-03 2.449010e+00 7.788652e-01 -4.088764e-01 -5.848229e-01
100115.0 89.625 5.005543e+00 4.022385e-03 2.470429e+00 8.632718e-01 -4.036929e-01 -4.933208e-01
100122.8 89.2502 5.005547e+00 4.013113e-03 2.453228e+00 9.139034e-01 -4.055164e-01 -4.245992e-01
100131.0 88.8751 5.005549e+00 3.976521e-03 2.437953e+00 9.546016e-01 -4.080069e-01 -3.641817e-01
100138.6 88.5002 5.005548e+00 3.928996e-03 2.444271e+00 1.023066e+00 -4.115816e-01 -2.891557e-01
100149.9 88.1246 5.005531e+00 3.886546e-03 2.432829e+00 1.114237e+00 -4.189856e-01 -2.006249e-01
100159.8 87.7494 5.005557e+00 3.855835e-03 2.440673e+00 1.168281e+00 -4.192818e-01 -1.416416e-01
100209.3 87.3747 5.005559e+00 3.849328e-03 2.456414e+00 1.214586e+00 -4.124926e-01 -8.269384e-02
100221.6 87.0007 5.005533e+00 3.879931e-03 2.463805e+00 1.287205e+00 -4.121524e-01 -4.902129e-03
100232.6 86.6248 5.005556e+00 3.931240e-03 2.441946e+00 1.368750e+00 -4.258712e-01 8.227282e-02
100244.8 86.2501 5.005556e+00 3.955152e-03 2.423158e+00 1.429275e+00 -4.335207e-01 1.461852e-01
100252.3 85.8752 5.005548e+00 3.938930e-03 2.422430e+00 1.476517e+00 -4.454141e-01 2.025749e-01
100300.5 85.5001 5.005532e+00 3.922997e-03 2.414988e+00 1.545526e+00 -4.502563e-01 2.775758e-01
100311.2 85.1253 5.005563e+00 3.905934e-03 2.425020e+00 1.618782e+00 -4.408567e-01 3.546456e-01
100320.4 84.7505 5.005571e+00 3.892554e-03 2.444039e+00 1.664878e+00 -4.404850e-01 4.135069e-01
100330.6 84.3741 5.005568e+00 3.882665e-03 2.440935e+00 1.705408e+00 -4.343576e-01 4.574650e-01
100341.8 83.9999 5.005534e+00 3.885164e-03 2.418699e+00 1.762956e+00 -4.452533e-01 5.249100e-01
100350.3 83.6258 5.005607e+00 3.888834e-03 2.408228e+00 1.828931e+00 -4.569422e-01 6.030716e-01
100403.0 83.2506 5.005538e+00 3.886387e-03 2.401621e+00 1.869513e+00 -4.614535e-01 6.553578e-01
100411.2 82.8755 5.005583e+00 3.889762e-03 2.399910e+00 1.916212e+00 -4.652021e-01 7.057757e-01
100420.5 82.4999 5.005542e+00 3.900914e-03 2.417743e+00 1.976293e+00 -4.590138e-01 7.738564e-01
100431.4 82.1251 5.005550e+00 3.891032e-03 2.430012e+00 2.042509e+00 -4.543579e-01 8.497657e-01
100440.3 81.7499 5.005559e+00 3.854842e-03 2.423641e+00 2.085044e+00 -4.558076e-01 9.008002e-01
100449.1 81.3754 5.005572e+00 3.834460e-03 2.409638e+00 2.117188e+00 -4.611094e-01 9.441960e-01
100458.4 81.0006 5.005561e+00 3.844965e-03 2.404539e+00 2.176022e+00 -4.672659e-01 1.013078e+00
100506.9 80.6253 5.005532e+00 3.878840e-03 2.392719e+00 2.237658e+00 -4.762599e-01 1.082649e+00
100515.4 80.2502 5.005544e+00 3.907575e-03 2.395017e+00 2.276155e+00 -4.769039e-01 1.134397e+00
100524.7 79.8744 5.005567e+00 3.929974e-03 2.419276e+00 2.317506e+00 -4.717523e-01 1.174581e+00
100532.6 79.5 5.005618e+00 3.961226e-03 2.413344e+00 2.377326e+00 -4.732926e-01 1.237192e+00
100540.5 79.1253 5.005591e+00 3.974562e-03 2.388370e+00 2.434217e+00 -4.889655e-01 1.299871e+00
100549.0 78.7501 5.005601e+00 3.965802e-03 2.374106e+00 2.459024e+00 -4.977362e-01 1.337752e+00
100558.2 78.3748 5.005586e+00 3.951685e-03 2.366667e+00 2.476152e+00 -5.007343e-01 1.377077e+00
100609.8 78.0002 5.005534e+00 3.950880e-03 2.364451e+00 2.536634e+00 -5.015342e-01 1.433489e+00
100618.7 77.6256 5.005561e+00 3.953574e-03 2.389454e+00 2.597792e+00 -5.008194e-01 1.502658e+00
100627.2 77.2501 5.005569e+00 3.934118e-03 2.411927e+00 2.632211e+00 -4.895963e-01 1.543645e+00
100636.4 76.8743 5.005597e+00 3.905402e-03 2.392062e+00 2.649453e+00 -4.935877e-01 1.570759e+00
100644.6 76.5001 5.005571e+00 3.884193e-03 2.368541e+00 2.682267e+00 -4.971561e-01 1.619539e+00
100653.1 76.1253 5.005579e+00 3.888641e-03 2.354671e+00 2.727521e+00 -5.101271e-01 1.675881e+00
100706.0 75.7505 5.005581e+00 3.902239e-03 2.346587e+00 2.758086e+00 -5.123044e-01 1.705996e+00
100714.6 75.3749 5.005581e+00 3.906458e-03 2.358743e+00 2.783180e+00 -5.147057e-01 1.743101e+00
100723.2 75.0005 5.005576e+00 3.917283e-03 2.379781e+00 2.828496e+00 -5.090637e-01 1.800666e+00
100739.2 74.6248 5.005576e+00 3.919099e-03 2.384300e+00 2.870300e+00 -5.063790e-01 1.852552e+00
100747.0 74.2502 5.005577e+00 3.892570e-03 2.366582e+00 2.895897e+00 -5.132655e-01 1.877218e+00
100759.7 73.8751 5.005538e+00 3.843364e-03 2.365468e+00 2.903733e+00 -5.117891e-01 1.887124e+00
100811.3 73.5012 5.005561e+00 3.816352e-03 2.355263e+00 2.932050e+00 -5.244206e-01 1.935198e+00
100822.5 73.1251 5.005570e+00 3.845972e-03 2.348733e+00 2.979591e+00 -5.226942e-01 1.992162e+00
100835.1 72.7506 5.005603e+00 3.873331e-03 2.364306e+00 2.999582e+00 -5.194281e-01 2.026791e+00
100844.0 72.3749 5.005596e+00 3.899858e-03 2.378422e+00 3.017436e+00 -5.141145e-01 2.056530e+00
100852.3 72.0003 5.005567e+00 3.929470e-03 2.371568e+00 3.055725e+00 -5.279328e-01 2.094629e+00
100901.5 71.625 5.005576e+00 3.919168e-03 2.347374e+00 3.091991e+00 -5.386152e-01 2.136764e+00
100909.4 71.2499 5.005552e+00 3.849418e-03 2.339129e+00 3.096399e+00 -5.460595e-01 2.150490e+00
100917.2 70.8754 5.005580e+00 3.757967e-03 2.341839e+00 3.097317e+00 -5.395804e-01 2.170070e+00
100926.1 70.4996 5.005556e+00 3.696084e-03 2.348151e+00 3.118636e+00 -5.310710e-01 2.201273e+00
100951.6 70.1155 5.005606e+00 3.684880e-03 2.368796e+00 3.159846e+00 -5.236126e-01 2.238502e+00
101003.2 69.7498 5.005566e+00 3.721630e-03 2.372833e+00 3.175925e+00 -5.175908e-01 2.267307e+00
101013.4 69.3746 5.005558e+00 3.782230e-03 2.350864e+00 3.195676e+00 -5.309308e-01 2.290618e+00
101025.7 69.0006 5.005585e+00 3.861935e-03 2.333633e+00 3.226814e+00 -5.490143e-01 2.325567e+00
101034.2 68.6257 5.005573e+00 3.932829e-03 2.327294e+00 3.259033e+00 -5.601183e-01 2.364577e+00
101043.2 68.2497 5.005539e+00 3.949680e-03 2.319198e+00 3.264092e+00 -5.608614e-01 2.376792e+00
101052.4 67.8752 5.005551e+00 3.934763e-03 2.330720e+00 3.256379e+00 -5.623803e-01 2.387558e+00
101103.6 67.5003 5.005537e+00 3.937423e-03 2.349194e+00 3.309866e+00 -5.515654e-01 2.428707e+00
101114.5 67.1253 5.005600e+00 3.957371e-03 2.338883e+00 3.343518e+00 -5.543629e-01 2.464622e+00
101123.0 66.7503 5.005578e+00 3.990973e-03 2.319072e+00 3.343852e+00 -5.642716e-01 2.482574e+00
101134.3 66.3749 5.005552e+00 4.034047e-03 2.307482e+00 3.339458e+00 -5.817341e-01 2.488369e+00
101148.3 66.0007 5.005583e+00 4.101297e-03 2.296968e+00 3.351354e+00 -5.922055e-01 2.521431e+00
101230.5 65.6059 5.005605e+00 4.170207e-03 2.287728e+00 3.383973e+00 -6.007585e-01 2.560730e+00
101242.8 65.2505 5.005580e+00 4.215940e-03 2.305376e+00 3.394258e+00 -5.964675e-01 2.579859e+00
101251.3 64.8751 5.005558e+00 4.248805e-03 2.318466e+00 3.396535e+00 -5.876493e-01 2.595353e+00
101302.9 64.5 5.005569e+00 4.277609e-03 2.292700e+00 3.414916e+00 -5.971104e-01 2.615684e+00
101313.9 64.1256 5.005562e+00 4.307301e-03 2.278057e+00 3.442141e+00 -6.052670e-01 2.642600e+00
101323.1 63.75 5.005574e+00 4.317810e-03 2.277905e+00 3.440861e+00 -6.122720e-01 2.643330e+00
101333.3 63.3738 5.005594e+00 4.311185e-03 2.273272e+00 3.430494e+00 -6.107685e-01 2.635676e+00
101343.2 62.9995 5.005610e+00 4.271602e-03 2.283316e+00 3.438399e+00 -6.112779e-01 2.683547e+00
101352.1 62.6247 5.005552e+00 4.289105e-03 2.298703e+00 3.451471e+00 -6.048630e-01 2.708273e+00
101359.7 62.2507 5.005576e+00 4.292034e-03 2.290786e+00 3.439713e+00 -6.039297e-01 2.707900e+00
101408.9 61.874 5.005551e+00 4.300768e-03 2.271643e+00 3.437433e+00 -6.149708e-01 2.699059e+00
101419.5 61.4995 5.005575e+00 4.333363e-03 2.258987e+00 3.458438e+00 -6.261067e-01 2.707059e+00
101445.0 61.1153 5.005563e+00 4.364483e-03 2.255697e+00 3.471738e+00 -6.366523e-01 2.726422e+00
101455.9 60.7497 5.005504e+00 4.367468e-03 2.256395e+00 3.469146e+00 -6.361670e-01 2.731893e+00
101504.5 60.3749 5.005565e+00 4.371316e-03 2.278891e+00 3.451676e+00 -6.287031e-01 2.732897e+00
101517.5 60.0001 5.005577e+00 4.394123e-03 2.287164e+00 3.454891e+00 -6.223094e-01 2.749432e+00
101527.0 59.6257 5.005546e+00 4.415096e-03 2.262784e+00 3.460291e+00 -6.301172e-01 2.769008e+00
101534.6 59.2506 5.005555e+00 4.412935e-03 2.247323e+00 3.449855e+00 -6.360586e-01 2.764466e+00
101542.5 58.8751 5.005562e+00 4.413510e-03 2.245309e+00 3.434687e+00 -6.456177e-01 2.752427e+00
101553.4 58.5004 5.005563e+00 4.441703e-03 2.238515e+00 3.436793e+00 -6.489844e-01 2.761622e+00
101603.9 58.1251 5.005555e+00 4.467132e-03 2.240261e+00 3.448852e+00 -6.513702e-01 2.773762e+00
101612.8 57.7502 5.005579e+00 4.464148e-03 2.266417e+00 3.423264e+00 -6.428310e-01 2.755049e+00
101625.1 57.3742 5.005576e+00 4.452520e-03 2.260299e+00 3.388506e+00 -6.404234e-01 2.750203e+00
101638.2 57.0013 5.005557e+00 4.447641e-03 2.242694e+00 3.381770e+00 -6.475588e-01 2.760485e+00
101650.8 56.6252 5.005550e+00 4.458085e-03 2.240944e+00 3.405498e+00 -6.561248e-01 2.777848e+00
101658.6 56.2507 5.005587e+00 4.466659e-03 2.237915e+00 3.383091e+00 -6.584915e-01 2.762401e+00
101707.5 55.8745 5.005576e+00 4.458666e-03 2.235277e+00 3.359949e+00 -6.574754e-01 2.746960e+00
101716.0 55.5001 5.005576e+00 4.458331e-03 2.238603e+00 3.340991e+00 -6.566144e-01 2.743084e+00
101726.9 55.1247 5.005579e+00 4.461259e-03 2.257144e+00 3.341614e+00 -6.496590e-01 2.743969e+00
101735.8 54.7495 5.005578e+00 4.441753e-03 2.245574e+00 3.311948e+00 -6.544492e-01 2.731640e+00
101745.3 54.3744 5.005538e+00 4.433729e-03 2.235289e+00 3.279516e+00 -6.566767e-01 2.713390e+00
101754.5 54.0007 5.005539e+00 4.458002e-03 2.225121e+00 3.274803e+00 -6.664048e-01 2.716253e+00
101803.7 53.6251 5.005555e+00 4.497522e-03 2.218002e+00 3.277272e+00 -6.703591e-01 2.716275e+00
101816.3 53.25 5.005522e+00 4.527234e-03 2.215749e+00 3.252448e+00 -6.763008e-01 2.696617e+00
101824.5 52.8751 5.005556e+00 4.570254e-03 2.226024e+00 3.232411e+00 -6.714313e-01 2.661916e+00
101833.4 52.5003 5.005569e+00 4.630391e-03 2.215179e+00 3.221315e+00 -6.760850e-01 2.666771e+00
101844.7 52.1254 5.005539e+00 4.644070e-03 2.192123e+00 3.214624e+00 -6.861596e-01 2.675713e+00
101854.2 51.7499 5.005543e+00 4.642180e-03 2.189938e+00 3.180581e+00 -6.924548e-01 2.658140e+00
101906.6 51.3739 5.005564e+00 4.643896e-03 2.191894e+00 3.136981e+00 -6.978248e-01 2.628557e+00
101915.8 51 5.005579e+00 4.671733e-03 2.186155e+00 3.114340e+00 -7.027644e-01 2.612686e+00
101928.1 50.626 5.005568e+00 4.726019e-03 2.191741e+00 3.111299e+00 -7.053192e-01 2.614352e+00
101940.5 50.2507 5.005587e+00 4.775320e-03 2.199882e+00 3.088502e+00 -7.002806e-01 2.595591e+00
101949.3 49.8754 5.005579e+00 4.808717e-03 2.182691e+00 3.053415e+00 -7.003430e-01 2.565978e+00
101958.9 49.4999 5.005589e+00 4.850315e-03 2.156696e+00 3.033611e+00 -7.168607e-01 2.565129e+00
102023.0 49.1144 5.005585e+00 4.891045e-03 2.152071e+00 3.016610e+00 -7.271134e-01 2.561582e+00
102036.0 48.7499 5.005578e+00 4.902601e-03 2.145261e+00 2.980280e+00 -7.299909e-01 2.529514e+00
102044.9 48.3754 5.005574e+00 4.907958e-03 2.147385e+00 2.944748e+00 -7.342892e-01 2.497075e+00
102054.8 48.0003 5.005560e+00 4.927756e-03 2.160650e+00 2.926606e+00 -7.353155e-01 2.484241e+00
102106.4 47.625 5.005566e+00 4.925260e-03 2.165742e+00 2.916909e+00 -7.350313e-01 2.470909e+00
102118.3 47.2492 5.005565e+00 4.893076e-03 2.147014e+00 2.869511e+00 -7.393784e-01 2.436260e+00
102126.0 46.8742 5.005566e+00 4.872707e-03 2.128614e+00 2.814317e+00 -7.431403e-01 2.391696e+00
102134.5 46.5002 5.005591e+00 4.861483e-03 2.128320e+00 2.780365e+00 -7.436239e-01 2.359320e+00
102143.0 46.1249 5.005563e+00 4.823125e-03 2.127502e+00 2.756763e+00 -7.475503e-01 2.338655e+00
102152.9 45.7498 5.005589e+00 4.751369e-03 2.153440e+00 2.698709e+00 -7.404309e-01 2.300414e+00
102202.5 45.3748 5.005617e+00 4.688512e-03 2.182081e+00 2.639314e+00 -7.286691e-01 2.254131e+00
102211.8 44.9997 5.005610e+00 4.653910e-03 2.165451e+00 2.599065e+00 -7.214292e-01 2.224750e+00
102220.3 44.6247 5.005579e+00 4.640763e-03 2.145997e+00 2.577170e+00 -7.300162e-01 2.199047e+00
102228.2 44.25 5.005607e+00 4.624910e-03 2.138866e+00 2.532041e+00 -7.362012e-01 2.162345e+00
102238.3 43.8742 5.005572e+00 4.598615e-03 2.139015e+00 2.476372e+00 -7.364308e-01 2.115861e+00
102247.0 43.5002 5.005612e+00 4.591134e-03 2.137048e+00 2.436174e+00 -7.415793e-01 2.092335e+00
102255.2 43.1254 5.005568e+00 4.573845e-03 2.154630e+00 2.402557e+00 -7.336405e-01 2.073620e+00
102305.8 42.7497 5.005557e+00 4.528813e-03 2.174052e+00 2.345334e+00 -7.251909e-01 2.030451e+00
102344.9 42.3544 5.005594e+00 4.470652e-03 2.152961e+00 2.279772e+00 -7.221290e-01 1.965485e+00
102355.1 42.0003 5.005593e+00 4.455880e-03 2.142948e+00 2.234059e+00 -7.326821e-01 1.934771e+00
102407.4 41.6252 5.005557e+00 4.475339e-03 2.131173e+00 2.205297e+00 -7.439954e-01 1.904375e+00
102415.6 41.2502 5.005596e+00 4.482141e-03 2.127722e+00 2.150553e+00 -7.448332e-01 1.852565e+00
102423.5 40.8752 5.005592e+00 4.476571e-03 2.139828e+00 2.087877e+00 -7.432214e-01 1.798123e+00
102435.0 40.5002 5.005579e+00 4.477659e-03 2.156106e+00 2.043081e+00 -7.354169e-01 1.766704e+00
102446.3 40.1261 5.005587e+00 4.469527e-03 2.153313e+00 2.007295e+00 -7.310576e-01 1.742372e+00
102454.5 39.7502 5.005543e+00 4.448293e-03 2.142229e+00 1.938620e+00 -7.406784e-01 1.691969e+00
102505.1 39.3746 5.005581e+00 4.436775e-03 2.132882e+00 1.867102e+00 -7.433814e-01 1.633520e+00
102513.7 39.0001 5.005550e+00 4.452198e-03 2.118333e+00 1.815316e+00 -7.509836e-01 1.591537e+00
102525.3 38.6252 5.005533e+00 4.478392e-03 2.108596e+00 1.783146e+00 -7.592466e-01 1.552259e+00
102533.2 38.2509 5.005558e+00 4.480830e-03 2.133990e+00 1.727248e+00 -7.562095e-01 1.503000e+00
102541.3 37.8746 5.005559e+00 4.456125e-03 2.150573e+00 1.653790e+00 -7.437056e-01 1.444380e+00
102549.2 37.5 5.005598e+00 4.441636e-03 2.129734e+00 1.598627e+00 -7.527368e-01 1.399902e+00
102556.7 37.1259 5.005550e+00 4.452306e-03 2.112924e+00 1.549867e+00 -7.656176e-01 1.358696e+00
102606.9 36.7496 5.005579e+00 4.464208e-03 2.116146e+00 1.485692e+00 -7.687371e-01 1.303231e+00
102619.3 36.3742 5.005582e+00 4.458664e-03 2.103853e+00 1.403798e+00 -7.665526e-01 1.237708e+00
102629.2 35.9996 5.005595e+00 4.467329e-03 2.102434e+00 1.364988e+00 -7.689620e-01 1.194161e+00
102638.5 35.6251 5.005588e+00 4.463031e-03 2.128283e+00 1.333138e+00 -7.641665e-01 1.151300e+00
102646.0 35.25 5.005539e+00 4.439598e-03 2.119746e+00 1.256136e+00 -7.536829e-01 1.087644e+00
102653.9 34.8751 5.005550e+00 4.431543e-03 2.107458e+00 1.163312e+00 -7.600651e-01 1.017837e+00
102705.8 34.5 5.005573e+00 4.454266e-03 2.099259e+00 1.093785e+00 -7.708574e-01 9.639930e-01
102714.0 34.1255 5.005537e+00 4.472402e-03 2.086521e+00 1.036434e+00 -7.832585e-01 9.203021e-01
102722.5 33.7506 5.005544e+00 4.470683e-03 2.084927e+00 9.616351e-01 -7.868565e-01 8.528099e-01
102730.7 33.3749 5.005550e+00 4.464976e-03 2.096481e+00 8.874878e-01 -7.742709e-01 7.910149e-01
102740.6 32.9997 5.005529e+00 4.481693e-03 2.117434e+00 8.328322e-01 -7.689378e-01 7.340491e-01
102752.5 32.6252 5.005565e+00 4.507716e-03 2.095718e+00 7.799851e-01 -7.750847e-01 6.853214e-01
102801.1 32.2509 5.005564e+00 4.518577e-03 2.076667e+00 7.077797e-01 -7.836180e-01 6.156469e-01
102809.6 31.8757 5.005575e+00 4.536942e-03 2.075103e+00 6.251457e-01 -7.939048e-01 5.355820e-01
102821.6 31.5001 5.005561e+00 4.561608e-03 2.062609e+00 5.562264e-01 -7.977975e-01 4.934349e-01
102829.1 31.1254 5.005597e+00 4.546486e-03 2.071144e+00 4.939801e-01 -7.995438e-01 4.519230e-01
102838.4 30.7497 5.005552e+00 4.488090e-03 2.096869e+00 3.993232e-01 -7.908540e-01 3.741800e-01
102853.4 30.374 5.005582e+00 4.405387e-03 2.109592e+00 3.007265e-01 -7.724146e-01 2.754982e-01
102902.9 30 5.005580e+00 4.326885e-03 2.094019e+00 2.291950e-01 -7.769298e-01 1.948644e-01
102912.8 29.6252 5.005584e+00 4.289208e-03 2.083169e+00 1.648069e-01 -7.832314e-01 1.259975e-01
102921.0 29.2504 5.005599e+00 4.278608e-03 2.078255e+00 8.162201e-02 -7.873541e-01 4.550934e-02
102928.9 28.8754 5.005570e+00 4.266244e-03 2.071569e+00 -1.135691e-02 -7.892104e-01 -2.762904e-02
102940.8 28.5003 5.005604e+00 4.282065e-03 2.084290e+00 -9.123645e-02 -7.819816e-01 -8.279005e-02
102948.7 28.1257 5.005592e+00 4.315074e-03 2.098378e+00 -1.627649e-01 -7.804395e-01 -1.394654e-01
102957.9 27.7502 5.005562e+00 4.321689e-03 2.096465e+00 -2.532023e-01 -7.793604e-01 -2.125572e-01
103006.1 27.3753 5.005576e+00 4.309970e-03 2.077179e+00 -3.410168e-01 -7.860796e-01 -2.999682e-01
103015.6 27.0004 5.005582e+00 4.319339e-03 2.072369e+00 -4.035631e-01 -7.913315e-01 -3.774171e-01
103028.9 26.6254 5.005578e+00 4.342333e-03 2.061604e+00 -4.643129e-01 -7.980559e-01 -4.440235e-01
103036.8 26.2502 5.005539e+00 4.347352e-03 2.054610e+00 -5.647763e-01 -7.999078e-01 -5.331053e-01
103044.7 25.875 5.005595e+00 4.326981e-03 2.072912e+00 -6.781671e-01 -7.927508e-01 -6.184894e-01
103052.5 25.5002 5.005575e+00 4.313396e-03 2.102798e+00 -7.540056e-01 -7.805185e-01 -6.853595e-01
103103.8 25.1255 5.005561e+00 4.303498e-03 2.076070e+00 -8.206863e-01 -7.893530e-01 -7.501803e-01
103114.3 24.7496 5.005565e+00 4.285354e-03 2.069252e+00 -9.190468e-01 -7.979341e-01 -8.381462e-01
103124.6 24.3746 5.005541e+00 4.283204e-03 2.058638e+00 -1.032237e+00 -7.990249e-01 -9.381865e-01
103133.4 24.0003 5.005557e+00 4.304468e-03 2.049506e+00 -1.108338e+00 -8.087015e-01 -1.018374e+00
103156.6 23.6157 5.005603e+00 4.336324e-03 2.058732e+00 -1.179029e+00 -8.065870e-01 -1.095408e+00
103204.5 23.2506 5.005602e+00 4.334329e-03 2.077095e+00 -1.273221e+00 -7.934214e-01 -1.181822e+00
103212.3 22.8752 5.005594e+00 4.315637e-03 2.070100e+00 -1.382141e+00 -7.903722e-01 -1.273838e+00
103222.9 22.5 5.005613e+00 4.307397e-03 2.049381e+00 -1.472724e+00 -7.990994e-01 -1.342279e+00
103234.5 22.1255 5.005575e+00 4.307112e-03 2.047784e+00 -1.555119e+00 -7.988120e-01 -1.412600e+00
103243.7 21.7506 5.005569e+00 4.318227e-03 2.036030e+00 -1.662367e+00 -8.109287e-01 -1.511910e+00
103252.7 21.3751 5.005578e+00 4.339522e-03 2.027533e+00 -1.768027e+00 -8.159041e-01 -1.620740e+00
103304.0 20.9998 5.005532e+00 4.365482e-03 2.046780e+00 -1.860322e+00 -8.105646e-01 -1.701215e+00
103315.9 20.6252 5.005605e+00 4.405662e-03 2.044618e+00 -1.941011e+00 -8.048684e-01 -1.764220e+00
103324.1 20.2499 5.005557e+00 4.441465e-03 2.024424e+00 -2.048218e+00 -8.108074e-01 -1.864585e+00
103333.0 19.8749 5.005544e+00 4.470324e-03 2.014502e+00 -2.160675e+00 -8.248773e-01 -1.967891e+00
103340.8 19.5002 5.005601e+00 4.499511e-03 2.013611e+00 -2.244438e+00 -8.298912e-01 -2.050877e+00
103349.7 19.1254 5.005565e+00 4.509872e-03 2.010383e+00 -2.340366e+00 -8.406682e-01 -2.126001e+00
103359.5 18.7491 5.005546e+00 4.483341e-03 2.023481e+00 -2.454559e+00 -8.322990e-01 -2.227314e+00
103408.4 18.3748 5.005565e+00 4.447633e-03 2.042593e+00 -2.573697e+00 -8.234773e-01 -2.338379e+00
103419.0 17.9997 5.005599e+00 4.417281e-03 2.024551e+00 -2.668688e+00 -8.178400e-01 -2.428796e+00
103427.8 17.6252 5.005579e+00 4.379528e-03 2.006177e+00 -2.765030e+00 -8.249040e-01 -2.522721e+00
103436.3 17.2499 5.005538e+00 4.324618e-03 2.011295e+00 -2.888330e+00 -8.236983e-01 -2.635530e+00
103445.3 16.8746 5.005544e+00 4.263829e-03 2.015532e+00 -3.017753e+00 -8.191761e-01 -2.754821e+00
103453.2 16.5008 5.005595e+00 4.233782e-03 2.013504e+00 -3.116730e+00 -8.228118e-01 -2.858610e+00
103501.4 16.1255 5.005558e+00 4.211295e-03 2.033778e+00 -3.208244e+00 -8.166462e-01 -2.944940e+00
103514.0 15.7499 5.005549e+00 4.182093e-03 2.043151e+00 -3.323200e+00 -8.065972e-01 -3.068280e+00
103523.5 15.3748 5.005587e+00 4.145478e-03 2.017163e+00 -3.459080e+00 -8.098247e-01 -3.179021e+00
103532.7 15.0003 5.005591e+00 4.125348e-03 2.005501e+00 -3.568223e+00 -8.088917e-01 -3.282100e+00
103544.7 14.6256 5.005566e+00 4.111073e-03 1.999443e+00 -3.666129e+00 -8.147833e-01 -3.374378e+00
103552.3 14.2502 5.005580e+00 4.089608e-03 2.007176e+00 -3.793982e+00 -8.115684e-01 -3.494324e+00
103600.8 13.875 5.005568e+00 4.070348e-03 2.025930e+00 -3.927368e+00 -8.076815e-01 -3.617023e+00
103609.0 13.5006 5.005580e+00 4.060076e-03 2.046625e+00 -4.037995e+00 -8.035036e-01 -3.719833e+00
103616.8 13.126 5.005605e+00 4.050503e-03 2.047882e+00 -4.146335e+00 -8.008883e-01 -3.813993e+00
103625.7 12.7499 5.005634e+00 4.032061e-03 2.033201e+00 -4.272516e+00 -8.037514e-01 -3.935076e+00
103634.9 12.3744 5.005608e+00 4.025107e-03 2.021903e+00 -4.405289e+00 -8.033532e-01 -4.057299e+00
103647.9 12.0002 5.005565e+00 4.033540e-03 2.009791e+00 -4.516955e+00 -8.081160e-01 -4.159589e+00
103656.8 11.6252 5.005580e+00 4.036055e-03 2.011719e+00 -4.615859e+00 -8.088532e-01 -4.250256e+00
103704.6 11.2503 5.005600e+00 4.000185e-03 2.043212e+00 -4.749539e+00 -8.061040e-01 -4.369830e+00
103713.5 10.8742 5.005596e+00 3.966761e-03 2.076771e+00 -4.888912e+00 -7.900395e-01 -4.502970e+00
103721.3 10.5008 5.005638e+00 3.961422e-03 2.068955e+00 -5.008742e+00 -7.933799e-01 -4.616864e+00
103730.2 10.1249 5.005579e+00 3.989420e-03 2.040081e+00 -5.122497e+00 -8.066538e-01 -4.714758e+00
103741.8 9.75019 5.005567e+00 3.997403e-03 1.996905e+00 -5.258206e+00 -8.199264e-01 -4.837772e+00
103754.4 9.37444 5.005616e+00 3.999313e-03 1.955471e+00 -5.391681e+00 -8.205207e-01 -4.969452e+00
103802.9 8.99984 5.005589e+00 4.023310e-03 1.954051e+00 -5.501826e+00 -8.214147e-01 -5.087082e+00
103816.3 8.62516 5.005589e+00 4.041194e-03 1.994736e+00 -5.611738e+00 -8.116226e-01 -5.195804e+00
103824.8 8.24972 5.005563e+00 4.004919e-03 2.074216e+00 -5.763709e+00 -7.861364e-01 -5.323409e+00
103833.3 7.87543 5.005585e+00 3.995443e-03 2.172717e+00 -5.921224e+00 -7.673480e-01 -5.461748e+00
103841.2 7.50056 5.005610e+00 4.020995e-03 2.330405e+00 -6.050777e+00 -7.446097e-01 -5.576095e+00
103853.5 7.12481 5.005603e+00 4.057371e-03 2.461928e+00 -6.168388e+00 -7.198189e-01 -5.686954e+00
103907.8 6.74981 5.005569e+00 4.069371e-03 2.561258e+00 -6.314287e+00 -6.886943e-01 -5.820043e+00
103917.0 6.37501 5.005569e+00 4.099953e-03 2.636725e+00 -6.448928e+00 -6.524531e-01 -5.956597e+00
104000.6 5.98033 5.005580e+00 4.157032e-03 2.682647e+00 -6.584928e+00 -6.255569e-01 -6.080368e+00
104009.4 6.00008 5.005614e+00 4.180273e-03 2.697784e+00 -6.714205e+00 -6.266541e-01 -6.187708e+00
104017.6 5.25068 5.005602e+00 4.159757e-03 2.687252e+00 -6.894122e+00 -6.479036e-01 -6.325879e+00
104025.1 4.87588 5.005556e+00 4.140766e-03 2.663937e+00 -7.084308e+00 -6.838468e-01 -6.473432e+00
104037.0 4.50056 5.005592e+00 4.155294e-03 2.650141e+00 -7.232621e+00 -7.016000e-01 -6.601988e+00
104048.6 4.125 5.005597e+00 4.190191e-03 2.641181e+00 -7.331068e+00 -6.969000e-01 -6.708081e+00
104101.3 3.74994 5.005588e+00 4.252422e-03 2.642651e+00 -7.417124e+00 -6.441022e-01 -6.828011e+00
104237.4 3.375 NaN NaN NaN NaN NaN NaN
104413.4 3 NaN NaN NaN NaN NaN NaN
104440.4 2.61708 5.005581e+00 4.674130e-03 2.501516e+00 -7.562837e+00 -4.115360e-01 -7.183128e+00
104448.3 2.24996 5.005567e+00 4.741012e-03 2.483868e+00 -7.676232e+00 -3.397106e-01 -7.311120e+00
104459.9 1.87471 5.005563e+00 4.750159e-03 2.469102e+00 -7.840904e+00 -2.775118e-01 -7.458237e+00
104509.1 1.50067 5.005589e+00 4.755469e-03 2.480807e+00 -8.006901e+00 -2.384012e-01 -7.595412e+00
104518.4 1.12416 5.005547e+00 4.782025e-03 2.493459e+00 -8.178423e+00 -1.933124e-01 -7.745276e+00
