% Fogale DL Rail Calibration results.
% DL=1, Date=2016-03-23T08:41:45
% Tunnel Temperature=17.89 oC
% Scan Range: 1.125 - 118.875 mOPL
% Metrology used: ENCODERS
% Sensors: CALIBRATED
% Name=NSC
% Comment=not executed at night
% WPS-Sensor tunnel center: WPS-2D-7CF-014
% WPS-Sensor tunnel end: WPS-2D-7D0-002
% DOMS-Sensor: DOM-7D2-003 S-330
% INCLINOMETER-Sensor: Inclinix
% TIMESTAMP[hhmmss.s] OPL-POSITION[m] DOMS[mm] INCL[rad] WPSTctrY[mm] WPSTctrZ[mm] WPSTendY[mm] WPSTendZ[mm]
084226.1 1.12867 5.005558e+00 4.781816e-03 2.499598e+00 -8.176730e+00 -1.920718e-01 -7.744607e+00
084237.0 1.49902 5.005550e+00 4.756067e-03 2.506121e+00 -8.007648e+00 -1.973527e-01 -7.596747e+00
084246.5 1.87421 5.005558e+00 4.748638e-03 2.493317e+00 -7.841211e+00 -2.094696e-01 -7.459013e+00
084254.4 2.24907 5.005550e+00 4.740525e-03 2.506977e+00 -7.676576e+00 -2.401246e-01 -7.312263e+00
084307.0 2.62515 5.005531e+00 4.667773e-03 2.522745e+00 -7.559641e+00 -2.899719e-01 -7.181078e+00
084318.6 3.00109 5.005537e+00 4.523567e-03 2.566065e+00 -7.519971e+00 -3.677470e-01 -7.069924e+00
084327.2 3.37526 5.005567e+00 4.357230e-03 2.626081e+00 -7.482892e+00 -4.724645e-01 -6.962562e+00
084336.0 3.75051 5.005563e+00 4.255298e-03 2.652506e+00 -7.415285e+00 -5.927969e-01 -6.828817e+00
084344.2 4.12462 5.005568e+00 4.191654e-03 2.653346e+00 -7.329904e+00 -6.846208e-01 -6.708872e+00
084354.4 4.50088 5.005559e+00 4.154121e-03 2.653487e+00 -7.231200e+00 -7.359084e-01 -6.601529e+00
084406.5 4.87511 5.005578e+00 4.140867e-03 2.663376e+00 -7.083620e+00 -7.644658e-01 -6.473445e+00
084417.7 5.25011 5.005535e+00 4.161789e-03 2.679297e+00 -6.892569e+00 -7.713435e-01 -6.325274e+00
084426.3 5.62516 5.005546e+00 4.182419e-03 2.690990e+00 -6.712019e+00 -7.597366e-01 -6.186762e+00
084435.1 6.00041 5.005563e+00 4.159220e-03 2.674435e+00 -6.576251e+00 -7.451875e-01 -6.072856e+00
084445.0 6.3745 5.005567e+00 4.103101e-03 2.639013e+00 -6.447223e+00 -7.536223e-01 -5.955891e+00
084453.2 6.75019 5.005568e+00 4.069131e-03 2.568089e+00 -6.312732e+00 -7.790080e-01 -5.819074e+00
084504.1 7.12532 5.005590e+00 4.059113e-03 2.470065e+00 -6.167452e+00 -8.042800e-01 -5.686195e+00
084515.7 7.50037 5.005568e+00 4.026354e-03 2.339443e+00 -6.049938e+00 -8.247354e-01 -5.575163e+00
084528.2 7.87473 5.005545e+00 3.999089e-03 2.188960e+00 -5.919849e+00 -8.330636e-01 -5.461219e+00
084540.8 8.24909 5.005582e+00 4.006800e-03 2.086437e+00 -5.762412e+00 -8.340695e-01 -5.322972e+00
084552.5 8.62529 5.005557e+00 4.044286e-03 2.007051e+00 -5.610387e+00 -8.409290e-01 -5.194734e+00
084605.8 8.99997 5.005583e+00 4.024531e-03 1.964157e+00 -5.499672e+00 -8.450345e-01 -5.085304e+00
084618.7 9.37488 5.005563e+00 3.998599e-03 1.965706e+00 -5.390138e+00 -8.478390e-01 -4.968177e+00
084632.3 9.75032 5.005549e+00 3.997257e-03 1.996458e+00 -5.255986e+00 -8.481739e-01 -4.836107e+00
084641.2 10.1253 5.005598e+00 3.990714e-03 2.045635e+00 -5.120560e+00 -8.330665e-01 -4.713542e+00
084650.1 10.4996 5.005542e+00 3.964055e-03 2.077464e+00 -5.007087e+00 -8.236261e-01 -4.615794e+00
084659.6 10.8751 5.005531e+00 3.966295e-03 2.084760e+00 -4.887454e+00 -8.211691e-01 -4.501379e+00
084712.2 11.2495 5.005552e+00 4.002563e-03 2.060171e+00 -4.748742e+00 -8.294593e-01 -4.369109e+00
084721.1 11.6247 5.005598e+00 4.035230e-03 2.022867e+00 -4.614315e+00 -8.324772e-01 -4.249092e+00
084730.6 12.0007 5.005588e+00 4.034943e-03 2.016234e+00 -4.514938e+00 -8.343165e-01 -4.158097e+00
084739.9 12.3744 5.005581e+00 4.024801e-03 2.027319e+00 -4.403045e+00 -8.279827e-01 -4.056098e+00
084748.4 12.7497 5.005563e+00 4.033360e-03 2.039241e+00 -4.269828e+00 -8.261525e-01 -3.933842e+00
084755.9 13.1246 5.005543e+00 4.052419e-03 2.051167e+00 -4.144379e+00 -8.239159e-01 -3.812763e+00
084803.8 13.4996 5.005565e+00 4.059268e-03 2.059291e+00 -4.036834e+00 -8.193437e-01 -3.719024e+00
084811.7 13.8747 5.005619e+00 4.071508e-03 2.037804e+00 -3.925128e+00 -8.202769e-01 -3.615701e+00
084822.3 14.2501 5.005579e+00 4.088423e-03 2.016256e+00 -3.791553e+00 -8.264281e-01 -3.492830e+00
084832.2 14.6257 5.005578e+00 4.111476e-03 2.009450e+00 -3.663993e+00 -8.285125e-01 -3.372949e+00
084841.4 14.9998 5.005603e+00 4.126251e-03 2.010425e+00 -3.564823e+00 -8.187670e-01 -3.280600e+00
084853.7 15.3748 5.005591e+00 4.144427e-03 2.023706e+00 -3.456083e+00 -8.191083e-01 -3.177596e+00
084903.6 15.7499 5.005552e+00 4.183234e-03 2.049588e+00 -3.320373e+00 -8.152954e-01 -3.066646e+00
084912.1 16.1256 5.005607e+00 4.210961e-03 2.046515e+00 -3.205730e+00 -8.230235e-01 -2.944375e+00
084920.6 16.4999 5.005569e+00 4.234115e-03 2.031280e+00 -3.114048e+00 -8.298427e-01 -2.857465e+00
084929.2 16.8746 5.005600e+00 4.265410e-03 2.024187e+00 -3.015500e+00 -8.292900e-01 -2.754162e+00
084941.2 17.2497 5.005596e+00 4.323869e-03 2.019303e+00 -2.886353e+00 -8.353836e-01 -2.635537e+00
084949.8 17.6245 5.005605e+00 4.379707e-03 2.017009e+00 -2.763184e+00 -8.359278e-01 -2.522624e+00
085003.2 17.9996 5.005588e+00 4.418121e-03 2.033920e+00 -2.666643e+00 -8.284046e-01 -2.428179e+00
085015.8 18.3752 5.005620e+00 4.448995e-03 2.053060e+00 -2.571828e+00 -8.311600e-01 -2.337419e+00
085028.0 18.7492 5.005576e+00 4.481679e-03 2.037070e+00 -2.451798e+00 -8.374480e-01 -2.226097e+00
085036.6 19.1244 5.005577e+00 4.510916e-03 2.019422e+00 -2.338853e+00 -8.489853e-01 -2.125886e+00
085045.4 19.4999 5.005581e+00 4.498286e-03 2.027141e+00 -2.242141e+00 -8.412791e-01 -2.049365e+00
085053.9 19.8743 5.005611e+00 4.469767e-03 2.026838e+00 -2.157856e+00 -8.388726e-01 -1.966989e+00
085104.2 20.2498 5.005583e+00 4.438786e-03 2.035714e+00 -2.046106e+00 -8.257672e-01 -1.863133e+00
085112.1 20.6247 5.005596e+00 4.405693e-03 2.054218e+00 -1.939269e+00 -8.194518e-01 -1.764072e+00
085120.7 20.9993 5.005589e+00 4.366432e-03 2.057363e+00 -1.859082e+00 -8.188169e-01 -1.700528e+00
085129.5 21.3746 5.005559e+00 4.339159e-03 2.044680e+00 -1.766622e+00 -8.248360e-01 -1.619316e+00
085138.4 21.7499 5.005558e+00 4.319550e-03 2.044387e+00 -1.660658e+00 -8.250711e-01 -1.511027e+00
085146.2 22.1259 5.005600e+00 4.306193e-03 2.054393e+00 -1.553091e+00 -8.178765e-01 -1.412016e+00
085154.4 22.5002 5.005597e+00 4.306520e-03 2.058606e+00 -1.470521e+00 -8.155536e-01 -1.341193e+00
085202.9 22.8743 5.005566e+00 4.314603e-03 2.080260e+00 -1.380057e+00 -8.064041e-01 -1.272388e+00
085211.1 23.2499 5.005597e+00 4.336397e-03 2.086456e+00 -1.271471e+00 -8.029503e-01 -1.181256e+00
085220.6 23.6247 5.005589e+00 4.336987e-03 2.073466e+00 -1.174764e+00 -8.133307e-01 -1.092332e+00
085232.9 23.9998 5.005565e+00 4.305085e-03 2.059967e+00 -1.105944e+00 -8.192325e-01 -1.017444e+00
085246.2 24.3747 5.005573e+00 4.281793e-03 2.066815e+00 -1.030957e+00 -8.141841e-01 -9.373555e-01
085257.8 24.7501 5.005575e+00 4.285087e-03 2.077209e+00 -9.174631e-01 -8.155425e-01 -8.377668e-01
085307.0 25.1257 5.005533e+00 4.304724e-03 2.081248e+00 -8.185054e-01 -8.073610e-01 -7.499121e-01
085314.5 25.4994 5.005547e+00 4.315672e-03 2.111689e+00 -7.522219e-01 -7.976604e-01 -6.843944e-01
085335.3 25.8649 5.005563e+00 4.327175e-03 2.077736e+00 -6.788415e-01 -8.031290e-01 -6.192252e-01
085343.8 26.2499 5.005568e+00 4.347091e-03 2.071516e+00 -5.623792e-01 -8.094758e-01 -5.316617e-01
085352.1 26.6245 5.005558e+00 4.341468e-03 2.072077e+00 -4.623099e-01 -8.116899e-01 -4.424970e-01
085404.0 27.0002 5.005570e+00 4.316726e-03 2.081967e+00 -4.020551e-01 -8.088222e-01 -3.768922e-01
085417.7 27.3741 5.005584e+00 4.310703e-03 2.087745e+00 -3.395907e-01 -8.024472e-01 -2.994594e-01
085430.4 27.7496 5.005549e+00 4.323104e-03 2.105824e+00 -2.512854e-01 -7.956704e-01 -2.119133e-01
085438.9 28.125 5.005580e+00 4.317968e-03 2.107068e+00 -1.607125e-01 -7.926482e-01 -1.384181e-01
085447.8 28.4995 5.005558e+00 4.282902e-03 2.101837e+00 -8.989951e-02 -7.893594e-01 -8.204397e-02
085455.8 28.8747 5.005585e+00 4.266575e-03 2.085666e+00 -1.039909e-02 -7.983691e-01 -2.699270e-02
085504.0 29.2495 5.005595e+00 4.277445e-03 2.090296e+00 8.333568e-02 -8.017603e-01 4.670058e-02
085512.3 29.625 5.005581e+00 4.289714e-03 2.092896e+00 1.674683e-01 -7.982114e-01 1.276485e-01
085524.2 29.9992 5.005563e+00 4.327827e-03 2.096502e+00 2.326317e-01 -7.913503e-01 1.968923e-01
085605.4 30.3543 5.005602e+00 4.397771e-03 2.103001e+00 2.998038e-01 -7.834528e-01 2.725772e-01
085617.7 30.7501 5.005565e+00 4.487044e-03 2.105829e+00 4.016031e-01 -7.981910e-01 3.755253e-01
085625.5 31.1246 5.005583e+00 4.547639e-03 2.086028e+00 4.964199e-01 -8.065684e-01 4.532775e-01
085633.8 31.4998 5.005579e+00 4.562699e-03 2.073325e+00 5.579788e-01 -8.100889e-01 4.942235e-01
085645.0 31.8755 5.005580e+00 4.536781e-03 2.084137e+00 6.270244e-01 -8.121197e-01 5.368835e-01
085654.2 32.2499 5.005603e+00 4.519759e-03 2.086199e+00 7.095895e-01 -8.001026e-01 6.169029e-01
085704.1 32.6257 5.005580e+00 4.507170e-03 2.103514e+00 7.824729e-01 -7.915449e-01 6.868261e-01
085715.0 33.0002 5.005583e+00 4.480844e-03 2.123353e+00 8.351046e-01 -7.823954e-01 7.359644e-01
085737.5 33.3643 5.005583e+00 4.465186e-03 2.100334e+00 8.887676e-01 -7.827779e-01 7.910027e-01
085746.0 33.7497 5.005579e+00 4.468610e-03 2.095920e+00 9.636809e-01 -7.976022e-01 8.542131e-01
085757.2 34.1253 5.005528e+00 4.471506e-03 2.099481e+00 1.038382e+00 -7.982956e-01 9.216000e-01
085805.1 34.4999 5.005600e+00 4.452807e-03 2.108994e+00 1.096688e+00 -7.870716e-01 9.652245e-01
085816.7 34.8744 5.005595e+00 4.432796e-03 2.117258e+00 1.165885e+00 -7.776954e-01 1.018877e+00
085825.2 35.2496 5.005578e+00 4.440219e-03 2.127602e+00 1.258029e+00 -7.699370e-01 1.088471e+00
085838.2 35.624 5.005533e+00 4.465162e-03 2.135656e+00 1.335785e+00 -7.727161e-01 1.153020e+00
085850.5 35.9994 5.005562e+00 4.466572e-03 2.116263e+00 1.367582e+00 -7.779664e-01 1.195742e+00
085904.1 36.3744 5.005587e+00 4.458468e-03 2.109537e+00 1.406398e+00 -7.779046e-01 1.238540e+00
085912.7 36.7491 5.005620e+00 4.464105e-03 2.121900e+00 1.487702e+00 -7.843901e-01 1.304150e+00
085920.2 37.1246 5.005586e+00 4.453487e-03 2.121637e+00 1.552373e+00 -7.812562e-01 1.359892e+00
085929.1 37.4996 5.005607e+00 4.442259e-03 2.140257e+00 1.600474e+00 -7.692314e-01 1.400725e+00
085940.3 37.8745 5.005615e+00 4.455131e-03 2.158800e+00 1.656026e+00 -7.606443e-01 1.445743e+00
085949.2 38.2509 5.005600e+00 4.482257e-03 2.147050e+00 1.728341e+00 -7.667288e-01 1.503405e+00
085958.4 38.6257 5.005567e+00 4.476046e-03 2.120498e+00 1.785110e+00 -7.737811e-01 1.553357e+00
090007.6 38.9998 5.005582e+00 4.452576e-03 2.125215e+00 1.818093e+00 -7.697619e-01 1.592864e+00
090016.6 39.3749 5.005605e+00 4.436680e-03 2.137988e+00 1.869306e+00 -7.636818e-01 1.634148e+00
090028.5 39.7499 5.005597e+00 4.448924e-03 2.145583e+00 1.940979e+00 -7.603879e-01 1.692483e+00
090036.7 40.125 5.005555e+00 4.471093e-03 2.160256e+00 2.008851e+00 -7.501833e-01 1.743684e+00
090044.2 40.4997 5.005573e+00 4.477068e-03 2.165157e+00 2.045274e+00 -7.465584e-01 1.768353e+00
090053.1 40.8745 5.005574e+00 4.478258e-03 2.146663e+00 2.090153e+00 -7.556983e-01 1.799292e+00
090101.0 41.2492 5.005585e+00 4.482471e-03 2.137571e+00 2.152566e+00 -7.582890e-01 1.853447e+00
090109.1 41.6252 5.005595e+00 4.476593e-03 2.138652e+00 2.207893e+00 -7.614227e-01 1.905688e+00
090118.3 42.0002 5.005572e+00 4.457517e-03 2.143308e+00 2.238229e+00 -7.477914e-01 1.936682e+00
090158.3 42.3545 5.005581e+00 4.471194e-03 2.153372e+00 2.283102e+00 -7.368835e-01 1.967491e+00
090211.6 42.7491 5.005584e+00 4.530541e-03 2.178807e+00 2.348101e+00 -7.413039e-01 2.031741e+00
090219.5 43.1249 5.005577e+00 4.574062e-03 2.164744e+00 2.405970e+00 -7.446639e-01 2.076237e+00
090228.3 43.4994 5.005614e+00 4.590284e-03 2.152696e+00 2.438071e+00 -7.542569e-01 2.093142e+00
090238.9 43.8751 5.005609e+00 4.599083e-03 2.150830e+00 2.478230e+00 -7.500128e-01 2.117039e+00
090250.8 44.2493 5.005594e+00 4.627555e-03 2.148661e+00 2.533640e+00 -7.532140e-01 2.163344e+00
090316.5 44.6151 5.005570e+00 4.641082e-03 2.147034e+00 2.579150e+00 -7.451752e-01 2.200590e+00
090328.7 44.9999 5.005571e+00 4.656017e-03 2.168369e+00 2.601765e+00 -7.350803e-01 2.226119e+00
090350.5 45.3656 5.005612e+00 4.689110e-03 2.178622e+00 2.641264e+00 -7.366210e-01 2.255433e+00
090403.9 45.7497 5.005622e+00 4.753502e-03 2.166873e+00 2.701875e+00 -7.466836e-01 2.303326e+00
090413.7 46.1251 5.005569e+00 4.822202e-03 2.140577e+00 2.758992e+00 -7.562569e-01 2.340676e+00
090421.7 46.4993 5.005556e+00 4.862258e-03 2.140079e+00 2.781363e+00 -7.553918e-01 2.360826e+00
090443.2 46.8646 5.005583e+00 4.872739e-03 2.132211e+00 2.816837e+00 -7.532311e-01 2.391499e+00
090505.3 47.2401 5.005577e+00 4.892068e-03 2.146098e+00 2.872581e+00 -7.488271e-01 2.436780e+00
090513.9 47.6247 5.005600e+00 4.925776e-03 2.172769e+00 2.919705e+00 -7.466123e-01 2.473596e+00
090522.1 48.0002 5.005596e+00 4.926741e-03 2.169876e+00 2.928980e+00 -7.473291e-01 2.485444e+00
090531.0 48.375 5.005595e+00 4.909058e-03 2.163231e+00 2.947515e+00 -7.460356e-01 2.499470e+00
090544.6 48.7498 5.005640e+00 4.901754e-03 2.151577e+00 2.983232e+00 -7.464236e-01 2.531030e+00
090554.6 49.1257 5.005620e+00 4.889643e-03 2.159664e+00 3.019181e+00 -7.470054e-01 2.562673e+00
090602.5 49.5002 5.005553e+00 4.850068e-03 2.167532e+00 3.037117e+00 -7.358395e-01 2.567676e+00
090614.8 49.8751 5.005571e+00 4.808501e-03 2.192751e+00 3.056174e+00 -7.185747e-01 2.568084e+00
090623.3 50.25 5.005614e+00 4.777222e-03 2.206785e+00 3.090302e+00 -7.152391e-01 2.597180e+00
090631.8 50.6247 5.005603e+00 4.728314e-03 2.201742e+00 3.115424e+00 -7.168586e-01 2.617021e+00
090640.3 50.9996 5.005608e+00 4.673038e-03 2.190819e+00 3.117049e+00 -7.189608e-01 2.614539e+00
090703.2 51.3651 5.005597e+00 4.646962e-03 2.190765e+00 3.139154e+00 -7.137255e-01 2.628919e+00
090716.8 51.75 5.005611e+00 4.642515e-03 2.196387e+00 3.182344e+00 -7.104072e-01 2.658549e+00
090725.0 52.1247 5.005619e+00 4.644164e-03 2.200863e+00 3.216991e+00 -7.006239e-01 2.677001e+00
090732.8 52.5002 5.005596e+00 4.629139e-03 2.222842e+00 3.224214e+00 -6.946890e-01 2.668285e+00
090740.7 52.8745 5.005578e+00 4.570838e-03 2.235601e+00 3.232348e+00 -6.894752e-01 2.660979e+00
090752.6 53.2506 5.005616e+00 4.528008e-03 2.231212e+00 3.255267e+00 -6.921747e-01 2.698337e+00
090804.2 53.6242 5.005567e+00 4.498711e-03 2.225829e+00 3.280484e+00 -6.893753e-01 2.718499e+00
090812.4 54.0003 5.005638e+00 4.458071e-03 2.231504e+00 3.275704e+00 -6.899272e-01 2.716929e+00
090825.7 54.3748 5.005618e+00 4.434968e-03 2.238165e+00 3.280559e+00 -6.789223e-01 2.713262e+00
090834.6 54.7492 5.005568e+00 4.443400e-03 2.251710e+00 3.314408e+00 -6.725531e-01 2.733489e+00
090843.1 55.1249 5.005595e+00 4.462005e-03 2.263330e+00 3.344320e+00 -6.661929e-01 2.746104e+00
090854.7 55.4997 5.005602e+00 4.458390e-03 2.252895e+00 3.343443e+00 -6.699296e-01 2.744294e+00
090902.9 55.8742 5.005620e+00 4.457353e-03 2.244349e+00 3.362023e+00 -6.726807e-01 2.748149e+00
090911.4 56.2499 5.005616e+00 4.468608e-03 2.247352e+00 3.383490e+00 -6.744970e-01 2.762247e+00
090920.3 56.6258 5.005601e+00 4.460278e-03 2.248188e+00 3.406745e+00 -6.753147e-01 2.777985e+00
090928.5 57.0002 5.005569e+00 4.448387e-03 2.249651e+00 3.383951e+00 -6.648132e-01 2.761750e+00
090939.5 57.3749 5.005612e+00 4.452972e-03 2.265524e+00 3.390300e+00 -6.604828e-01 2.751350e+00
090948.7 57.7499 5.005577e+00 4.463132e-03 2.268483e+00 3.425196e+00 -6.593869e-01 2.756246e+00
090956.5 58.1249 5.005603e+00 4.468147e-03 2.243353e+00 3.450890e+00 -6.660398e-01 2.775092e+00
091007.1 58.5004 5.005573e+00 4.441137e-03 2.248656e+00 3.438501e+00 -6.642500e-01 2.763186e+00
091017.7 58.875 5.005615e+00 4.415357e-03 2.253478e+00 3.436899e+00 -6.631333e-01 2.754358e+00
091032.4 59.2497 5.005609e+00 4.414520e-03 2.253434e+00 3.451779e+00 -6.537736e-01 2.764811e+00
091041.2 59.6249 5.005583e+00 4.415234e-03 2.271107e+00 3.461568e+00 -6.456209e-01 2.769701e+00
091055.5 59.9998 5.005563e+00 4.395800e-03 2.294121e+00 3.457176e+00 -6.362196e-01 2.750858e+00
091109.1 60.3742 5.005548e+00 4.373105e-03 2.290851e+00 3.453613e+00 -6.375595e-01 2.734680e+00
091117.7 60.7498 5.005592e+00 4.365632e-03 2.266534e+00 3.471740e+00 -6.457485e-01 2.733918e+00
091128.6 61.1257 5.005597e+00 4.362042e-03 2.264854e+00 3.473766e+00 -6.486558e-01 2.726931e+00
091136.8 61.4994 5.005593e+00 4.331210e-03 2.269122e+00 3.460377e+00 -6.453612e-01 2.708028e+00
091150.1 61.8733 5.005600e+00 4.301420e-03 2.278030e+00 3.439695e+00 -6.352585e-01 2.700209e+00
091158.2 62.25 5.005559e+00 4.291442e-03 2.297311e+00 3.441396e+00 -6.242133e-01 2.709553e+00
091206.2 62.6241 5.005553e+00 4.288546e-03 2.305601e+00 3.452981e+00 -6.221561e-01 2.709652e+00
091214.3 62.9997 5.005585e+00 4.271541e-03 2.294498e+00 3.440187e+00 -6.267796e-01 2.685325e+00
091236.8 63.3654 5.005557e+00 4.310876e-03 2.272077e+00 3.433969e+00 -6.290284e-01 2.637807e+00
091245.7 63.7491 5.005555e+00 4.316674e-03 2.284728e+00 3.442658e+00 -6.347080e-01 2.645064e+00
091253.6 64.125 5.005597e+00 4.307711e-03 2.283563e+00 3.445121e+00 -6.261570e-01 2.644811e+00
091303.4 64.5002 5.005590e+00 4.279620e-03 2.301773e+00 3.417790e+00 -6.182628e-01 2.618145e+00
091311.4 64.8745 5.005561e+00 4.247642e-03 2.324886e+00 3.397823e+00 -6.098155e-01 2.596994e+00
091319.6 65.2499 5.005619e+00 4.215574e-03 2.315853e+00 3.395766e+00 -6.144970e-01 2.581647e+00
091330.8 65.6259 5.005570e+00 4.167978e-03 2.299951e+00 3.385318e+00 -6.158147e-01 2.560824e+00
091341.4 65.9998 5.005603e+00 4.099443e-03 2.300241e+00 3.352601e+00 -6.129953e-01 2.522226e+00
091352.0 66.3756 5.005574e+00 4.033873e-03 2.313841e+00 3.341386e+00 -6.083993e-01 2.489662e+00
091401.0 66.7501 5.005571e+00 3.991030e-03 2.323158e+00 3.344525e+00 -5.899193e-01 2.482521e+00
091409.2 67.1251 5.005567e+00 3.959462e-03 2.340763e+00 3.344715e+00 -5.782908e-01 2.465072e+00
091417.4 67.4996 5.005535e+00 3.939099e-03 2.359683e+00 3.312692e+00 -5.683466e-01 2.431773e+00
091428.3 67.8753 5.005591e+00 3.936165e-03 2.339999e+00 3.257388e+00 -5.774915e-01 2.388042e+00
091436.5 68.2492 5.005546e+00 3.952427e-03 2.328965e+00 3.264918e+00 -5.778631e-01 2.377267e+00
091446.5 68.625 5.005604e+00 3.934966e-03 2.331041e+00 3.260192e+00 -5.815415e-01 2.364673e+00
091459.7 69 5.005546e+00 3.863719e-03 2.333405e+00 3.228414e+00 -5.727365e-01 2.326114e+00
091511.0 69.3746 5.005566e+00 3.784235e-03 2.356380e+00 3.196541e+00 -5.548356e-01 2.290732e+00
091519.1 69.7504 5.005599e+00 3.721441e-03 2.376989e+00 3.176998e+00 -5.382754e-01 2.267875e+00
091529.7 70.1257 5.005574e+00 3.685544e-03 2.372959e+00 3.158131e+00 -5.375500e-01 2.237678e+00
091537.7 70.4995 5.005522e+00 3.696006e-03 2.361948e+00 3.119934e+00 -5.416314e-01 2.202040e+00
091545.9 70.8749 5.005561e+00 3.756006e-03 2.351036e+00 3.098956e+00 -5.531235e-01 2.171385e+00
091558.5 71.2496 5.005580e+00 3.851864e-03 2.344814e+00 3.097420e+00 -5.661500e-01 2.151368e+00
091607.0 71.6243 5.005571e+00 3.920030e-03 2.350420e+00 3.094174e+00 -5.611392e-01 2.137600e+00
091616.6 72 5.005586e+00 3.931366e-03 2.372321e+00 3.057195e+00 -5.516801e-01 2.094718e+00
091625.4 72.3743 5.005573e+00 3.901214e-03 2.383175e+00 3.018338e+00 -5.358311e-01 2.056737e+00
091634.9 72.7497 5.005570e+00 3.873815e-03 2.374936e+00 3.000414e+00 -5.333093e-01 2.026910e+00
091642.8 73.1249 5.005553e+00 3.847919e-03 2.360154e+00 2.980560e+00 -5.345121e-01 1.992399e+00
091650.6 73.4997 5.005573e+00 3.817001e-03 2.365282e+00 2.932771e+00 -5.399650e-01 1.936157e+00
091712.4 73.8642 5.005534e+00 3.844400e-03 2.364104e+00 2.905956e+00 -5.312371e-01 1.887779e+00
091721.3 74.2496 5.005562e+00 3.892816e-03 2.373702e+00 2.896716e+00 -5.329554e-01 1.876940e+00
091732.6 74.6252 5.005575e+00 3.919374e-03 2.390924e+00 2.871793e+00 -5.240022e-01 1.853750e+00
091742.5 75.0002 5.005587e+00 3.916538e-03 2.384316e+00 2.830249e+00 -5.207911e-01 1.802056e+00
091752.1 75.3741 5.005565e+00 3.907853e-03 2.372551e+00 2.785141e+00 -5.236707e-01 1.744511e+00
091801.9 75.7504 5.005573e+00 3.901417e-03 2.355909e+00 2.759913e+00 -5.243023e-01 1.707524e+00
091809.8 76.1244 5.005584e+00 3.888378e-03 2.359031e+00 2.729052e+00 -5.261161e-01 1.676992e+00
091822.1 76.4991 5.005579e+00 3.885578e-03 2.378129e+00 2.684814e+00 -5.111544e-01 1.621641e+00
091834.4 76.8739 5.005553e+00 3.905609e-03 2.400701e+00 2.650691e+00 -5.070554e-01 1.571739e+00
091845.0 77.2502 5.005539e+00 3.936281e-03 2.420403e+00 2.632875e+00 -5.044211e-01 1.544658e+00
091853.2 77.6248 5.005561e+00 3.952849e-03 2.403044e+00 2.598748e+00 -5.088069e-01 1.503792e+00
091902.7 77.9999 5.005598e+00 3.951546e-03 2.368262e+00 2.537622e+00 -5.117891e-01 1.434007e+00
091913.3 78.3741 5.005565e+00 3.951562e-03 2.377226e+00 2.477188e+00 -5.131327e-01 1.378541e+00
091921.8 78.7497 5.005527e+00 3.967092e-03 2.378564e+00 2.460521e+00 -5.165204e-01 1.338524e+00
091930.0 79.1241 5.005572e+00 3.977371e-03 2.392063e+00 2.435512e+00 -5.100918e-01 1.300726e+00
091940.6 79.4994 5.005532e+00 3.960933e-03 2.418893e+00 2.378665e+00 -4.942352e-01 1.238046e+00
091951.2 79.8747 5.005581e+00 3.929253e-03 2.423935e+00 2.318936e+00 -4.918273e-01 1.176305e+00
092002.1 80.2497 5.005565e+00 3.906594e-03 2.409081e+00 2.276914e+00 -4.934518e-01 1.135999e+00
092012.3 80.6251 5.005565e+00 3.878019e-03 2.400006e+00 2.238697e+00 -4.943104e-01 1.083073e+00
092021.9 81.0005 5.005559e+00 3.845680e-03 2.407282e+00 2.176750e+00 -4.902545e-01 1.013574e+00
092030.5 81.3745 5.005555e+00 3.836355e-03 2.417325e+00 2.118136e+00 -4.816219e-01 9.447378e-01
092038.7 81.7496 5.005555e+00 3.857480e-03 2.427106e+00 2.087211e+00 -4.746976e-01 9.025521e-01
092046.8 82.1251 5.005588e+00 3.890872e-03 2.433005e+00 2.043933e+00 -4.725785e-01 8.500326e-01
092054.3 82.5004 5.005572e+00 3.901992e-03 2.427661e+00 1.976950e+00 -4.723755e-01 7.737157e-01
092102.9 82.875 5.005579e+00 3.891002e-03 2.411140e+00 1.916296e+00 -4.780547e-01 7.060298e-01
092110.8 83.25 5.005586e+00 3.888337e-03 2.409582e+00 1.869852e+00 -4.777558e-01 6.558154e-01
092119.1 83.6251 5.005563e+00 3.890819e-03 2.413714e+00 1.830077e+00 -4.751635e-01 6.035685e-01
092130.0 84.0009 5.005549e+00 3.884136e-03 2.418197e+00 1.763150e+00 -4.641008e-01 5.250578e-01
092143.3 84.3741 5.005561e+00 3.881669e-03 2.446536e+00 1.705273e+00 -4.501034e-01 4.576143e-01
092152.5 84.7495 5.005564e+00 3.892874e-03 2.450691e+00 1.664288e+00 -4.558693e-01 4.136183e-01
092201.6 85.1256 5.005534e+00 3.905166e-03 2.432031e+00 1.619110e+00 -4.537651e-01 3.553409e-01
092211.9 85.5 5.005533e+00 3.922205e-03 2.422843e+00 1.545539e+00 -4.636189e-01 2.775772e-01
092226.2 85.8747 5.005573e+00 3.940700e-03 2.426426e+00 1.476426e+00 -4.643290e-01 2.026065e-01
092234.8 86.25 5.005532e+00 3.956532e-03 2.429380e+00 1.429559e+00 -4.526559e-01 1.461421e-01
092243.3 86.6249 5.005556e+00 3.931089e-03 2.446460e+00 1.369575e+00 -4.455182e-01 8.265163e-02
092253.2 87.0009 5.005576e+00 3.878335e-03 2.467358e+00 1.288134e+00 -4.324615e-01 -4.341349e-03
092303.8 87.3744 5.005567e+00 3.850392e-03 2.464945e+00 1.215094e+00 -4.276267e-01 -8.266846e-02
092316.8 87.7496 5.005556e+00 3.857266e-03 2.442688e+00 1.169324e+00 -4.340666e-01 -1.413972e-01
092327.3 88.1249 5.005576e+00 3.888299e-03 2.439118e+00 1.113438e+00 -4.369212e-01 -2.017081e-01
092335.9 88.4993 5.005541e+00 3.929626e-03 2.451252e+00 1.023735e+00 -4.301163e-01 -2.885601e-01
092346.4 88.8752 5.005529e+00 3.977986e-03 2.445640e+00 9.562270e-01 -4.242767e-01 -3.629713e-01
092354.3 89.2493 5.005594e+00 4.016164e-03 2.459828e+00 9.153488e-01 -4.206643e-01 -4.234312e-01
092402.9 89.6252 5.005587e+00 4.021837e-03 2.479178e+00 8.644078e-01 -4.165004e-01 -4.917343e-01
092412.1 89.9997 5.005603e+00 3.991556e-03 2.462359e+00 7.767022e-01 -4.166722e-01 -5.862036e-01
092420.6 90.3748 5.005570e+00 3.942749e-03 2.455234e+00 6.861138e-01 -4.172587e-01 -6.818364e-01
092429.5 90.7503 5.005558e+00 3.910760e-03 2.462885e+00 6.216286e-01 -4.153866e-01 -7.498930e-01
092437.5 91.1247 5.005582e+00 3.916923e-03 2.457341e+00 5.587761e-01 -4.088714e-01 -8.241004e-01
092445.7 91.4996 5.005560e+00 3.945464e-03 2.470605e+00 4.797130e-01 -4.043856e-01 -9.131761e-01
092456.9 91.8753 5.005608e+00 3.978684e-03 2.497111e+00 4.047345e-01 -3.990252e-01 -9.903463e-01
092517.3 92.2394 5.005576e+00 4.016964e-03 2.481391e+00 3.512128e-01 -4.000556e-01 -1.051318e+00
092526.5 92.6247 5.005575e+00 4.047986e-03 2.469570e+00 2.866805e-01 -4.102633e-01 -1.124154e+00
092535.7 92.9995 5.005580e+00 4.055309e-03 2.467459e+00 1.914928e-01 -4.103498e-01 -1.226558e+00
092547.4 93.3749 5.005588e+00 4.050844e-03 2.472190e+00 1.084661e-01 -4.097933e-01 -1.317631e+00
092556.3 93.7498 5.005559e+00 4.052677e-03 2.468628e+00 4.387658e-02 -4.093342e-01 -1.390905e+00
092604.2 94.1243 5.005588e+00 4.052610e-03 2.486680e+00 -2.545360e-02 -3.960850e-01 -1.465256e+00
092615.1 94.4997 5.005539e+00 4.051709e-03 2.505725e+00 -1.233763e-01 -3.940344e-01 -1.568518e+00
092626.7 94.8749 5.005574e+00 4.074560e-03 2.489519e+00 -2.094425e-01 -3.922561e-01 -1.664053e+00
092637.2 95.2502 5.005590e+00 4.145323e-03 2.466931e+00 -2.701691e-01 -4.034989e-01 -1.731799e+00
092645.4 95.6248 5.005571e+00 4.182050e-03 2.469279e+00 -3.407074e-01 -4.066402e-01 -1.809748e+00
092654.7 95.9998 5.005565e+00 4.191511e-03 2.464580e+00 -4.350146e-01 -4.039184e-01 -1.911369e+00
092708.3 96.3742 5.005607e+00 4.184663e-03 2.480318e+00 -5.264326e-01 -3.950168e-01 -2.012177e+00
092718.2 96.75 5.005587e+00 4.167071e-03 2.494074e+00 -5.917289e-01 -3.869134e-01 -2.100403e+00
092725.7 97.1247 5.005524e+00 4.134682e-03 2.495764e+00 -6.711017e-01 -3.813544e-01 -2.194763e+00
092733.6 97.5004 5.005559e+00 4.077644e-03 2.494429e+00 -7.834304e-01 -3.736025e-01 -2.308163e+00
092744.8 97.8754 5.005599e+00 4.019443e-03 2.488880e+00 -8.894846e-01 -3.719951e-01 -2.421187e+00
092752.6 98.2502 5.005581e+00 3.987016e-03 2.496201e+00 -9.683791e-01 -3.665147e-01 -2.507167e+00
092801.6 98.6247 5.005574e+00 3.971344e-03 2.497687e+00 -1.041629e+00 -3.592274e-01 -2.598226e+00
092811.5 99.0009 5.005550e+00 3.953272e-03 2.513911e+00 -1.154210e+00 -3.442035e-01 -2.715942e+00
092820.0 99.3746 5.005594e+00 3.931236e-03 2.545205e+00 -1.256012e+00 -3.337354e-01 -2.820812e+00
092832.6 99.7504 5.005574e+00 3.922338e-03 2.521299e+00 -1.335553e+00 -3.365113e-01 -2.918041e+00
092840.5 100.125 5.005600e+00 3.905845e-03 2.512245e+00 -1.419998e+00 -3.402894e-01 -3.016853e+00
092848.7 100.5 5.005604e+00 3.888118e-03 2.515671e+00 -1.532141e+00 -3.366832e-01 -3.134913e+00
092856.6 100.875 5.005564e+00 3.894772e-03 2.526693e+00 -1.636263e+00 -3.301139e-01 -3.243583e+00
092904.8 101.249 5.005574e+00 3.925187e-03 2.525496e+00 -1.721226e+00 -3.276927e-01 -3.331916e+00
092917.0 101.625 5.005589e+00 3.962647e-03 2.544699e+00 -1.805028e+00 -3.226012e-01 -3.421795e+00
092925.9 102 5.005587e+00 4.000613e-03 2.545423e+00 -1.915312e+00 -3.162305e-01 -3.544647e+00
092938.3 102.374 5.005538e+00 4.042833e-03 2.529132e+00 -2.020072e+00 -3.200850e-01 -3.658096e+00
092947.5 102.75 5.005590e+00 4.084809e-03 2.512552e+00 -2.095735e+00 -3.260475e-01 -3.758092e+00
093001.1 103.126 5.005587e+00 4.095030e-03 2.521830e+00 -2.188375e+00 -3.256546e-01 -3.855763e+00
093011.7 103.501 5.005556e+00 4.094221e-03 2.528895e+00 -2.306003e+00 -3.118465e-01 -3.968544e+00
093024.6 103.874 5.005546e+00 4.100625e-03 2.541148e+00 -2.413122e+00 -3.033682e-01 -4.079380e+00
093032.8 104.25 5.005585e+00 4.120086e-03 2.557715e+00 -2.504826e+00 -2.984441e-01 -4.176267e+00
093041.0 104.625 5.005554e+00 4.139213e-03 2.540173e+00 -2.600569e+00 -2.968624e-01 -4.283044e+00
093049.5 105 5.005561e+00 4.150285e-03 2.513996e+00 -2.722374e+00 -2.996218e-01 -4.421382e+00
093113.1 105.365 5.005583e+00 4.162939e-03 2.513550e+00 -2.836362e+00 -3.002008e-01 -4.540241e+00
093127.4 105.75 5.005567e+00 4.207700e-03 2.520330e+00 -2.921052e+00 -3.022993e-01 -4.629628e+00
093137.7 106.125 5.005502e+00 4.255173e-03 2.527833e+00 -3.015032e+00 -2.948030e-01 -4.730295e+00
093146.2 106.499 5.005548e+00 4.302381e-03 2.545474e+00 -3.134767e+00 -2.846459e-01 -4.861355e+00
093156.5 106.875 5.005555e+00 4.355483e-03 2.557360e+00 -3.253124e+00 -2.800692e-01 -4.983536e+00
093205.0 107.25 5.005525e+00 4.420555e-03 2.532909e+00 -3.352392e+00 -2.891834e-01 -5.090916e+00
093213.5 107.625 5.005558e+00 4.457982e-03 2.520622e+00 -3.450662e+00 -2.938354e-01 -5.206108e+00
093222.1 108 5.005519e+00 4.469991e-03 2.525852e+00 -3.569968e+00 -2.938974e-01 -5.342221e+00
093231.3 108.375 5.005555e+00 4.487271e-03 2.528945e+00 -3.680970e+00 -2.956843e-01 -5.457170e+00
093240.3 108.749 5.005591e+00 4.506051e-03 2.539676e+00 -3.773273e+00 -2.854853e-01 -5.560165e+00
093248.5 109.125 5.005590e+00 4.532218e-03 2.554033e+00 -3.871396e+00 -2.818853e-01 -5.665915e+00
093257.4 109.5 5.005605e+00 4.546776e-03 2.554624e+00 -4.012751e+00 -2.778340e-01 -5.801695e+00
093310.0 109.875 5.005586e+00 4.562944e-03 2.532597e+00 -4.141351e+00 -2.810032e-01 -5.939721e+00
093321.9 110.25 5.005634e+00 4.590031e-03 2.527747e+00 -4.236548e+00 -2.758535e-01 -6.053541e+00
093330.5 110.625 5.005574e+00 4.613346e-03 2.531854e+00 -4.341144e+00 -2.796335e-01 -6.166485e+00
093339.0 111 5.005574e+00 4.621913e-03 2.542412e+00 -4.476867e+00 -2.664539e-01 -6.312739e+00
093352.3 111.374 5.005538e+00 4.634534e-03 2.564632e+00 -4.611932e+00 -2.530704e-01 -6.445510e+00
093414.1 111.74 5.005561e+00 4.649514e-03 2.565421e+00 -4.715531e+00 -2.559080e-01 -6.559562e+00
093421.9 112.124 5.005545e+00 4.661238e-03 2.550012e+00 -4.840007e+00 -2.600165e-01 -6.684155e+00
093429.6 112.499 5.005555e+00 4.668075e-03 2.540062e+00 -4.978361e+00 -2.596221e-01 -6.831592e+00
093442.2 112.875 5.005601e+00 4.689805e-03 2.540227e+00 -5.100233e+00 -2.565919e-01 -6.966685e+00
093453.4 113.25 5.005554e+00 4.719769e-03 2.541128e+00 -5.200821e+00 -2.561289e-01 -7.086348e+00
093504.3 113.625 5.005523e+00 4.745305e-03 2.547555e+00 -5.309807e+00 -2.523889e-01 -7.204821e+00
093513.2 114 5.005523e+00 4.747292e-03 2.566312e+00 -5.446267e+00 -2.589006e-01 -7.345774e+00
093527.8 114.374 5.005583e+00 4.746693e-03 2.569324e+00 -5.589386e+00 -2.776660e-01 -7.480336e+00
093536.4 114.749 5.005559e+00 4.762581e-03 2.556338e+00 -5.703652e+00 -3.201468e-01 -7.602105e+00
093547.3 115.126 5.005586e+00 4.780177e-03 2.537303e+00 -5.825767e+00 -3.599371e-01 -7.738817e+00
093555.2 115.499 5.005561e+00 4.807143e-03 2.541067e+00 -5.969928e+00 -3.939480e-01 -7.904823e+00
093608.1 115.874 5.005552e+00 4.814098e-03 2.537357e+00 -6.109734e+00 -4.159121e-01 -8.063226e+00
093619.1 116.25 5.005553e+00 4.829978e-03 2.548061e+00 -6.217413e+00 -4.313348e-01 -8.180048e+00
093628.7 116.625 5.005563e+00 4.850275e-03 2.558166e+00 -6.340139e+00 -4.384297e-01 -8.315714e+00
093637.5 116.999 5.005513e+00 4.873379e-03 2.537504e+00 -6.485082e+00 -4.577636e-01 -8.462017e+00
093700.0 117.365 5.005528e+00 4.887709e-03 2.524362e+00 -6.630865e+00 -4.652490e-01 -8.596156e+00
093708.8 117.749 5.005576e+00 4.883588e-03 2.535303e+00 -6.756507e+00 -4.686267e-01 -8.718726e+00
093717.4 118.125 5.005579e+00 4.810248e-03 2.524613e+00 -6.881617e+00 -4.616463e-01 -8.845491e+00
093727.6 118.501 5.005566e+00 4.652967e-03 2.520782e+00 -7.038806e+00 -4.432814e-01 -8.985460e+00
093740.6 118.874 5.005590e+00 4.472131e-03 2.519764e+00 -7.187092e+00 -4.250764e-01 -9.117710e+00
