% Fogale DL Rail Calibration results.
% DL=1, Date=2016-03-10T09:34:44
% Tunnel Temperature=17.94 oC
% Scan Range: 1.125 - 118.875 mOPL
% Metrology used: ENCODERS
% Sensors: CALIBRATED
% Name=ara
% Comment=
% WPS-Sensor tunnel center: WPS-2D-7CF-014
% WPS-Sensor tunnel end: WPS-2D-7D0-002
% DOMS-Sensor: DOM-7D2-003 S-330
% INCLINOMETER-Sensor: Inclinix
% TIMESTAMP[hhmmss.s] OPL-POSITION[m] DOMS[mm] INCL[rad] WPSTctrY[mm] WPSTctrZ[mm] WPSTendY[mm] WPSTendZ[mm]
093524.1 1.1246 5.005537e+00 4.783767e-03 2.494178e+00 -8.181035e+00 -1.860025e-01 -7.737946e+00
093535.7 1.49978 5.005529e+00 4.756196e-03 2.506204e+00 -8.010150e+00 -1.887815e-01 -7.587011e+00
093545.0 1.87478 5.005515e+00 4.748760e-03 2.493579e+00 -7.843368e+00 -2.002826e-01 -7.449485e+00
093554.6 2.24996 5.005523e+00 4.743386e-03 2.504876e+00 -7.678645e+00 -2.326952e-01 -7.302063e+00
093620.8 2.616 5.005535e+00 4.673216e-03 2.515438e+00 -7.563060e+00 -2.869432e-01 -7.172967e+00
093653.2 2.99124 5.005504e+00 4.528886e-03 2.561367e+00 -7.521357e+00 -3.628917e-01 -7.061426e+00
093704.9 3.37571 5.005541e+00 4.357402e-03 2.625158e+00 -7.484005e+00 -4.662703e-01 -6.951773e+00
093714.4 3.74981 5.005503e+00 4.252586e-03 2.651136e+00 -7.415305e+00 -5.863990e-01 -6.816876e+00
093722.9 4.12513 5.005496e+00 4.191958e-03 2.653470e+00 -7.328355e+00 -6.789793e-01 -6.696000e+00
093730.4 4.50018 5.005551e+00 4.155966e-03 2.652439e+00 -7.230607e+00 -7.273219e-01 -6.589707e+00
093741.7 4.87499 5.005545e+00 4.143885e-03 2.663028e+00 -7.082941e+00 -7.568930e-01 -6.460953e+00
093802.9 5.23962 5.005527e+00 4.160873e-03 2.675032e+00 -6.897065e+00 -7.598559e-01 -6.316949e+00
093816.2 5.62516 5.005513e+00 4.184583e-03 2.690621e+00 -6.709424e+00 -7.524985e-01 -6.171600e+00
093827.4 5.9999 5.005515e+00 4.155782e-03 2.672310e+00 -6.572801e+00 -7.348826e-01 -6.058088e+00
093841.2 6.37482 5.005550e+00 4.103481e-03 2.639984e+00 -6.443920e+00 -7.424553e-01 -5.939727e+00
093855.5 6.75026 5.005557e+00 4.068368e-03 2.569571e+00 -6.310089e+00 -7.682800e-01 -5.802453e+00
093903.7 7.12417 5.005537e+00 4.060456e-03 2.472607e+00 -6.164335e+00 -7.949863e-01 -5.670492e+00
093914.3 7.49993 5.005547e+00 4.026985e-03 2.340458e+00 -6.045983e+00 -8.154743e-01 -5.559495e+00
093926.9 7.87422 5.005541e+00 3.998642e-03 2.188512e+00 -5.916167e+00 -8.251792e-01 -5.445231e+00
093938.4 8.24947 5.005507e+00 4.007131e-03 2.086346e+00 -5.758027e+00 -8.257081e-01 -5.307248e+00
093952.1 8.62504 5.005503e+00 4.044634e-03 2.007908e+00 -5.605625e+00 -8.312959e-01 -5.177406e+00
094005.5 9.00022 5.005523e+00 4.025070e-03 1.965816e+00 -5.494017e+00 -8.345961e-01 -5.067942e+00
094018.7 9.37507 5.005544e+00 4.000103e-03 1.966539e+00 -5.383844e+00 -8.359124e-01 -4.951161e+00
094027.4 9.75 5.005527e+00 3.999493e-03 1.998684e+00 -5.249836e+00 -8.366523e-01 -4.819165e+00
094035.2 10.125 5.005527e+00 3.993207e-03 2.049764e+00 -5.113546e+00 -8.215763e-01 -4.696738e+00
094042.7 10.4993 5.005513e+00 3.967498e-03 2.080474e+00 -4.999754e+00 -8.109307e-01 -4.599633e+00
094055.0 10.8737 5.005520e+00 3.972767e-03 2.089727e+00 -4.879215e+00 -8.052322e-01 -4.486071e+00
094106.5 11.25 5.005538e+00 4.008229e-03 2.068047e+00 -4.740613e+00 -8.127082e-01 -4.352656e+00
094115.5 11.6249 5.005528e+00 4.046163e-03 2.031632e+00 -4.606290e+00 -8.175373e-01 -4.233193e+00
094124.4 12 5.005478e+00 4.044257e-03 2.025093e+00 -4.505723e+00 -8.204899e-01 -4.140130e+00
094136.7 12.3746 5.005519e+00 4.030887e-03 2.030805e+00 -4.393518e+00 -8.152523e-01 -4.038240e+00
094145.9 12.7499 5.005532e+00 4.036104e-03 2.042584e+00 -4.260569e+00 -8.145715e-01 -3.912758e+00
094154.4 13.1249 5.005549e+00 4.050949e-03 2.056612e+00 -4.134760e+00 -8.123620e-01 -3.789763e+00
094204.4 13.5001 5.005515e+00 4.058490e-03 2.064661e+00 -4.026216e+00 -8.072437e-01 -3.694070e+00
094216.7 13.8745 5.005465e+00 4.070774e-03 2.044558e+00 -3.914427e+00 -8.078303e-01 -3.592272e+00
094224.3 14.2493 5.005459e+00 4.089456e-03 2.024046e+00 -3.781819e+00 -8.142659e-01 -3.470475e+00
094247.5 14.6151 5.005514e+00 4.112293e-03 2.012748e+00 -3.656635e+00 -8.179014e-01 -3.354479e+00
094259.7 14.9999 5.005487e+00 4.125737e-03 2.027538e+00 -3.556215e+00 -8.093165e-01 -3.259196e+00
094315.4 15.3747 5.005508e+00 4.145464e-03 2.035428e+00 -3.447016e+00 -8.080940e-01 -3.156148e+00
094328.7 15.7493 5.005545e+00 4.183251e-03 2.064183e+00 -3.313806e+00 -8.080799e-01 -3.046013e+00
094340.0 16.1246 5.005534e+00 4.213573e-03 2.062231e+00 -3.196991e+00 -8.143523e-01 -2.924558e+00
094351.2 16.4993 5.005493e+00 4.233697e-03 2.041024e+00 -3.104082e+00 -8.227696e-01 -2.835512e+00
094403.8 16.8747 5.005540e+00 4.268650e-03 2.030343e+00 -3.002957e+00 -8.241588e-01 -2.735022e+00
094416.1 17.2485 5.005522e+00 4.324893e-03 2.022664e+00 -2.873263e+00 -8.321753e-01 -2.615125e+00
094429.0 17.6248 5.005519e+00 4.381567e-03 2.020236e+00 -2.747837e+00 -8.317423e-01 -2.501042e+00
094437.2 17.9994 5.005502e+00 4.418677e-03 2.039441e+00 -2.651847e+00 -8.215792e-01 -2.407798e+00
094504.2 18.3648 5.005523e+00 4.449607e-03 2.049915e+00 -2.558282e+00 -8.248683e-01 -2.317744e+00
094514.0 18.7508 5.005545e+00 4.487116e-03 2.037187e+00 -2.436542e+00 -8.298826e-01 -2.204772e+00
094523.3 19.1251 5.005545e+00 4.512665e-03 2.021312e+00 -2.324706e+00 -8.423859e-01 -2.102542e+00
094530.9 19.5004 5.005507e+00 4.500259e-03 2.032004e+00 -2.229387e+00 -8.392262e-01 -2.028842e+00
094539.4 19.8749 5.005552e+00 4.471903e-03 2.030838e+00 -2.142523e+00 -8.322590e-01 -1.942957e+00
094547.6 20.2502 5.005520e+00 4.441144e-03 2.037286e+00 -2.031643e+00 -8.203065e-01 -1.841298e+00
094601.7 20.6245 5.005551e+00 4.404278e-03 2.054986e+00 -1.925125e+00 -8.116739e-01 -1.738789e+00
094648.3 20.9808 5.005477e+00 4.369968e-03 2.047780e+00 -1.848733e+00 -8.150113e-01 -1.675628e+00
094703.9 21.3749 5.005528e+00 4.341408e-03 2.047285e+00 -1.752410e+00 -8.175150e-01 -1.593542e+00
094713.5 21.7497 5.005527e+00 4.319634e-03 2.045755e+00 -1.646768e+00 -8.211750e-01 -1.483616e+00
094721.7 22.1244 5.005480e+00 4.308552e-03 2.055416e+00 -1.540041e+00 -8.131246e-01 -1.386359e+00
094729.5 22.4998 5.005506e+00 4.307115e-03 2.060132e+00 -1.456477e+00 -8.086335e-01 -1.311856e+00
094742.1 22.8742 5.005538e+00 4.316509e-03 2.079490e+00 -1.368456e+00 -8.002552e-01 -1.244012e+00
094750.3 23.2494 5.005526e+00 4.335760e-03 2.088058e+00 -1.258487e+00 -7.964345e-01 -1.152725e+00
094758.8 23.6243 5.005500e+00 4.338103e-03 2.076393e+00 -1.163215e+00 -8.079145e-01 -1.061675e+00
094807.0 24 5.005514e+00 4.305855e-03 2.061659e+00 -1.091150e+00 -8.138687e-01 -9.854593e-01
094829.5 24.3657 5.005548e+00 4.284773e-03 2.058822e+00 -1.014456e+00 -8.082398e-01 -9.083312e-01
094851.6 24.7401 5.005496e+00 4.287501e-03 2.071358e+00 -9.042225e-01 -8.047302e-01 -8.073730e-01
094859.4 25.1248 5.005487e+00 4.306017e-03 2.081098e+00 -8.013224e-01 -8.001018e-01 -7.168341e-01
094909.3 25.5002 5.005532e+00 4.316763e-03 2.111871e+00 -7.367893e-01 -7.924213e-01 -6.506528e-01
094925.0 25.8758 5.005459e+00 4.327787e-03 2.088266e+00 -6.560707e-01 -7.962565e-01 -5.822357e-01
094932.8 26.2497 5.005511e+00 4.349885e-03 2.072193e+00 -5.424895e-01 -8.047710e-01 -4.970823e-01
094941.7 26.6248 5.005511e+00 4.342549e-03 2.073652e+00 -4.420945e-01 -8.054263e-01 -4.073144e-01
094950.6 27.0009 5.005504e+00 4.317269e-03 2.083283e+00 -3.804324e-01 -8.029259e-01 -3.407212e-01
095003.6 27.3749 5.005545e+00 4.309716e-03 2.089755e+00 -3.157303e-01 -7.941666e-01 -2.638105e-01
095012.5 27.7494 5.005556e+00 4.324316e-03 2.100898e+00 -2.289367e-01 -7.886086e-01 -1.754099e-01
095020.5 28.1247 5.005533e+00 4.319432e-03 2.111078e+00 -1.355035e-01 -7.856366e-01 -1.013085e-01
095028.7 28.4999 5.005548e+00 4.284153e-03 2.101044e+00 -6.505131e-02 -7.848429e-01 -4.472519e-02
095037.2 28.8748 5.005552e+00 4.268344e-03 2.083415e+00 1.533801e-02 -7.938203e-01 1.146879e-02
095045.0 29.2495 5.005539e+00 4.278888e-03 2.092733e+00 1.098742e-01 -7.930394e-01 8.503786e-02
095054.9 29.6248 5.005534e+00 4.291792e-03 2.093751e+00 1.937065e-01 -7.915184e-01 1.660503e-01
095105.8 30.0002 5.005517e+00 4.330710e-03 2.100530e+00 2.589227e-01 -7.871727e-01 2.355703e-01
095129.1 30.3647 5.005493e+00 4.402713e-03 2.105663e+00 3.295783e-01 -7.784718e-01 3.118395e-01
095152.5 30.7399 5.005478e+00 4.486065e-03 2.100277e+00 4.262055e-01 -7.913062e-01 4.117280e-01
095203.4 31.1249 5.005516e+00 4.548503e-03 2.082707e+00 5.253261e-01 -8.021003e-01 4.917475e-01
095211.0 31.5004 5.005515e+00 4.564136e-03 2.076034e+00 5.870615e-01 -8.021393e-01 5.320691e-01
095222.6 31.8745 5.005520e+00 4.537880e-03 2.087025e+00 6.556306e-01 -8.058099e-01 5.772962e-01
095230.2 32.2495 5.005487e+00 4.520655e-03 2.088180e+00 7.397415e-01 -7.937331e-01 6.556426e-01
095238.8 32.6252 5.005467e+00 4.505971e-03 2.105026e+00 8.110651e-01 -7.838538e-01 7.268888e-01
095248.0 33.0002 5.005547e+00 4.482926e-03 2.121927e+00 8.643792e-01 -7.751814e-01 7.764347e-01
095303.1 33.3758 5.005519e+00 4.466681e-03 2.113969e+00 9.204326e-01 -7.722713e-01 8.337249e-01
095311.9 33.7499 5.005532e+00 4.469245e-03 2.098013e+00 9.926129e-01 -7.873691e-01 8.965589e-01
095320.5 34.1247 5.005532e+00 4.473637e-03 2.100937e+00 1.068367e+00 -7.887160e-01 9.635454e-01
095328.4 34.4995 5.005534e+00 4.453018e-03 2.109551e+00 1.126101e+00 -7.823213e-01 1.005817e+00
095339.6 34.8751 5.005499e+00 4.434420e-03 2.119494e+00 1.194886e+00 -7.721263e-01 1.059795e+00
095347.4 35.2494 5.005517e+00 4.445940e-03 2.127922e+00 1.289240e+00 -7.636452e-01 1.130663e+00
095356.3 35.6248 5.005533e+00 4.467739e-03 2.137828e+00 1.365868e+00 -7.690412e-01 1.197901e+00
095405.2 35.9995 5.005503e+00 4.468580e-03 2.120857e+00 1.398071e+00 -7.710567e-01 1.239609e+00
095418.5 36.375 5.005517e+00 4.461490e-03 2.112538e+00 1.437177e+00 -7.724400e-01 1.281079e+00
095428.1 36.7505 5.005529e+00 4.465177e-03 2.122394e+00 1.519050e+00 -7.779299e-01 1.348412e+00
095435.9 37.1251 5.005529e+00 4.454082e-03 2.124592e+00 1.586057e+00 -7.768883e-01 1.404372e+00
095444.2 37.4997 5.005559e+00 4.443356e-03 2.142586e+00 1.634655e+00 -7.660189e-01 1.446176e+00
095456.8 37.8754 5.005500e+00 4.458153e-03 2.160840e+00 1.689670e+00 -7.554873e-01 1.489653e+00
095505.0 38.2492 5.005493e+00 4.483626e-03 2.151015e+00 1.761227e+00 -7.590837e-01 1.547302e+00
095514.6 38.6251 5.005495e+00 4.477557e-03 2.121854e+00 1.820683e+00 -7.678604e-01 1.597861e+00
095525.2 39.0003 5.005533e+00 4.453968e-03 2.126561e+00 1.853974e+00 -7.637139e-01 1.636787e+00
095538.8 39.3748 5.005497e+00 4.441740e-03 2.139231e+00 1.905159e+00 -7.598039e-01 1.677776e+00
095601.3 39.7401 5.005540e+00 4.450177e-03 2.140076e+00 1.973252e+00 -7.559254e-01 1.734535e+00
095612.8 40.1252 5.005489e+00 4.471124e-03 2.160725e+00 2.044442e+00 -7.462329e-01 1.787444e+00
095620.7 40.4994 5.005491e+00 4.481287e-03 2.164970e+00 2.080967e+00 -7.413321e-01 1.810551e+00
095634.7 40.8745 5.005549e+00 4.478896e-03 2.146945e+00 2.127081e+00 -7.495345e-01 1.844391e+00
095642.9 41.2493 5.005473e+00 4.483998e-03 2.137788e+00 2.187406e+00 -7.510847e-01 1.896547e+00
095653.8 41.6248 5.005523e+00 4.479638e-03 2.138996e+00 2.241591e+00 -7.557322e-01 1.950437e+00
095705.1 41.9994 5.005532e+00 4.458817e-03 2.143622e+00 2.271761e+00 -7.432607e-01 1.977235e+00
095727.5 42.3643 5.005515e+00 4.474630e-03 2.154588e+00 2.319113e+00 -7.347538e-01 2.010338e+00
095739.9 42.7494 5.005546e+00 4.531035e-03 2.177789e+00 2.381118e+00 -7.347034e-01 2.075808e+00
095748.7 43.1256 5.005527e+00 4.576146e-03 2.165412e+00 2.439945e+00 -7.361690e-01 2.118897e+00
095757.3 43.5001 5.005519e+00 4.595173e-03 2.153362e+00 2.473620e+00 -7.476855e-01 2.139862e+00
095808.8 43.8752 5.005478e+00 4.600890e-03 2.149583e+00 2.512438e+00 -7.475269e-01 2.162839e+00
095820.4 44.2499 5.005555e+00 4.627928e-03 2.146021e+00 2.570280e+00 -7.474986e-01 2.208226e+00
095829.6 44.6248 5.005531e+00 4.644184e-03 2.152579e+00 2.614070e+00 -7.432261e-01 2.246038e+00
095839.2 45.0008 5.005499e+00 4.654978e-03 2.168722e+00 2.638176e+00 -7.330027e-01 2.272527e+00
095903.3 45.3651 5.005517e+00 4.687250e-03 2.181133e+00 2.674948e+00 -7.352682e-01 2.303131e+00
095912.2 45.7497 5.005526e+00 4.753790e-03 2.165475e+00 2.733851e+00 -7.470570e-01 2.348810e+00
095920.1 46.125 5.005527e+00 4.825877e-03 2.138277e+00 2.794550e+00 -7.559247e-01 2.388243e+00
095928.3 46.4994 5.005523e+00 4.862539e-03 2.139747e+00 2.818326e+00 -7.583014e-01 2.408627e+00
095940.2 46.8743 5.005510e+00 4.875671e-03 2.137271e+00 2.856176e+00 -7.548099e-01 2.440964e+00
095951.1 47.2502 5.005510e+00 4.896448e-03 2.153790e+00 2.910477e+00 -7.489507e-01 2.485510e+00
100003.0 47.6255 5.005476e+00 4.927494e-03 2.174458e+00 2.956594e+00 -7.435412e-01 2.519994e+00
100011.9 47.9998 5.005504e+00 4.928898e-03 2.170125e+00 2.966704e+00 -7.434801e-01 2.532134e+00
100026.3 48.3739 5.005521e+00 4.909665e-03 2.161930e+00 2.985107e+00 -7.447877e-01 2.545613e+00
100034.9 48.7497 5.005536e+00 4.903171e-03 2.154435e+00 3.021619e+00 -7.445062e-01 2.576819e+00
100044.4 49.125 5.005510e+00 4.890285e-03 2.155826e+00 3.057346e+00 -7.438009e-01 2.609588e+00
100051.9 49.4998 5.005489e+00 4.851912e-03 2.164098e+00 3.075536e+00 -7.310013e-01 2.613904e+00
100103.2 49.8753 5.005476e+00 4.810589e-03 2.186840e+00 3.094504e+00 -7.152553e-01 2.615576e+00
100111.4 50.2499 5.005542e+00 4.779909e-03 2.199493e+00 3.130430e+00 -7.095434e-01 2.645964e+00
100119.6 50.6247 5.005513e+00 4.729410e-03 2.194841e+00 3.153672e+00 -7.141702e-01 2.665873e+00
100128.4 50.9999 5.005492e+00 4.675667e-03 2.190352e+00 3.155224e+00 -7.163422e-01 2.664628e+00
100141.7 51.3742 5.005526e+00 4.647738e-03 2.193367e+00 3.177654e+00 -7.140268e-01 2.680995e+00
100153.6 51.7501 5.005511e+00 4.644669e-03 2.195433e+00 3.220156e+00 -7.076784e-01 2.708759e+00
100204.2 52.1248 5.005494e+00 4.644255e-03 2.201936e+00 3.253441e+00 -6.964990e-01 2.727591e+00
100212.4 52.5001 5.005517e+00 4.631311e-03 2.223995e+00 3.260668e+00 -6.881313e-01 2.717662e+00
100224.4 52.8744 5.005493e+00 4.569052e-03 2.239151e+00 3.271227e+00 -6.848227e-01 2.712601e+00
100232.6 53.2492 5.005505e+00 4.532068e-03 2.229073e+00 3.292910e+00 -6.887268e-01 2.749885e+00
100240.7 53.6254 5.005494e+00 4.498294e-03 2.223873e+00 3.319471e+00 -6.884106e-01 2.768606e+00
100251.6 54.0004 5.005487e+00 4.460264e-03 2.227384e+00 3.317308e+00 -6.843863e-01 2.768204e+00
100300.9 54.3741 5.005505e+00 4.435932e-03 2.237836e+00 3.322927e+00 -6.739164e-01 2.765812e+00
100310.1 54.7497 5.005492e+00 4.442779e-03 2.252313e+00 3.356381e+00 -6.656901e-01 2.786019e+00
100319.0 55.1249 5.005511e+00 4.461562e-03 2.262501e+00 3.385603e+00 -6.618304e-01 2.798761e+00
100326.6 55.4998 5.005489e+00 4.464318e-03 2.252510e+00 3.385667e+00 -6.630266e-01 2.797538e+00
100338.8 55.8743 5.005482e+00 4.459026e-03 2.243019e+00 3.402834e+00 -6.672275e-01 2.801592e+00
100347.0 56.249 5.005480e+00 4.468618e-03 2.245061e+00 3.425323e+00 -6.685650e-01 2.815548e+00
100355.6 56.625 5.005509e+00 4.461467e-03 2.249848e+00 3.449629e+00 -6.683168e-01 2.831373e+00
100403.8 56.9996 5.005490e+00 4.449223e-03 2.244178e+00 3.426302e+00 -6.573353e-01 2.814499e+00
100415.7 57.3751 5.005525e+00 4.452883e-03 2.267442e+00 3.433906e+00 -6.518400e-01 2.804975e+00
100428.7 57.7493 5.005515e+00 4.466944e-03 2.274069e+00 3.468453e+00 -6.544323e-01 2.810038e+00
100437.2 58.1245 5.005494e+00 4.469034e-03 2.249068e+00 3.496218e+00 -6.582678e-01 2.829448e+00
100445.0 58.5001 5.005438e+00 4.442443e-03 2.247381e+00 3.482878e+00 -6.578752e-01 2.817249e+00
100453.6 58.8743 5.005479e+00 4.416989e-03 2.253383e+00 3.481051e+00 -6.573302e-01 2.807675e+00
100502.4 59.2499 5.005496e+00 4.416347e-03 2.255023e+00 3.497247e+00 -6.451176e-01 2.818142e+00
100510.7 59.625 5.005535e+00 4.417309e-03 2.270427e+00 3.506806e+00 -6.380091e-01 2.823916e+00
100519.9 60 5.005481e+00 4.398319e-03 2.295868e+00 3.501379e+00 -6.293544e-01 2.803743e+00
100536.6 60.3753 5.005543e+00 4.374625e-03 2.290257e+00 3.499115e+00 -6.326076e-01 2.787513e+00
100548.6 60.7501 5.005514e+00 4.368221e-03 2.270816e+00 3.516131e+00 -6.404633e-01 2.786743e+00
100557.1 61.1253 5.005517e+00 4.365260e-03 2.262156e+00 3.519022e+00 -6.440513e-01 2.779988e+00
100605.0 61.5 5.005486e+00 4.334089e-03 2.271527e+00 3.506343e+00 -6.405165e-01 2.759906e+00
100615.6 61.8753 5.005543e+00 4.301424e-03 2.278580e+00 3.486427e+00 -6.313605e-01 2.752610e+00
100624.4 62.25 5.005492e+00 4.295311e-03 2.296066e+00 3.488155e+00 -6.224230e-01 2.760782e+00
100633.4 62.625 5.005522e+00 4.291633e-03 2.306643e+00 3.498526e+00 -6.224710e-01 2.761780e+00
100641.9 62.9999 5.005547e+00 4.274283e-03 2.295015e+00 3.486155e+00 -6.269533e-01 2.737315e+00
100655.5 63.3749 5.005514e+00 4.312562e-03 2.281757e+00 3.478306e+00 -6.299254e-01 2.689493e+00
100708.9 63.7492 5.005461e+00 4.317880e-03 2.286585e+00 3.487686e+00 -6.323480e-01 2.697103e+00
100717.0 64.1256 5.005538e+00 4.309769e-03 2.284669e+00 3.489778e+00 -6.258090e-01 2.696524e+00
100725.2 64.4995 5.005508e+00 4.282673e-03 2.300926e+00 3.462123e+00 -6.181263e-01 2.670414e+00
100733.1 64.8748 5.005500e+00 4.250828e-03 2.323212e+00 3.441392e+00 -6.090873e-01 2.650169e+00
100741.0 65.2497 5.005502e+00 4.217817e-03 2.316361e+00 3.439996e+00 -6.120691e-01 2.635615e+00
100749.2 65.6247 5.005481e+00 4.167712e-03 2.300957e+00 3.428804e+00 -6.135152e-01 2.614522e+00
100757.7 65.9995 5.005473e+00 4.102009e-03 2.296007e+00 3.396302e+00 -6.099829e-01 2.578140e+00
100809.6 66.3749 5.005455e+00 4.036489e-03 2.311456e+00 3.385204e+00 -6.045487e-01 2.544544e+00
100822.9 66.7496 5.005482e+00 3.995392e-03 2.318335e+00 3.387646e+00 -5.887654e-01 2.537691e+00
100831.1 67.1239 5.005474e+00 3.961773e-03 2.336555e+00 3.387459e+00 -5.801512e-01 2.520068e+00
100842.4 67.4995 5.005463e+00 3.940359e-03 2.353657e+00 3.354900e+00 -5.679533e-01 2.485456e+00
100855.0 67.8742 5.005480e+00 3.938715e-03 2.337785e+00 3.301400e+00 -5.752813e-01 2.445619e+00
100906.9 68.2496 5.005493e+00 3.951642e-03 2.326658e+00 3.309622e+00 -5.736483e-01 2.433214e+00
100916.4 68.6245 5.005486e+00 3.935885e-03 2.329080e+00 3.305094e+00 -5.747181e-01 2.420969e+00
100924.8 69.0002 5.005498e+00 3.862068e-03 2.336441e+00 3.273625e+00 -5.678576e-01 2.383105e+00
100933.7 69.3751 5.005478e+00 3.784647e-03 2.353618e+00 3.243274e+00 -5.496578e-01 2.347472e+00
100942.6 69.7501 5.005527e+00 3.724533e-03 2.374239e+00 3.223703e+00 -5.324493e-01 2.323667e+00
100950.7 70.1249 5.005464e+00 3.685430e-03 2.377762e+00 3.206409e+00 -5.314939e-01 2.293731e+00
100959.3 70.5 5.005499e+00 3.695790e-03 2.359742e+00 3.167285e+00 -5.344346e-01 2.257454e+00
101011.9 70.8749 5.005497e+00 3.760476e-03 2.350849e+00 3.146383e+00 -5.455887e-01 2.227020e+00
101023.6 71.2502 5.005508e+00 3.853744e-03 2.345969e+00 3.145690e+00 -5.634910e-01 2.207042e+00
101032.8 71.6249 5.005515e+00 3.921739e-03 2.350878e+00 3.141074e+00 -5.588684e-01 2.193599e+00
101041.0 72.0005 5.005551e+00 3.932884e-03 2.370992e+00 3.104316e+00 -5.485575e-01 2.150126e+00
101050.9 72.3748 5.005575e+00 3.901640e-03 2.384190e+00 3.066162e+00 -5.312643e-01 2.111358e+00
101101.1 72.7504 5.005539e+00 3.876037e-03 2.373234e+00 3.048969e+00 -5.286340e-01 2.082331e+00
101108.7 73.1245 5.005479e+00 3.847284e-03 2.359389e+00 3.027733e+00 -5.282517e-01 2.047815e+00
101116.9 73.5 5.005486e+00 3.817954e-03 2.366042e+00 2.980543e+00 -5.347660e-01 1.992076e+00
101126.1 73.8743 5.005500e+00 3.846169e-03 2.370683e+00 2.951485e+00 -5.273488e-01 1.941452e+00
101138.1 74.2492 5.005504e+00 3.891957e-03 2.374038e+00 2.944603e+00 -5.270086e-01 1.933455e+00
101146.3 74.6243 5.005497e+00 3.921009e-03 2.389278e+00 2.919327e+00 -5.202312e-01 1.909694e+00
101159.6 74.9995 5.005510e+00 3.918281e-03 2.387267e+00 2.877351e+00 -5.168412e-01 1.856580e+00
101213.2 75.3743 5.005483e+00 3.908017e-03 2.370192e+00 2.831687e+00 -5.196873e-01 1.800580e+00
101226.5 75.75 5.005532e+00 3.901360e-03 2.349095e+00 2.806051e+00 -5.210140e-01 1.760407e+00
101235.1 76.1255 5.005452e+00 3.891968e-03 2.358553e+00 2.774581e+00 -5.274011e-01 1.732081e+00
101245.6 76.5002 5.005502e+00 3.885223e-03 2.376124e+00 2.728348e+00 -5.101865e-01 1.675228e+00
101258.2 76.8742 5.005521e+00 3.907414e-03 2.398381e+00 2.695785e+00 -5.060983e-01 1.627007e+00
101306.5 77.2494 5.005518e+00 3.940492e-03 2.420183e+00 2.677487e+00 -5.012124e-01 1.600293e+00
101315.4 77.6249 5.005480e+00 3.955580e-03 2.401839e+00 2.644910e+00 -5.046012e-01 1.558787e+00
101324.0 77.9997 5.005498e+00 3.952867e-03 2.370491e+00 2.584048e+00 -5.076522e-01 1.487792e+00
101333.7 78.3742 5.005471e+00 3.952531e-03 2.375879e+00 2.522645e+00 -5.133848e-01 1.431141e+00
101346.6 78.7492 5.005523e+00 3.964668e-03 2.374424e+00 2.506794e+00 -5.145527e-01 1.393026e+00
101355.5 79.1256 5.005523e+00 3.979921e-03 2.387372e+00 2.480446e+00 -5.085510e-01 1.354315e+00
101403.6 79.4995 5.005484e+00 3.962406e-03 2.415733e+00 2.425691e+00 -4.940449e-01 1.291737e+00
101411.1 79.8749 5.005492e+00 3.929093e-03 2.422703e+00 2.365290e+00 -4.889802e-01 1.231148e+00
101419.8 80.2506 5.005478e+00 3.909517e-03 2.406266e+00 2.323472e+00 -4.888601e-01 1.188776e+00
101428.1 80.6254 5.005502e+00 3.881474e-03 2.398145e+00 2.285682e+00 -4.937269e-01 1.136898e+00
101436.9 81.0003 5.005488e+00 3.847807e-03 2.405853e+00 2.222709e+00 -4.900325e-01 1.065837e+00
101450.5 81.3739 5.005480e+00 3.838289e-03 2.411684e+00 2.162075e+00 -4.815163e-01 9.983002e-01
101512.0 81.7405 5.005516e+00 3.857670e-03 2.415405e+00 2.131611e+00 -4.736665e-01 9.559465e-01
101519.8 82.1246 5.005508e+00 3.893345e-03 2.428992e+00 2.089477e+00 -4.710555e-01 9.040233e-01
101529.0 82.4999 5.005548e+00 3.903494e-03 2.425662e+00 2.021878e+00 -4.705557e-01 8.274332e-01
101536.7 82.8744 5.005472e+00 3.892933e-03 2.401841e+00 1.961441e+00 -4.782866e-01 7.603100e-01
101544.6 83.2496 5.005490e+00 3.887175e-03 2.405152e+00 1.914584e+00 -4.769763e-01 7.089258e-01
101553.1 83.6247 5.005499e+00 3.889790e-03 2.409207e+00 1.873380e+00 -4.757985e-01 6.567993e-01
101601.7 83.9994 5.005526e+00 3.887451e-03 2.417595e+00 1.807601e+00 -4.619416e-01 5.780659e-01
101623.5 84.3641 5.005558e+00 3.883482e-03 2.433610e+00 1.750800e+00 -4.478620e-01 5.124878e-01
101636.5 84.7499 5.005527e+00 3.894760e-03 2.445700e+00 1.708169e+00 -4.506158e-01 4.666634e-01
101644.3 85.1244 5.005489e+00 3.907634e-03 2.429140e+00 1.663079e+00 -4.532022e-01 4.069906e-01
101653.9 85.5002 5.005511e+00 3.923528e-03 2.419034e+00 1.589605e+00 -4.637905e-01 3.310442e-01
101702.1 85.8747 5.005490e+00 3.942458e-03 2.424217e+00 1.520021e+00 -4.633876e-01 2.547495e-01
101710.0 86.2493 5.005484e+00 3.957942e-03 2.423681e+00 1.473594e+00 -4.506628e-01 1.972250e-01
101718.6 86.6254 5.005472e+00 3.931954e-03 2.441705e+00 1.412676e+00 -4.423987e-01 1.341127e-01
101727.5 87 5.005503e+00 3.881580e-03 2.462544e+00 1.331153e+00 -4.313365e-01 4.659708e-02
101736.4 87.3746 5.005513e+00 3.851100e-03 2.462465e+00 1.258465e+00 -4.263259e-01 -3.116704e-02
101747.7 87.7496 5.005494e+00 3.856029e-03 2.439392e+00 1.213116e+00 -4.316767e-01 -8.951450e-02
101755.9 88.1253 5.005537e+00 3.888372e-03 2.437426e+00 1.157307e+00 -4.341223e-01 -1.498588e-01
101804.1 88.5004 5.005531e+00 3.931909e-03 2.445726e+00 1.066574e+00 -4.296659e-01 -2.384507e-01
101812.6 88.8743 5.005555e+00 3.979129e-03 2.440423e+00 9.999322e-01 -4.226568e-01 -3.134679e-01
101821.5 89.2503 5.005466e+00 4.013787e-03 2.456821e+00 9.584441e-01 -4.163485e-01 -3.724205e-01
101830.7 89.6252 5.005495e+00 4.023180e-03 2.474765e+00 9.050577e-01 -4.151371e-01 -4.416259e-01
101840.6 90.0006 5.005468e+00 3.991341e-03 2.452665e+00 8.192988e-01 -4.169974e-01 -5.363552e-01
101856.3 90.3748 5.005485e+00 3.943587e-03 2.448985e+00 7.283911e-01 -4.187083e-01 -6.313993e-01
101905.9 90.7501 5.005541e+00 3.911353e-03 2.456245e+00 6.634205e-01 -4.146614e-01 -7.007752e-01
101917.5 91.1243 5.005546e+00 3.913751e-03 2.456703e+00 6.019073e-01 -4.063757e-01 -7.730553e-01
101926.4 91.4994 5.005496e+00 3.944467e-03 2.469494e+00 5.222367e-01 -4.007663e-01 -8.617419e-01
101949.6 91.8649 5.005491e+00 3.977193e-03 2.487490e+00 4.492335e-01 -3.956680e-01 -9.372904e-01
102001.6 92.2501 5.005536e+00 4.019431e-03 2.486769e+00 3.920770e-01 -3.956644e-01 -1.003374e+00
102009.7 92.6245 5.005515e+00 4.048511e-03 2.465914e+00 3.292381e-01 -4.052343e-01 -1.074753e+00
102035.3 92.9908 5.005531e+00 4.057849e-03 2.453691e+00 2.362409e-01 -4.078553e-01 -1.175322e+00
102044.4 93.3743 5.005487e+00 4.049713e-03 2.468277e+00 1.507200e-01 -4.082194e-01 -1.269160e+00
102054.7 93.7503 5.005513e+00 4.052341e-03 2.468360e+00 8.547479e-02 -4.047126e-01 -1.344390e+00
102103.2 94.1248 5.005508e+00 4.054019e-03 2.487129e+00 1.552054e-02 -3.923420e-01 -1.420083e+00
102111.4 94.4994 5.005489e+00 4.054335e-03 2.504582e+00 -8.251207e-02 -3.914236e-01 -1.524732e+00
102120.0 94.8747 5.005510e+00 4.080396e-03 2.488706e+00 -1.686202e-01 -3.889519e-01 -1.621344e+00
102128.1 95.2497 5.005502e+00 4.148782e-03 2.464694e+00 -2.297317e-01 -3.990526e-01 -1.689807e+00
102136.7 95.625 5.005520e+00 4.182914e-03 2.467705e+00 -3.007289e-01 -4.031636e-01 -1.768367e+00
102145.2 95.9997 5.005477e+00 4.189053e-03 2.466321e+00 -3.949210e-01 -3.983515e-01 -1.867157e+00
102154.8 96.3745 5.005520e+00 4.174960e-03 2.478554e+00 -4.867866e-01 -3.900328e-01 -1.965097e+00
102205.1 96.751 5.005477e+00 4.151474e-03 2.492651e+00 -5.520783e-01 -3.810470e-01 -2.050139e+00
102213.6 97.1254 5.005493e+00 4.110469e-03 2.500308e+00 -6.333374e-01 -3.736637e-01 -2.144076e+00
102221.5 97.4999 5.005541e+00 4.059678e-03 2.493943e+00 -7.459582e-01 -3.689797e-01 -2.258571e+00
102230.0 97.875 5.005501e+00 4.008337e-03 2.482923e+00 -8.511919e-01 -3.717916e-01 -2.372397e+00
102238.0 98.2497 5.005428e+00 3.981956e-03 2.494859e+00 -9.312433e-01 -3.653584e-01 -2.460300e+00
102246.9 98.6251 5.005518e+00 3.967698e-03 2.497807e+00 -1.006973e+00 -3.600362e-01 -2.554105e+00
102259.5 98.9998 5.005532e+00 3.954400e-03 2.517057e+00 -1.120162e+00 -3.471984e-01 -2.671886e+00
102312.8 99.3741 5.005496e+00 3.934317e-03 2.541492e+00 -1.224488e+00 -3.382114e-01 -2.777577e+00
102326.1 99.749 5.005539e+00 3.923636e-03 2.523332e+00 -1.303549e+00 -3.379622e-01 -2.873204e+00
102334.3 100.124 5.005513e+00 3.902715e-03 2.508993e+00 -1.387391e+00 -3.403324e-01 -2.971067e+00
102342.6 100.5 5.005464e+00 3.887814e-03 2.515297e+00 -1.498382e+00 -3.381999e-01 -3.087862e+00
102354.2 100.875 5.005487e+00 3.891662e-03 2.526554e+00 -1.599804e+00 -3.302795e-01 -3.196011e+00
102406.5 101.249 5.005504e+00 3.921994e-03 2.522084e+00 -1.678280e+00 -3.267078e-01 -3.281599e+00
102419.7 101.624 5.005486e+00 3.958110e-03 2.540688e+00 -1.760398e+00 -3.207881e-01 -3.370884e+00
102428.9 101.999 5.005522e+00 3.995275e-03 2.542792e+00 -1.871738e+00 -3.133259e-01 -3.492599e+00
102440.9 102.375 5.005522e+00 4.036336e-03 2.524112e+00 -1.980782e+00 -3.166316e-01 -3.607233e+00
102449.4 102.749 5.005496e+00 4.079911e-03 2.508760e+00 -2.058648e+00 -3.204040e-01 -3.706881e+00
102457.9 103.125 5.005539e+00 4.088977e-03 2.511938e+00 -2.152994e+00 -3.195079e-01 -3.804943e+00
102506.2 103.5 5.005486e+00 4.088440e-03 2.517076e+00 -2.270705e+00 -3.083809e-01 -3.917484e+00
102514.0 103.874 5.005519e+00 4.096093e-03 2.533025e+00 -2.377790e+00 -3.008039e-01 -4.028532e+00
102521.9 104.25 5.005476e+00 4.116796e-03 2.552401e+00 -2.468540e+00 -2.946326e-01 -4.125622e+00
102530.9 104.625 5.005539e+00 4.132323e-03 2.535353e+00 -2.563179e+00 -2.939198e-01 -4.233101e+00
102540.4 105 5.005493e+00 4.143895e-03 2.518789e+00 -2.683298e+00 -2.973618e-01 -4.371752e+00
102553.0 105.374 5.005484e+00 4.157397e-03 2.520316e+00 -2.799990e+00 -2.995350e-01 -4.494691e+00
102601.9 105.75 5.005465e+00 4.202548e-03 2.519656e+00 -2.880505e+00 -3.048352e-01 -4.582329e+00
102610.4 106.124 5.005509e+00 4.251871e-03 2.524095e+00 -2.973978e+00 -3.012649e-01 -4.684557e+00
102622.8 106.501 5.005512e+00 4.296950e-03 2.545390e+00 -3.093295e+00 -2.915422e-01 -4.817288e+00
102635.0 106.874 5.005527e+00 4.350912e-03 2.557755e+00 -3.211487e+00 -2.883974e-01 -4.939096e+00
102642.6 107.249 5.005525e+00 4.416826e-03 2.533450e+00 -3.309672e+00 -2.936668e-01 -5.046968e+00
102651.1 107.625 5.005545e+00 4.455801e-03 2.521090e+00 -3.408074e+00 -2.991182e-01 -5.163145e+00
102706.5 108 5.005541e+00 4.469452e-03 2.524782e+00 -3.528062e+00 -2.995304e-01 -5.301781e+00
102730.6 108.365 5.005513e+00 4.485333e-03 2.518611e+00 -3.636738e+00 -3.004059e-01 -5.414353e+00
102742.6 108.75 5.005517e+00 4.505658e-03 2.537516e+00 -3.731918e+00 -2.905584e-01 -5.521755e+00
102750.8 109.124 5.005508e+00 4.530850e-03 2.554049e+00 -3.830524e+00 -2.851843e-01 -5.627725e+00
102800.4 109.5 5.005523e+00 4.549320e-03 2.548965e+00 -3.973093e+00 -2.804758e-01 -5.764858e+00
102813.0 109.874 5.005516e+00 4.564940e-03 2.523199e+00 -4.103169e+00 -2.824784e-01 -5.902988e+00
102824.9 110.25 5.005509e+00 4.588557e-03 2.514686e+00 -4.200097e+00 -2.780418e-01 -6.018744e+00
102836.8 110.626 5.005538e+00 4.615594e-03 2.515819e+00 -4.305890e+00 -2.809271e-01 -6.132200e+00
102845.7 111 5.005546e+00 4.623468e-03 2.520860e+00 -4.442394e+00 -2.699403e-01 -6.280028e+00
102909.6 111.365 5.005527e+00 4.635578e-03 2.540825e+00 -4.575473e+00 -2.585916e-01 -6.409877e+00
102918.1 111.749 5.005570e+00 4.650795e-03 2.556829e+00 -4.685914e+00 -2.608206e-01 -6.529854e+00
102926.3 112.125 5.005526e+00 4.660414e-03 2.546132e+00 -4.809314e+00 -2.596841e-01 -6.652870e+00
102933.9 112.499 5.005570e+00 4.668059e-03 2.529919e+00 -4.948631e+00 -2.612360e-01 -6.800391e+00
102941.8 112.875 5.005526e+00 4.692250e-03 2.533428e+00 -5.071508e+00 -2.604497e-01 -6.937574e+00
102952.4 113.25 5.005521e+00 4.722434e-03 2.533531e+00 -5.173005e+00 -2.596514e-01 -7.057696e+00
103001.2 113.625 5.005534e+00 4.750118e-03 2.540804e+00 -5.282598e+00 -2.546142e-01 -7.177088e+00
103010.2 114 5.005546e+00 4.750569e-03 2.562136e+00 -5.420348e+00 -2.612828e-01 -7.318950e+00
103032.3 114.366 5.005537e+00 4.747856e-03 2.557247e+00 -5.563829e+00 -2.808725e-01 -7.451121e+00
103043.5 114.75 5.005543e+00 4.764122e-03 2.547140e+00 -5.679198e+00 -3.222039e-01 -7.575827e+00
103052.7 115.125 5.005529e+00 4.782818e-03 2.529372e+00 -5.802205e+00 -3.581678e-01 -7.713167e+00
103103.4 115.5 5.005488e+00 4.806281e-03 2.534057e+00 -5.947367e+00 -3.925685e-01 -7.880426e+00
103113.6 115.875 5.005520e+00 4.811152e-03 2.527434e+00 -6.087193e+00 -4.144505e-01 -8.039109e+00
103124.5 116.25 5.005522e+00 4.829625e-03 2.539068e+00 -6.195394e+00 -4.289101e-01 -8.156149e+00
103136.4 116.625 5.005501e+00 4.851265e-03 2.550038e+00 -6.319367e+00 -4.370108e-01 -8.291818e+00
103145.4 116.999 5.005549e+00 4.874690e-03 2.534887e+00 -6.465347e+00 -4.561705e-01 -8.438782e+00
103210.9 117.365 5.005504e+00 4.887566e-03 2.517731e+00 -6.612072e+00 -4.638335e-01 -8.573568e+00
103220.1 117.749 5.005499e+00 4.883758e-03 2.529067e+00 -6.738471e+00 -4.692385e-01 -8.696307e+00
103228.4 118.125 5.005502e+00 4.811682e-03 2.523805e+00 -6.863965e+00 -4.604505e-01 -8.824026e+00
103239.3 118.501 5.005493e+00 4.655364e-03 2.515065e+00 -7.021283e+00 -4.423421e-01 -8.964556e+00
103248.1 118.875 5.005510e+00 4.473310e-03 2.515592e+00 -7.170786e+00 -4.225730e-01 -9.097012e+00
