% Fogale DL Rail Calibration results.
% DL=2, Date=2016-03-10T09:34:45
% Tunnel Temperature=17.94 oC
% Scan Range: 1.125 - 118.875 mOPL
% Metrology used: ENCODERS
% Sensors: CALIBRATED
% Name=jos
% Comment=delirium on delirium
% WPS-Sensor tunnel center: WPS-2D-7D0-013
% WPS-Sensor tunnel end: WPS-2D-7D0-001
% DOMS-Sensor: DOM-7D2-003 S-330
% INCLINOMETER-Sensor: Inclinix
% TIMESTAMP[hhmmss.s] OPL-POSITION[m] DOMS[mm] INCL[rad] WPSTctrY[mm] WPSTctrZ[mm] WPSTendY[mm] WPSTendZ[mm]
093527.6 1.12498 5.000756e+00 7.502194e-05 -3.152195e+00 -8.324126e+00 -2.368330e+00 -9.158421e+00
093539.6 1.49959 5.000786e+00 3.763947e-05 -3.171762e+00 -8.195823e+00 -2.371253e+00 -9.005759e+00
093550.1 1.87452 5.000751e+00 2.840157e-05 -3.201565e+00 -8.026152e+00 -2.390002e+00 -8.846717e+00
093603.1 2.24945 5.000784e+00 4.751743e-05 -3.210862e+00 -7.826828e+00 -2.423349e+00 -8.684814e+00
093616.1 2.62496 5.000760e+00 8.982047e-05 -3.225340e+00 -7.652011e+00 -2.466158e+00 -8.528865e+00
093628.7 3.00033 5.000774e+00 9.750748e-05 -3.240248e+00 -7.522440e+00 -2.526675e+00 -8.392417e+00
093642.3 3.37457 5.000797e+00 7.978414e-05 -3.241046e+00 -7.355874e+00 -2.611768e+00 -8.253927e+00
093655.6 3.74969 5.000750e+00 7.082137e-05 -3.255671e+00 -7.184209e+00 -2.690673e+00 -8.103359e+00
093708.6 4.12449 5.000784e+00 7.449722e-05 -3.268633e+00 -7.018589e+00 -2.750770e+00 -7.971616e+00
093719.5 4.50012 5.000788e+00 6.798861e-05 -3.333314e+00 -6.865247e+00 -2.810411e+00 -7.849452e+00
093729.0 4.87499 5.000784e+00 6.096165e-05 -3.348836e+00 -6.725394e+00 -2.836877e+00 -7.716503e+00
093736.9 5.24941 5.000787e+00 4.808541e-05 -3.321645e+00 -6.551813e+00 -2.860342e+00 -7.568243e+00
093748.1 5.62516 5.000782e+00 2.824332e-05 -3.326452e+00 -6.406576e+00 -2.859922e+00 -7.416530e+00
093800.4 6.00003 5.000785e+00 5.158972e-06 -3.358511e+00 -6.271996e+00 -2.856423e+00 -7.293995e+00
093814.7 6.37431 5.000811e+00 -1.856026e-05 -3.387855e+00 -6.122287e+00 -2.867847e+00 -7.165831e+00
093825.6 6.74981 5.000784e+00 -4.542965e-05 -3.450021e+00 -5.951970e+00 -2.884225e+00 -7.032487e+00
093838.0 7.12462 5.000788e+00 -7.555899e-05 -3.497389e+00 -5.804852e+00 -2.896784e+00 -6.884830e+00
093849.2 7.49961 5.000722e+00 -9.001002e-05 -3.584244e+00 -5.686603e+00 -2.914750e+00 -6.759095e+00
093901.8 7.87518 5.000780e+00 -8.353940e-05 -3.707330e+00 -5.562033e+00 -2.937263e+00 -6.624284e+00
093913.8 8.25017 5.000779e+00 -5.684673e-05 -3.784093e+00 -5.400876e+00 -2.951134e+00 -6.485271e+00
093925.7 8.62574 5.000759e+00 -3.325553e-05 -3.846243e+00 -5.259925e+00 -2.958238e+00 -6.352449e+00
093934.3 8.99927 5.000798e+00 -3.564898e-05 -3.863964e+00 -5.141779e+00 -2.957565e+00 -6.232580e+00
093948.7 9.37488 5.000765e+00 -5.057030e-05 -3.854177e+00 -5.016910e+00 -2.958427e+00 -6.119008e+00
094001.3 9.75 5.000760e+00 -5.950813e-05 -3.831494e+00 -4.862558e+00 -2.958588e+00 -5.974064e+00
094013.6 10.1252 5.000806e+00 -3.832923e-05 -3.803607e+00 -4.721413e+00 -2.955289e+00 -5.833780e+00
094024.8 10.4999 5.000813e+00 -1.382863e-05 -3.807378e+00 -4.597377e+00 -2.969512e+00 -5.727792e+00
094036.2 10.8743 5.000822e+00 -8.755079e-06 -3.823585e+00 -4.470942e+00 -2.971903e+00 -5.606937e+00
094046.8 11.2501 5.000761e+00 5.403187e-06 -3.834210e+00 -4.315250e+00 -2.984554e+00 -5.468165e+00
094055.4 11.6247 5.000786e+00 3.296871e-07 -3.856873e+00 -4.172437e+00 -2.979679e+00 -5.326641e+00
094107.7 11.9994 5.000803e+00 -1.406059e-05 -3.851304e+00 -4.061573e+00 -2.977760e+00 -5.223069e+00
094122.3 12.3749 5.000766e+00 6.917293e-06 -3.842633e+00 -3.934671e+00 -2.978869e+00 -5.108096e+00
094134.6 12.7498 5.000791e+00 5.201735e-05 -3.860325e+00 -3.790564e+00 -3.000249e+00 -4.981253e+00
094142.8 13.125 5.000781e+00 6.479573e-05 -3.884835e+00 -3.657178e+00 -3.008778e+00 -4.861922e+00
094155.0 13.5005 5.000779e+00 7.186556e-05 -3.890177e+00 -3.547121e+00 -3.013756e+00 -4.747296e+00
094207.3 13.8752 5.000763e+00 9.146314e-05 -3.913327e+00 -3.427812e+00 -3.029110e+00 -4.631688e+00
094220.0 14.2493 5.000798e+00 1.256295e-04 -3.922141e+00 -3.271732e+00 -3.029018e+00 -4.489037e+00
094300.5 14.6051 5.000798e+00 1.534022e-04 -3.936009e+00 -3.148703e+00 -3.033442e+00 -4.367274e+00
094313.1 14.9998 5.000788e+00 1.944970e-04 -3.911768e+00 -3.028819e+00 -3.049202e+00 -4.263685e+00
094325.8 15.3744 5.000782e+00 2.616303e-04 -3.938460e+00 -2.918742e+00 -3.063153e+00 -4.143917e+00
094348.0 15.7407 5.000769e+00 3.365377e-04 -3.960321e+00 -2.764864e+00 -3.077503e+00 -4.017671e+00
094400.6 16.1241 5.000772e+00 3.969215e-04 -3.961822e+00 -2.622399e+00 -3.086918e+00 -3.890781e+00
094412.9 16.5 5.000786e+00 4.346238e-04 -3.978837e+00 -2.517933e+00 -3.095638e+00 -3.780100e+00
094426.0 16.8741 5.000788e+00 4.935913e-04 -3.983133e+00 -2.400711e+00 -3.094475e+00 -3.663556e+00
094438.6 17.2495 5.000769e+00 5.695581e-04 -3.989478e+00 -2.280081e+00 -3.110050e+00 -3.537031e+00
094446.9 17.625 5.000775e+00 6.312631e-04 -4.000189e+00 -2.154304e+00 -3.127510e+00 -3.421326e+00
094501.2 17.9996 5.000791e+00 6.604636e-04 -4.014506e+00 -2.048187e+00 -3.137857e+00 -3.321931e+00
094515.5 18.3744 5.000772e+00 6.808935e-04 -4.035062e+00 -1.932420e+00 -3.152481e+00 -3.218810e+00
094529.5 18.7497 5.000799e+00 6.953478e-04 -4.040825e+00 -1.792770e+00 -3.158428e+00 -3.099421e+00
094541.4 19.1251 5.000806e+00 6.797128e-04 -4.043845e+00 -1.670257e+00 -3.163110e+00 -2.989531e+00
094549.6 19.5 5.000765e+00 6.233155e-04 -4.037601e+00 -1.577056e+00 -3.159680e+00 -2.903834e+00
094557.5 19.8744 5.000797e+00 5.707562e-04 -4.033905e+00 -1.482520e+00 -3.166559e+00 -2.808886e+00
094613.1 20.2502 5.000776e+00 5.280234e-04 -4.035667e+00 -1.367892e+00 -3.174764e+00 -2.704932e+00
094621.0 20.625 5.000763e+00 4.421887e-04 -4.047499e+00 -1.259719e+00 -3.176820e+00 -2.597426e+00
094629.9 21.0004 5.000772e+00 3.655719e-04 -4.043880e+00 -1.173350e+00 -3.170876e+00 -2.518682e+00
094640.4 21.3743 5.000792e+00 2.928652e-04 -4.043052e+00 -1.082882e+00 -3.164100e+00 -2.436713e+00
094653.7 21.7504 5.000769e+00 2.915585e-04 -4.044490e+00 -9.565282e-01 -3.166542e+00 -2.314240e+00
094705.7 22.1251 5.000778e+00 3.041712e-04 -4.029736e+00 -8.410082e-01 -3.179034e+00 -2.212577e+00
094717.3 22.5 5.000792e+00 2.874143e-04 -4.041233e+00 -7.533717e-01 -3.185327e+00 -2.126966e+00
094730.0 22.8752 5.000784e+00 2.588954e-04 -4.048507e+00 -6.609773e-01 -3.197032e+00 -2.041968e+00
094741.5 23.2502 5.000753e+00 2.494123e-04 -4.070726e+00 -5.423719e-01 -3.196880e+00 -1.937792e+00
094749.8 23.6245 5.000805e+00 2.368624e-04 -4.078833e+00 -4.384307e-01 -3.201245e+00 -1.842352e+00
094802.4 23.9993 5.000797e+00 2.042715e-04 -4.087367e+00 -3.540751e-01 -3.201397e+00 -1.762460e+00
094816.0 24.375 5.000773e+00 1.848258e-04 -4.076771e+00 -2.608418e-01 -3.199965e+00 -1.670553e+00
094824.3 24.7494 5.000773e+00 1.906072e-04 -4.069653e+00 -1.442665e-01 -3.207599e+00 -1.565464e+00
094832.2 25.1253 5.000808e+00 1.823483e-04 -4.080335e+00 -3.058328e-02 -3.225294e+00 -1.467054e+00
094840.0 25.4995 5.000784e+00 1.744774e-04 -4.103081e+00 4.542574e-02 -3.234587e+00 -1.395705e+00
094854.0 25.8749 5.000771e+00 1.941668e-04 -4.098773e+00 1.337395e-01 -3.237125e+00 -1.312031e+00
094906.7 26.2496 5.000769e+00 2.212489e-04 -4.121465e+00 2.571771e-01 -3.243471e+00 -1.216578e+00
094916.2 26.6248 5.000794e+00 2.061277e-04 -4.124021e+00 3.632654e-01 -3.244785e+00 -1.120608e+00
094928.2 27.0003 5.000735e+00 1.780486e-04 -4.111727e+00 4.423838e-01 -3.250019e+00 -1.043992e+00
094942.2 27.3741 5.000794e+00 1.674564e-04 -4.111359e+00 5.279813e-01 -3.263287e+00 -9.576910e-01
094955.8 27.7496 5.000798e+00 1.855407e-04 -4.124919e+00 6.304200e-01 -3.272607e+00 -8.559503e-01
095008.1 28.1253 5.000772e+00 2.227943e-04 -4.143203e+00 7.296536e-01 -3.276878e+00 -7.617998e-01
095019.7 28.4992 5.000798e+00 2.487005e-04 -4.158724e+00 8.119876e-01 -3.284236e+00 -6.910699e-01
095030.9 28.8744 5.000810e+00 2.409413e-04 -4.172114e+00 8.967621e-01 -3.284799e+00 -6.153877e-01
095043.7 29.2504 5.000784e+00 2.315979e-04 -4.168094e+00 1.003768e+00 -3.288163e+00 -5.267439e-01
095053.2 29.6247 5.000755e+00 2.123351e-04 -4.166228e+00 1.095491e+00 -3.297195e+00 -4.457942e-01
095101.7 30.0002 5.000783e+00 1.979288e-04 -4.167114e+00 1.164265e+00 -3.307117e+00 -3.797330e-01
095116.0 30.3747 5.000797e+00 1.877017e-04 -4.184375e+00 1.237179e+00 -3.313335e+00 -3.013639e-01
095129.7 30.7496 5.000801e+00 1.836420e-04 -4.196508e+00 1.329515e+00 -3.315549e+00 -2.090757e-01
095142.3 31.1247 5.000785e+00 1.767121e-04 -4.199933e+00 1.419303e+00 -3.320319e+00 -1.267755e-01
095154.6 31.4991 5.000795e+00 1.480966e-04 -4.197769e+00 1.491441e+00 -3.320016e+00 -7.032155e-02
095206.2 31.8748 5.000781e+00 1.481453e-04 -4.193985e+00 1.574197e+00 -3.321299e+00 -1.418420e-02
095220.8 32.25 5.000779e+00 1.566555e-04 -4.193143e+00 1.676016e+00 -3.329919e+00 8.167706e-02
095232.5 32.6259 5.000752e+00 1.723520e-04 -4.204707e+00 1.769815e+00 -3.340909e+00 1.664858e-01
095243.7 32.9999 5.000797e+00 1.552097e-04 -4.223664e+00 1.832570e+00 -3.341830e+00 2.248814e-01
095257.7 33.3742 5.000802e+00 1.396720e-04 -4.223183e+00 1.900272e+00 -3.348962e+00 2.854102e-01
095311.3 33.7496 5.000795e+00 1.478592e-04 -4.234284e+00 1.988371e+00 -3.350377e+00 3.596649e-01
095319.1 34.1244 5.000808e+00 1.520104e-04 -4.237108e+00 2.072172e+00 -3.359801e+00 4.362295e-01
095331.1 34.4998 5.000790e+00 1.413501e-04 -4.228342e+00 2.136334e+00 -3.362490e+00 4.922504e-01
095343.7 34.8746 5.000810e+00 1.173021e-04 -4.236730e+00 2.212295e+00 -3.374102e+00 5.578814e-01
095355.6 35.2496 5.000781e+00 1.250791e-04 -4.244554e+00 2.303451e+00 -3.377239e+00 6.404173e-01
095403.8 35.6248 5.000812e+00 1.337126e-04 -4.256346e+00 2.388560e+00 -3.377848e+00 7.144942e-01
095416.5 35.9999 5.000792e+00 1.157938e-04 -4.256630e+00 2.437146e+00 -3.380833e+00 7.614191e-01
095429.1 36.3747 5.000785e+00 1.104325e-04 -4.264395e+00 2.487266e+00 -3.382610e+00 8.150177e-01
095443.8 36.7495 5.000765e+00 1.118855e-04 -4.265665e+00 2.582471e+00 -3.384571e+00 8.865250e-01
095452.9 37.1249 5.000792e+00 1.079541e-04 -4.260864e+00 2.659960e+00 -3.390783e+00 9.516828e-01
095504.3 37.5001 5.000799e+00 9.505962e-05 -4.269482e+00 2.717626e+00 -3.399622e+00 1.000271e+00
095515.8 37.8745 5.000775e+00 9.544445e-05 -4.284422e+00 2.778233e+00 -3.412921e+00 1.067222e+00
095524.0 38.2493 5.000786e+00 1.035885e-04 -4.298505e+00 2.854956e+00 -3.409892e+00 1.134760e+00
095534.9 38.6252 5.000776e+00 9.671989e-05 -4.303986e+00 2.924979e+00 -3.418336e+00 1.199607e+00
095548.5 38.9993 5.000788e+00 9.972357e-05 -4.303162e+00 2.979114e+00 -3.415958e+00 1.242005e+00
095601.8 39.3755 5.000769e+00 1.190409e-04 -4.294385e+00 3.043774e+00 -3.422362e+00 1.296079e+00
095616.5 39.7504 5.000794e+00 1.450808e-04 -4.305213e+00 3.126957e+00 -3.435217e+00 1.363819e+00
095628.1 40.1252 5.000773e+00 1.416363e-04 -4.314383e+00 3.197498e+00 -3.443506e+00 1.422650e+00
095636.0 40.5001 5.000784e+00 1.272289e-04 -4.319217e+00 3.240249e+00 -3.441810e+00 1.467426e+00
095647.6 40.8748 5.000754e+00 1.161467e-04 -4.325870e+00 3.290195e+00 -3.442795e+00 1.510727e+00
095700.3 41.2498 5.000784e+00 1.213004e-04 -4.341102e+00 3.369334e+00 -3.447064e+00 1.574902e+00
095708.2 41.6249 5.000784e+00 1.287734e-04 -4.328810e+00 3.430260e+00 -3.456601e+00 1.634767e+00
095721.5 41.9998 5.000794e+00 1.484629e-04 -4.331807e+00 3.479475e+00 -3.459114e+00 1.660179e+00
095732.4 42.3748 5.000798e+00 1.176556e-04 -4.337145e+00 3.531012e+00 -3.466044e+00 1.688956e+00
095746.1 42.7497 5.000790e+00 1.814558e-04 -4.364339e+00 3.607974e+00 -3.481479e+00 1.771577e+00
095758.0 43.1247 5.000790e+00 2.520455e-04 -4.377204e+00 3.678954e+00 -3.484267e+00 1.838969e+00
095807.9 43.5001 5.000768e+00 2.851225e-04 -4.393767e+00 3.724302e+00 -3.493441e+00 1.874811e+00
095820.9 43.8757 5.000811e+00 3.010115e-04 -4.396512e+00 3.777453e+00 -3.490181e+00 1.913774e+00
095833.1 44.2499 5.000806e+00 3.333384e-04 -4.383650e+00 3.839679e+00 -3.500531e+00 1.967052e+00
095846.8 44.625 5.000782e+00 3.468258e-04 -4.383787e+00 3.894243e+00 -3.513833e+00 2.017902e+00
095859.4 44.9995 5.000799e+00 3.446832e-04 -4.400442e+00 3.939736e+00 -3.518690e+00 2.049111e+00
095911.3 45.3748 5.000785e+00 3.688577e-04 -4.409202e+00 3.987902e+00 -3.522540e+00 2.094824e+00
095925.0 45.7492 5.000792e+00 4.312283e-04 -4.425348e+00 4.056777e+00 -3.533726e+00 2.153164e+00
095937.6 46.1241 5.000780e+00 5.018782e-04 -4.436945e+00 4.125358e+00 -3.541135e+00 2.211057e+00
095948.2 46.5001 5.000800e+00 5.451200e-04 -4.428972e+00 4.150392e+00 -3.550931e+00 2.238106e+00
100000.8 46.8744 5.000800e+00 5.739128e-04 -4.445915e+00 4.180672e+00 -3.559036e+00 2.270993e+00
100012.7 47.2502 5.000804e+00 6.079770e-04 -4.447480e+00 4.249253e+00 -3.577891e+00 2.320754e+00
100025.7 47.625 5.000808e+00 6.243204e-04 -4.465547e+00 4.310211e+00 -3.585384e+00 2.370163e+00
100034.0 47.9997 5.000797e+00 6.276662e-04 -4.473448e+00 4.342926e+00 -3.588744e+00 2.393991e+00
100047.6 48.3746 5.000796e+00 6.282658e-04 -4.477724e+00 4.371295e+00 -3.591278e+00 2.420012e+00
100059.5 48.7501 5.000744e+00 6.302463e-04 -4.483653e+00 4.420573e+00 -3.591112e+00 2.467502e+00
100107.4 49.125 5.000779e+00 6.005598e-04 -4.474959e+00 4.465953e+00 -3.591605e+00 2.502530e+00
100115.6 49.4999 5.000779e+00 5.324552e-04 -4.464662e+00 4.488392e+00 -3.602666e+00 2.513720e+00
100127.6 49.8752 5.000801e+00 4.773971e-04 -4.471471e+00 4.517215e+00 -3.614530e+00 2.533705e+00
100139.5 50.25 5.000789e+00 4.565964e-04 -4.484477e+00 4.573940e+00 -3.610074e+00 2.573232e+00
100148.7 50.6247 5.000794e+00 4.443083e-04 -4.494363e+00 4.613337e+00 -3.607249e+00 2.605128e+00
100159.7 50.9999 5.000803e+00 3.947964e-04 -4.496804e+00 4.633285e+00 -3.598741e+00 2.620570e+00
100214.3 51.3755 5.000764e+00 3.463150e-04 -4.491499e+00 4.661248e+00 -3.605280e+00 2.649192e+00
100223.2 51.7497 5.000770e+00 3.296610e-04 -4.480169e+00 4.706671e+00 -3.602247e+00 2.682777e+00
100231.4 52.1248 5.000784e+00 3.425383e-04 -4.487758e+00 4.753680e+00 -3.622556e+00 2.745112e+00
100239.2 52.4994 5.000782e+00 3.631197e-04 -4.494076e+00 4.766721e+00 -3.620635e+00 2.711287e+00
100251.1 52.8741 5.000802e+00 2.759291e-04 -4.494919e+00 4.776750e+00 -3.618117e+00 2.725598e+00
100303.1 53.2495 5.000797e+00 2.858730e-04 -4.515227e+00 4.822865e+00 -3.625159e+00 2.780509e+00
100311.1 53.6248 5.000772e+00 2.768554e-04 -4.516028e+00 4.864226e+00 -3.616711e+00 2.805959e+00
100323.0 54.0003 5.000808e+00 2.545083e-04 -4.500965e+00 4.874027e+00 -3.623610e+00 2.816987e+00
100337.3 54.3755 5.000786e+00 2.288262e-04 -4.492416e+00 4.892602e+00 -3.635830e+00 2.823616e+00
100346.5 54.7492 5.000822e+00 2.132093e-04 -4.514136e+00 4.940979e+00 -3.649260e+00 2.851897e+00
100354.7 55.1248 5.000782e+00 1.735610e-04 -4.515423e+00 4.963310e+00 -3.644947e+00 2.877624e+00
100403.2 55.4995 5.000770e+00 1.302443e-04 -4.520296e+00 4.982131e+00 -3.637804e+00 2.876479e+00
100415.2 55.8748 5.000791e+00 1.191207e-04 -4.524840e+00 4.995700e+00 -3.639673e+00 2.889230e+00
100427.6 56.25 5.000794e+00 1.588117e-04 -4.527859e+00 5.038165e+00 -3.647882e+00 2.916215e+00
100436.1 56.6247 5.000829e+00 1.962991e-04 -4.525759e+00 5.086299e+00 -3.662618e+00 2.944124e+00
100448.7 57.0003 5.000805e+00 2.086309e-04 -4.518202e+00 5.066815e+00 -3.675377e+00 2.944467e+00
100500.0 57.3751 5.000790e+00 2.063296e-04 -4.537779e+00 5.092541e+00 -3.678230e+00 2.954751e+00
100512.6 57.7501 5.000787e+00 2.048393e-04 -4.557541e+00 5.134010e+00 -3.673476e+00 2.976376e+00
100525.3 58.1259 5.000788e+00 1.907115e-04 -4.567857e+00 5.166646e+00 -3.685234e+00 2.994689e+00
100533.1 58.4994 5.000782e+00 1.623213e-04 -4.569436e+00 5.166203e+00 -3.677799e+00 2.991196e+00
100545.1 58.8745 5.000813e+00 1.515285e-04 -4.552533e+00 5.167316e+00 -3.685285e+00 2.993417e+00
100556.1 59.2499 5.000747e+00 1.466910e-04 -4.548945e+00 5.194081e+00 -3.691525e+00 3.013442e+00
100607.8 59.6254 5.000797e+00 1.204938e-04 -4.564472e+00 5.220524e+00 -3.703042e+00 3.027543e+00
100624.9 60.0009 5.000793e+00 1.039978e-04 -4.586928e+00 5.232510e+00 -3.701339e+00 3.017987e+00
100648.4 60.365 5.000794e+00 1.089432e-04 -4.600608e+00 5.243093e+00 -3.707094e+00 3.011420e+00
100701.0 60.7501 5.000791e+00 1.481820e-04 -4.608059e+00 5.262459e+00 -3.713135e+00 3.025122e+00
100712.2 61.1251 5.000775e+00 1.629264e-04 -4.601172e+00 5.277472e+00 -3.709863e+00 3.027835e+00
100726.5 61.5001 5.000794e+00 1.537376e-04 -4.592015e+00 5.282304e+00 -3.716776e+00 3.024087e+00
100739.1 61.8742 5.000793e+00 1.360445e-04 -4.584637e+00 5.282395e+00 -3.736073e+00 3.030545e+00
100752.0 62.2493 5.000797e+00 1.364845e-04 -4.599908e+00 5.307439e+00 -3.738047e+00 3.049975e+00
100800.6 62.625 5.000806e+00 1.375105e-04 -4.617602e+00 5.321938e+00 -3.746535e+00 3.057932e+00
100812.9 62.9995 5.000780e+00 1.355319e-04 -4.628004e+00 5.316237e+00 -3.745699e+00 3.032994e+00
100826.9 63.3754 5.000807e+00 1.806391e-04 -4.634201e+00 5.317879e+00 -3.756608e+00 3.017716e+00
100835.7 63.7497 5.000797e+00 1.999191e-04 -4.636506e+00 5.344684e+00 -3.757509e+00 3.035843e+00
100843.6 64.1251 5.000788e+00 2.013110e-04 -4.632911e+00 5.365631e+00 -3.767009e+00 3.046273e+00
100853.5 64.5006 5.000807e+00 1.932145e-04 -4.628121e+00 5.339503e+00 -3.780603e+00 3.033048e+00
100905.4 64.8749 5.000772e+00 1.881049e-04 -4.653186e+00 5.328776e+00 -3.787392e+00 3.016891e+00
100917.0 65.2508 5.000794e+00 1.782753e-04 -4.661992e+00 5.336408e+00 -3.780375e+00 3.014512e+00
100929.0 65.6252 5.000804e+00 1.431948e-04 -4.661931e+00 5.336224e+00 -3.790163e+00 3.011562e+00
100938.6 65.9996 5.000780e+00 8.298936e-05 -4.665486e+00 5.323497e+00 -3.784847e+00 2.991236e+00
100948.8 66.3751 5.000798e+00 2.257145e-05 -4.648067e+00 5.317431e+00 -3.778468e+00 2.973481e+00
100957.3 66.7499 5.000782e+00 -2.488528e-05 -4.667847e+00 5.337359e+00 -3.787292e+00 2.978107e+00
101005.1 67.1246 5.000787e+00 -7.409375e-05 -4.665271e+00 5.337862e+00 -3.786734e+00 2.966984e+00
101014.1 67.5009 5.000784e+00 -1.207563e-04 -4.662169e+00 5.302299e+00 -3.780070e+00 2.941104e+00
101025.3 67.8749 5.000793e+00 -1.274916e-04 -4.683329e+00 5.282944e+00 -3.788192e+00 2.915605e+00
101038.0 68.2501 5.000786e+00 -1.095109e-04 -4.685303e+00 5.300634e+00 -3.792472e+00 2.921382e+00
101047.5 68.625 5.000800e+00 -1.088271e-04 -4.672486e+00 5.306876e+00 -3.790147e+00 2.912282e+00
101057.1 69 5.000808e+00 -1.235225e-04 -4.670101e+00 5.284581e+00 -3.798320e+00 2.881734e+00
101107.6 69.3747 5.000776e+00 -1.398047e-04 -4.673625e+00 5.262924e+00 -3.805455e+00 2.858937e+00
101116.2 69.7501 5.000766e+00 -1.495668e-04 -4.689185e+00 5.261454e+00 -3.808631e+00 2.860707e+00
101125.0 70.125 5.000791e+00 -1.587371e-04 -4.701099e+00 5.263801e+00 -3.806900e+00 2.850232e+00
101139.8 70.5012 5.000788e+00 -1.671635e-04 -4.706563e+00 5.235393e+00 -3.807871e+00 2.805847e+00
101151.7 70.8751 5.000810e+00 -1.691472e-04 -4.702184e+00 5.225508e+00 -3.810355e+00 2.772289e+00
101204.6 71.2494 5.000802e+00 -1.742094e-04 -4.697031e+00 5.230408e+00 -3.817362e+00 2.773762e+00
101212.8 71.6248 5.000773e+00 -1.748612e-04 -4.701607e+00 5.234334e+00 -3.820463e+00 2.766388e+00
101222.4 71.9995 5.000801e+00 -1.845262e-04 -4.702640e+00 5.200110e+00 -3.828065e+00 2.738191e+00
101236.1 72.3742 5.000787e+00 -1.926037e-04 -4.722931e+00 5.178182e+00 -3.829512e+00 2.712114e+00
101250.7 72.7504 5.000766e+00 -1.769661e-04 -4.728625e+00 5.170488e+00 -3.832117e+00 2.696104e+00
101301.3 73.1249 5.000780e+00 -1.766451e-04 -4.731784e+00 5.162672e+00 -3.835474e+00 2.687022e+00
101311.8 73.5001 5.000805e+00 -1.502763e-04 -4.728057e+00 5.128539e+00 -3.838940e+00 2.629614e+00
101325.5 73.8738 5.000797e+00 -1.439085e-04 -4.712871e+00 5.106315e+00 -3.832597e+00 2.598415e+00
101337.7 74.2495 5.000798e+00 -1.112511e-04 -4.724819e+00 5.112658e+00 -3.849742e+00 2.600173e+00
101351.7 74.6243 5.000786e+00 -9.416844e-05 -4.752121e+00 5.112452e+00 -3.857044e+00 2.576333e+00
101359.8 74.9994 5.000784e+00 -9.023012e-05 -4.759946e+00 5.064216e+00 -3.875493e+00 2.536020e+00
101412.5 75.3749 5.000802e+00 -8.390001e-05 -4.773664e+00 5.023504e+00 -3.869423e+00 2.488830e+00
101420.8 75.7498 5.000793e+00 -7.598099e-05 -4.783467e+00 5.017547e+00 -3.870861e+00 2.472507e+00
101428.6 76.1249 5.000814e+00 -7.850860e-05 -4.769697e+00 5.010502e+00 -3.872922e+00 2.448425e+00
101440.9 76.5008 5.000788e+00 -8.891150e-05 -4.759366e+00 4.983434e+00 -3.875402e+00 2.405118e+00
101448.7 76.8742 5.000817e+00 -8.123790e-05 -4.757897e+00 4.947042e+00 -3.887570e+00 2.369410e+00
101501.7 77.2486 5.000796e+00 -5.472213e-05 -4.781750e+00 4.935348e+00 -3.897658e+00 2.346296e+00
101513.6 77.6251 5.000799e+00 -3.849400e-05 -4.800341e+00 4.929645e+00 -3.899400e+00 2.316238e+00
101521.8 78.0002 5.000790e+00 -5.488704e-05 -4.810794e+00 4.859369e+00 -3.908621e+00 2.270208e+00
101534.8 78.3751 5.000785e+00 -8.264736e-05 -4.799916e+00 4.837256e+00 -3.913568e+00 2.233805e+00
101543.0 78.7501 5.000791e+00 -8.523000e-05 -4.783750e+00 4.818274e+00 -3.903484e+00 2.201026e+00
101551.2 79.1242 5.000792e+00 -9.130469e-05 -4.802637e+00 4.797012e+00 -3.917889e+00 2.161438e+00
101601.2 79.5002 5.000764e+00 -1.091448e-04 -4.811991e+00 4.741820e+00 -3.940610e+00 2.107534e+00
101613.4 79.8742 5.000754e+00 -1.323007e-04 -4.816892e+00 4.693616e+00 -3.936414e+00 2.057718e+00
101625.7 80.2499 5.000782e+00 -1.305809e-04 -4.829166e+00 4.678997e+00 -3.940872e+00 2.031994e+00
101636.9 80.6249 5.000780e+00 -1.294323e-04 -4.830666e+00 4.651533e+00 -3.935970e+00 1.997677e+00
101704.2 80.9904 5.000790e+00 -1.415698e-04 -4.822101e+00 4.603110e+00 -3.933848e+00 1.938262e+00
101715.5 81.3751 5.000795e+00 -1.473890e-04 -4.819467e+00 4.562473e+00 -3.936259e+00 1.873124e+00
101729.7 81.7501 5.000780e+00 -1.319843e-04 -4.845774e+00 4.538257e+00 -3.954878e+00 1.835999e+00
101742.7 82.1235 5.000813e+00 -1.306111e-04 -4.851631e+00 4.498783e+00 -3.955890e+00 1.797109e+00
101751.3 82.4996 5.000781e+00 -1.622244e-04 -4.847546e+00 4.443405e+00 -3.955168e+00 1.738705e+00
101804.6 82.8745 5.000794e+00 -1.974099e-04 -4.871761e+00 4.411541e+00 -3.952628e+00 1.694127e+00
101814.8 83.2502 5.000792e+00 -2.036445e-04 -4.857567e+00 4.370725e+00 -3.947050e+00 1.659113e+00
101827.7 83.6253 5.000791e+00 -1.720292e-04 -4.852717e+00 4.337669e+00 -3.960402e+00 1.613995e+00
101840.1 84 5.000807e+00 -1.683240e-04 -4.849110e+00 4.271749e+00 -3.970103e+00 1.535798e+00
101852.7 84.3745 5.000791e+00 -1.923854e-04 -4.859552e+00 4.221575e+00 -3.980623e+00 1.467035e+00
101907.0 84.749 5.000794e+00 -1.892885e-04 -4.873941e+00 4.193930e+00 -3.974869e+00 1.437221e+00
101919.3 85.1249 5.000779e+00 -1.891245e-04 -4.886906e+00 4.163071e+00 -3.976309e+00 1.400308e+00
101927.1 85.4999 5.000790e+00 -2.059933e-04 -4.883443e+00 4.090885e+00 -3.977114e+00 1.332263e+00
101937.0 85.8752 5.000805e+00 -2.083631e-04 -4.871549e+00 4.025043e+00 -3.978750e+00 1.270315e+00
101948.9 86.2502 5.000780e+00 -1.952047e-04 -4.870154e+00 3.992765e+00 -3.991644e+00 1.220117e+00
102002.9 86.625 5.000787e+00 -1.899239e-04 -4.880726e+00 3.949033e+00 -3.999523e+00 1.165303e+00
102015.8 86.9998 5.000798e+00 -2.022079e-04 -4.902123e+00 3.897629e+00 -4.010717e+00 1.095252e+00
102026.4 87.3749 5.000773e+00 -2.133073e-04 -4.899411e+00 3.839650e+00 -4.008400e+00 1.032205e+00
102041.4 87.7501 5.000752e+00 -2.051486e-04 -4.909063e+00 3.807121e+00 -4.005330e+00 9.819318e-01
102052.2 88.1256 5.000809e+00 -2.051100e-04 -4.906973e+00 3.755651e+00 -4.004956e+00 9.277136e-01
102100.1 88.4992 5.000793e+00 -2.284917e-04 -4.894047e+00 3.674738e+00 -4.011544e+00 8.473336e-01
102112.4 88.8743 5.000811e+00 -2.542191e-04 -4.893089e+00 3.595380e+00 -4.021376e+00 7.750932e-01
102120.7 89.2493 5.000798e+00 -2.718703e-04 -4.900800e+00 3.564983e+00 -4.025592e+00 7.271950e-01
102128.9 89.6252 5.000801e+00 -2.910526e-04 -4.915475e+00 3.525702e+00 -4.025844e+00 6.694176e-01
102137.8 90.0001 5.000790e+00 -3.003267e-04 -4.914118e+00 3.450107e+00 -4.021402e+00 5.883877e-01
102152.1 90.3744 5.000767e+00 -2.845683e-04 -4.929820e+00 3.387586e+00 -4.028255e+00 5.129694e-01
102205.7 90.7492 5.000818e+00 -2.543613e-04 -4.928720e+00 3.341217e+00 -4.026393e+00 4.605500e-01
102217.6 91.1253 5.000775e+00 -2.286120e-04 -4.931622e+00 3.286196e+00 -4.036605e+00 4.015435e-01
102225.5 91.4997 5.000780e+00 -2.150834e-04 -4.938494e+00 3.211854e+00 -4.046918e+00 3.230548e-01
102237.1 91.8749 5.000816e+00 -2.139121e-04 -4.957747e+00 3.148732e+00 -4.058901e+00 2.510884e-01
102250.8 92.2488 5.000779e+00 -1.915608e-04 -4.961193e+00 3.100577e+00 -4.049375e+00 1.922350e-01
102258.9 92.6248 5.000767e+00 -1.518316e-04 -4.968967e+00 3.044254e+00 -4.064761e+00 1.300148e-01
102307.5 93.0002 5.000760e+00 -1.202552e-04 -4.974740e+00 2.966551e+00 -4.064403e+00 4.604173e-02
102320.1 93.3749 5.000790e+00 -8.957737e-05 -4.960402e+00 2.896168e+00 -4.066964e+00 -3.356938e-02
102328.7 93.7491 5.000776e+00 -5.494159e-05 -4.974599e+00 2.851425e+00 -4.078567e+00 -8.641061e-02
102339.9 94.125 5.000799e+00 -4.781687e-05 -4.976849e+00 2.797801e+00 -4.086776e+00 -1.448305e-01
102350.5 94.5001 5.000779e+00 -3.164988e-05 -4.996442e+00 2.713588e+00 -4.090723e+00 -2.354991e-01
102403.4 94.8738 5.000800e+00 4.309752e-05 -5.004626e+00 2.640964e+00 -4.099146e+00 -3.155175e-01
102416.5 95.25 5.000815e+00 1.210317e-04 -5.017966e+00 2.594807e+00 -4.125199e+00 -3.747289e-01
102428.4 95.6247 5.000781e+00 1.480541e-04 -5.008761e+00 2.531502e+00 -4.117061e+00 -4.426414e-01
102437.2 96.0002 5.000781e+00 1.272344e-04 -5.008465e+00 2.447259e+00 -4.123816e+00 -5.388726e-01
102449.9 96.3746 5.000775e+00 8.574880e-05 -5.012766e+00 2.366099e+00 -4.126283e+00 -6.278956e-01
102503.2 96.7502 5.000794e+00 4.906210e-05 -5.027003e+00 2.300122e+00 -4.127091e+00 -6.957137e-01
102511.4 97.1243 5.000761e+00 4.206538e-05 -5.035972e+00 2.231877e+00 -4.125257e+00 -7.806937e-01
102519.2 97.4995 5.000792e+00 1.066602e-05 -5.035501e+00 2.134639e+00 -4.119759e+00 -8.852729e-01
102527.4 97.8742 5.000778e+00 -3.433631e-05 -5.026872e+00 2.041456e+00 -4.122624e+00 -9.785785e-01
102538.6 98.2501 5.000828e+00 -8.292904e-05 -5.002581e+00 1.980467e+00 -4.123181e+00 -1.051835e+00
102546.8 98.6252 5.000815e+00 -1.262706e-04 -5.010205e+00 1.914413e+00 -4.134918e+00 -1.130163e+00
102558.1 99.0005 5.000779e+00 -1.696608e-04 -5.016664e+00 1.812333e+00 -4.136126e+00 -1.233527e+00
102611.1 99.3751 5.000772e+00 -2.074894e-04 -5.028608e+00 1.712812e+00 -4.134453e+00 -1.336476e+00
102622.3 99.7499 5.000802e+00 -2.160726e-04 -5.040783e+00 1.645169e+00 -4.130959e+00 -1.421477e+00
102629.8 100.125 5.000750e+00 -2.214136e-04 -5.048041e+00 1.575360e+00 -4.132440e+00 -1.503473e+00
102640.7 100.5 5.000764e+00 -2.390271e-04 -5.033923e+00 1.475293e+00 -4.135205e+00 -1.607030e+00
102653.3 100.874 5.000780e+00 -2.532228e-04 -5.016109e+00 1.387440e+00 -4.136015e+00 -1.702402e+00
102703.5 101.25 5.000787e+00 -2.470146e-04 -5.017984e+00 1.315426e+00 -4.145070e+00 -1.784194e+00
102714.1 101.625 5.000791e+00 -2.485053e-04 -5.025217e+00 1.230950e+00 -4.155126e+00 -1.874667e+00
102723.0 101.999 5.000771e+00 -2.390698e-04 -5.046658e+00 1.131681e+00 -4.152365e+00 -1.989322e+00
102746.1 102.365 5.000745e+00 -2.313835e-04 -5.069978e+00 1.042631e+00 -4.160894e+00 -2.089111e+00
102756.7 102.749 5.000772e+00 -2.208893e-04 -5.076419e+00 9.761235e-01 -4.159524e+00 -2.171523e+00
102804.2 103.124 5.000797e+00 -2.107065e-04 -5.066035e+00 9.029643e-01 -4.161354e+00 -2.248834e+00
102814.2 103.5 5.000817e+00 -2.049745e-04 -5.051465e+00 8.005879e-01 -4.162835e+00 -2.360224e+00
102826.4 103.874 5.000781e+00 -1.876344e-04 -5.060694e+00 6.959935e-01 -4.172863e+00 -2.465760e+00
102839.0 104.25 5.000790e+00 -1.508012e-04 -5.079778e+00 6.167236e-01 -4.175488e+00 -2.550002e+00
102849.9 104.625 5.000798e+00 -1.187488e-04 -5.096117e+00 5.348434e-01 -4.173713e+00 -2.644039e+00
102902.9 105 5.000794e+00 -1.059034e-04 -5.113353e+00 4.280649e-01 -4.184916e+00 -2.763568e+00
102915.9 105.375 5.000733e+00 -8.134045e-05 -5.108746e+00 3.309756e-01 -4.184029e+00 -2.870080e+00
102945.1 105.74 5.000794e+00 -2.316971e-05 -5.106300e+00 2.592963e-01 -4.194384e+00 -2.945286e+00
102957.4 106.125 5.000786e+00 1.203968e-05 -5.106330e+00 1.727184e-01 -4.200553e+00 -3.043244e+00
103009.3 106.5 5.000759e+00 3.293798e-05 -5.114055e+00 5.769547e-02 -4.212471e+00 -3.157247e+00
103020.3 106.875 5.000784e+00 7.821509e-05 -5.123547e+00 -4.901489e-02 -4.208608e+00 -3.265248e+00
103028.2 107.25 5.000776e+00 1.401474e-04 -5.139904e+00 -1.260302e-01 -4.218490e+00 -3.355609e+00
103036.7 107.625 5.000765e+00 1.795384e-04 -5.145572e+00 -2.053442e-01 -4.223710e+00 -3.458428e+00
103044.9 108 5.000758e+00 1.918707e-04 -5.134932e+00 -3.150429e-01 -4.222881e+00 -3.579764e+00
103056.9 108.375 5.000790e+00 2.209145e-04 -5.129722e+00 -4.220577e-01 -4.230561e+00 -3.694358e+00
103111.2 108.749 5.000825e+00 2.591417e-04 -5.142298e+00 -5.084753e-01 -4.238514e+00 -3.786851e+00
103125.1 109.124 5.000789e+00 2.822837e-04 -5.162983e+00 -5.989544e-01 -4.249229e+00 -3.891740e+00
103133.0 109.5 5.000776e+00 2.966375e-04 -5.171835e+00 -7.261777e-01 -4.244107e+00 -4.010288e+00
103145.0 109.875 5.000771e+00 3.163812e-04 -5.180016e+00 -8.414133e-01 -4.255824e+00 -4.132147e+00
103156.9 110.25 5.000757e+00 3.479276e-04 -5.178600e+00 -9.244454e-01 -4.259171e+00 -4.230242e+00
103205.2 110.625 5.000797e+00 3.865716e-04 -5.164736e+00 -1.016335e+00 -4.262199e+00 -4.342465e+00
103218.5 110.999 5.000785e+00 3.984516e-04 -5.171730e+00 -1.133336e+00 -4.271143e+00 -4.465417e+00
103228.8 111.375 5.000788e+00 3.843699e-04 -5.176944e+00 -1.252062e+00 -4.270376e+00 -4.582289e+00
103237.1 111.75 5.000779e+00 3.944933e-04 -5.193613e+00 -1.352322e+00 -4.275354e+00 -4.689012e+00
103244.9 112.124 5.000749e+00 4.398360e-04 -5.207581e+00 -1.456503e+00 -4.285847e+00 -4.798471e+00
103255.8 112.5 5.000768e+00 4.817306e-04 -5.209012e+00 -1.587175e+00 -4.280213e+00 -4.933021e+00
103304.0 112.874 5.000739e+00 4.991051e-04 -5.193383e+00 -1.700474e+00 -4.284651e+00 -5.059334e+00
103317.0 113.25 5.000785e+00 5.212420e-04 -5.189732e+00 -1.794874e+00 -4.290798e+00 -5.170431e+00
103327.6 113.625 5.000776e+00 5.104697e-04 -5.199284e+00 -1.896217e+00 -4.305115e+00 -5.283429e+00
103335.8 113.999 5.000797e+00 4.683854e-04 -5.214399e+00 -2.028570e+00 -4.306654e+00 -5.402603e+00
103348.7 114.375 5.000794e+00 4.517134e-04 -5.217530e+00 -2.148745e+00 -4.313023e+00 -5.519040e+00
103357.7 114.749 5.000787e+00 4.772417e-04 -5.222522e+00 -2.250839e+00 -4.328294e+00 -5.618570e+00
103406.2 115.125 5.000776e+00 4.847231e-04 -5.231915e+00 -2.365789e+00 -4.343342e+00 -5.737006e+00
103414.4 115.5 5.000786e+00 4.863415e-04 -5.221323e+00 -2.498639e+00 -4.351491e+00 -5.886856e+00
103426.8 115.875 5.000800e+00 5.379260e-04 -5.220993e+00 -2.618141e+00 -4.373526e+00 -6.036194e+00
103439.7 116.25 5.000769e+00 5.998682e-04 -5.237264e+00 -2.712730e+00 -4.403766e+00 -6.161547e+00
103451.3 116.625 5.000763e+00 6.517698e-04 -5.253467e+00 -2.823769e+00 -4.424798e+00 -6.295665e+00
103515.8 116.989 5.000766e+00 6.600873e-04 -5.271028e+00 -2.965460e+00 -4.445494e+00 -6.426562e+00
103529.8 117.376 5.000778e+00 6.306999e-04 -5.266907e+00 -3.107778e+00 -4.454163e+00 -6.559564e+00
103544.1 117.75 5.000782e+00 5.790633e-04 -5.263589e+00 -3.225922e+00 -4.486058e+00 -6.682264e+00
103555.8 118.125 5.000777e+00 4.940295e-04 -5.247743e+00 -3.335651e+00 -4.492058e+00 -6.767313e+00
103608.4 118.499 5.000787e+00 3.647914e-04 -5.250331e+00 -3.464801e+00 -4.506201e+00 -6.862143e+00
103620.7 118.874 5.000809e+00 2.356469e-04 -5.263801e+00 -3.585883e+00 -4.518478e+00 -6.953402e+00
