% Fogale DL Rail Calibration results.
% DL=2, Date=2016-03-11T09:03:55
% Tunnel Temperature=17.88 oC
% Scan Range: 1.125 - 118.875 mOPL
% Metrology used: ENCODERS
% Sensors: CALIBRATED
% Name=jos
% Comment=delirium on delirium
% WPS-Sensor tunnel center: WPS-2D-7D0-013
% WPS-Sensor tunnel end: WPS-2D-7D0-001
% DOMS-Sensor: DOM-7D2-003 S-330
% INCLINOMETER-Sensor: Inclinix
% TIMESTAMP[hhmmss.s] OPL-POSITION[m] DOMS[mm] INCL[rad] WPSTctrY[mm] WPSTctrZ[mm] WPSTendY[mm] WPSTendZ[mm]
090449.3 1.11488 5.000796e+00 7.707351e-05 -3.150524e+00 -8.328014e+00 -2.369452e+00 -9.163344e+00
090502.1 1.49966 5.000792e+00 3.971505e-05 -3.170820e+00 -8.195993e+00 -2.370919e+00 -9.006970e+00
090511.7 1.87459 5.000741e+00 3.070957e-05 -3.199644e+00 -8.025533e+00 -2.390099e+00 -8.846892e+00
090523.4 2.24945 5.000761e+00 4.573482e-05 -3.210370e+00 -7.826209e+00 -2.423475e+00 -8.685141e+00
090533.3 2.62458 5.000781e+00 9.083490e-05 -3.223119e+00 -7.651599e+00 -2.463872e+00 -8.529304e+00
090546.0 3.00046 5.000759e+00 9.764815e-05 -3.243748e+00 -7.522421e+00 -2.528091e+00 -8.392591e+00
090600.7 3.37507 5.000784e+00 7.740921e-05 -3.239545e+00 -7.355095e+00 -2.611352e+00 -8.255078e+00
090612.7 3.75007 5.000798e+00 7.375846e-05 -3.249962e+00 -7.184763e+00 -2.686823e+00 -8.103199e+00
090625.4 4.12455 5.000773e+00 7.623078e-05 -3.270460e+00 -7.018695e+00 -2.749566e+00 -7.973027e+00
090636.3 4.50018 5.000794e+00 6.983222e-05 -3.332101e+00 -6.865722e+00 -2.809433e+00 -7.851209e+00
090646.3 4.87505 5.000733e+00 6.068633e-05 -3.347944e+00 -6.725929e+00 -2.836188e+00 -7.717772e+00
090657.3 5.25011 5.000768e+00 5.182145e-05 -3.320420e+00 -6.551500e+00 -2.858110e+00 -7.569613e+00
090710.4 5.62504 5.000788e+00 2.970832e-05 -3.326044e+00 -6.406253e+00 -2.859363e+00 -7.418305e+00
090721.7 6.00016 5.000762e+00 5.519179e-06 -3.355490e+00 -6.272041e+00 -2.856633e+00 -7.295491e+00
090735.7 6.37425 5.000759e+00 -1.904853e-05 -3.387333e+00 -6.122324e+00 -2.867128e+00 -7.167473e+00
090747.5 6.74969 5.000769e+00 -4.257211e-05 -3.448441e+00 -5.952089e+00 -2.882684e+00 -7.033573e+00
090759.3 7.12468 5.000800e+00 -7.418025e-05 -3.503773e+00 -5.805183e+00 -2.896438e+00 -6.886447e+00
090810.0 7.49955 5.000805e+00 -8.925365e-05 -3.581974e+00 -5.687838e+00 -2.911489e+00 -6.761145e+00
090821.7 7.87511 5.000776e+00 -8.352057e-05 -3.705674e+00 -5.562229e+00 -2.935375e+00 -6.625437e+00
090833.3 8.2503 5.000735e+00 -5.481908e-05 -3.784582e+00 -5.401726e+00 -2.950387e+00 -6.486790e+00
090844.7 8.62567 5.000786e+00 -3.353053e-05 -3.843928e+00 -5.260615e+00 -2.956948e+00 -6.354231e+00
090857.7 9.00016 5.000778e+00 -3.263887e-05 -3.861611e+00 -5.143182e+00 -2.956893e+00 -6.234874e+00
090909.9 9.37495 5.000773e+00 -4.973393e-05 -3.852759e+00 -5.017666e+00 -2.956131e+00 -6.120815e+00
090922.7 9.75007 5.000808e+00 -5.980155e-05 -3.830521e+00 -4.863911e+00 -2.956790e+00 -5.976367e+00
090936.3 10.1247 5.000825e+00 -3.510598e-05 -3.802957e+00 -4.722396e+00 -2.953637e+00 -5.836836e+00
090948.3 10.5004 5.000786e+00 -1.374310e-05 -3.806098e+00 -4.598654e+00 -2.968915e+00 -5.730160e+00
090959.7 10.8747 5.000759e+00 -7.076034e-06 -3.822087e+00 -4.471575e+00 -2.970158e+00 -5.609243e+00
091011.3 11.2498 5.000751e+00 5.995394e-06 -3.834379e+00 -4.316507e+00 -2.982391e+00 -5.470894e+00
091021.7 11.625 5.000792e+00 1.221066e-06 -3.854987e+00 -4.173792e+00 -2.979005e+00 -5.328974e+00
091030.0 11.9997 5.000794e+00 -1.334621e-05 -3.851954e+00 -4.062952e+00 -2.977443e+00 -5.225503e+00
091044.3 12.3746 5.000769e+00 6.056465e-06 -3.841732e+00 -3.936029e+00 -2.974754e+00 -5.110542e+00
091058.4 12.7497 5.000784e+00 5.604667e-05 -3.858407e+00 -3.792249e+00 -2.998925e+00 -4.984010e+00
091106.0 13.1246 5.000788e+00 6.695732e-05 -3.886478e+00 -3.658716e+00 -3.008483e+00 -4.865040e+00
091117.8 13.5002 5.000769e+00 7.292741e-05 -3.890389e+00 -3.548727e+00 -3.011787e+00 -4.750002e+00
091130.0 13.8748 5.000794e+00 9.538319e-05 -3.913691e+00 -3.429907e+00 -3.026150e+00 -4.634861e+00
091142.7 14.2493 5.000766e+00 1.265446e-04 -3.921912e+00 -3.273208e+00 -3.026422e+00 -4.491848e+00
091156.3 14.6247 5.000779e+00 1.548916e-04 -3.924059e+00 -3.144148e+00 -3.029187e+00 -4.364296e+00
091208.7 15.0003 5.000758e+00 1.926515e-04 -3.910242e+00 -3.030695e+00 -3.046933e+00 -4.266747e+00
091222.3 15.3748 5.000757e+00 2.627776e-04 -3.938316e+00 -2.920488e+00 -3.061930e+00 -4.146378e+00
091235.7 15.7508 5.000770e+00 3.390688e-04 -3.953137e+00 -2.763249e+00 -3.074009e+00 -4.017457e+00
091246.0 16.1252 5.000776e+00 3.984003e-04 -3.966012e+00 -2.624663e+00 -3.085883e+00 -3.893055e+00
091256.1 16.5002 5.000779e+00 4.387651e-04 -3.979070e+00 -2.520592e+00 -3.094154e+00 -3.783265e+00
091309.3 16.8743 5.000759e+00 4.945446e-04 -3.982322e+00 -2.403385e+00 -3.094351e+00 -3.667118e+00
091321.9 17.2496 5.000760e+00 5.718812e-04 -3.991020e+00 -2.282562e+00 -3.107131e+00 -3.539936e+00
091330.4 17.6247 5.000757e+00 6.319726e-04 -4.001370e+00 -2.157103e+00 -3.126939e+00 -3.424303e+00
091343.4 17.9995 5.000775e+00 6.657164e-04 -4.016526e+00 -2.050602e+00 -3.139147e+00 -3.324536e+00
091357.4 18.3745 5.000782e+00 6.823346e-04 -4.034844e+00 -1.935418e+00 -3.149507e+00 -3.221620e+00
091410.4 18.7499 5.000752e+00 6.976126e-04 -4.039243e+00 -1.795789e+00 -3.155070e+00 -3.102277e+00
091419.3 19.1245 5.000777e+00 6.806945e-04 -4.043185e+00 -1.673348e+00 -3.161089e+00 -2.992470e+00
091427.3 19.5 5.000775e+00 6.236451e-04 -4.037584e+00 -1.579351e+00 -3.157557e+00 -2.906805e+00
091440.0 19.8747 5.000772e+00 5.748353e-04 -4.030744e+00 -1.485097e+00 -3.163458e+00 -2.812035e+00
091447.6 20.2504 5.000753e+00 5.256638e-04 -4.035455e+00 -1.370530e+00 -3.173765e+00 -2.708151e+00
091456.0 20.6251 5.000766e+00 4.420139e-04 -4.047685e+00 -1.262848e+00 -3.174629e+00 -2.601261e+00
091505.7 21.0008 5.000759e+00 3.666588e-04 -4.043532e+00 -1.176170e+00 -3.168915e+00 -2.521591e+00
091519.3 21.3741 5.000797e+00 2.920482e-04 -4.042995e+00 -1.085733e+00 -3.161629e+00 -2.440603e+00
091532.4 21.7499 5.000780e+00 2.927556e-04 -4.043853e+00 -9.595175e-01 -3.165234e+00 -2.318131e+00
091542.7 22.1258 5.000781e+00 3.029870e-04 -4.039527e+00 -8.432391e-01 -3.181675e+00 -2.216824e+00
091553.7 22.5001 5.000792e+00 2.914180e-04 -4.040263e+00 -7.560615e-01 -3.184655e+00 -2.131515e+00
091605.7 22.8755 5.000764e+00 2.605855e-04 -4.047758e+00 -6.638656e-01 -3.196532e+00 -2.046272e+00
091616.0 23.2502 5.000754e+00 2.475333e-04 -4.070480e+00 -5.449118e-01 -3.194029e+00 -1.941818e+00
091626.4 23.6254 5.000774e+00 2.407064e-04 -4.078225e+00 -4.412662e-01 -3.198296e+00 -1.846667e+00
091639.7 23.9991 5.000801e+00 2.074835e-04 -4.087392e+00 -3.572636e-01 -3.200933e+00 -1.766902e+00
091653.5 24.3746 5.000732e+00 1.870347e-04 -4.077385e+00 -2.638541e-01 -3.200743e+00 -1.675064e+00
091706.0 24.7499 5.000789e+00 1.926405e-04 -4.066482e+00 -1.478803e-01 -3.205957e+00 -1.569716e+00
091714.7 25.1249 5.000790e+00 1.818715e-04 -4.079009e+00 -3.450697e-02 -3.224346e+00 -1.472105e+00
091725.7 25.5007 5.000748e+00 1.748300e-04 -4.101903e+00 4.172067e-02 -3.232233e+00 -1.400772e+00
091738.8 25.8753 5.000780e+00 1.958270e-04 -4.097447e+00 1.302087e-01 -3.234432e+00 -1.316537e+00
091749.7 26.2495 5.000785e+00 2.211764e-04 -4.122005e+00 2.527064e-01 -3.242331e+00 -1.222183e+00
091758.4 26.625 5.000786e+00 2.060660e-04 -4.123031e+00 3.592659e-01 -3.242366e+00 -1.126139e+00
091810.1 27 5.000771e+00 1.791295e-04 -4.111656e+00 4.384919e-01 -3.248968e+00 -1.049504e+00
091823.7 27.3743 5.000776e+00 1.699470e-04 -4.110805e+00 5.239797e-01 -3.263744e+00 -9.631101e-01
091837.3 27.7496 5.000790e+00 1.893630e-04 -4.123551e+00 6.265057e-01 -3.270647e+00 -8.614104e-01
091848.3 28.1253 5.000757e+00 2.261749e-04 -4.139214e+00 7.249592e-01 -3.272941e+00 -7.676998e-01
091858.6 28.5002 5.000787e+00 2.496589e-04 -4.158962e+00 8.081431e-01 -3.284612e+00 -6.969242e-01
091909.7 28.8743 5.000798e+00 2.442561e-04 -4.171994e+00 8.918439e-01 -3.285298e+00 -6.210744e-01
091918.1 29.2496 5.000766e+00 2.322268e-04 -4.168039e+00 9.990149e-01 -3.285054e+00 -5.323046e-01
091926.7 29.6249 5.000785e+00 2.125318e-04 -4.164720e+00 1.090841e+00 -3.295753e+00 -4.510719e-01
091936.1 29.9996 5.000753e+00 1.994093e-04 -4.166355e+00 1.159658e+00 -3.305600e+00 -3.855039e-01
091949.7 30.3748 5.000776e+00 1.870173e-04 -4.183299e+00 1.231907e+00 -3.309852e+00 -3.073826e-01
092000.7 30.7495 5.000773e+00 1.841789e-04 -4.199273e+00 1.324764e+00 -3.313661e+00 -2.144603e-01
092013.3 31.1247 5.000799e+00 1.801927e-04 -4.199003e+00 1.414125e+00 -3.318238e+00 -1.327429e-01
092026.4 31.4997 5.000765e+00 1.481202e-04 -4.195525e+00 1.485942e+00 -3.319303e+00 -7.585577e-02
092038.4 31.8748 5.000766e+00 1.480586e-04 -4.192842e+00 1.569452e+00 -3.318705e+00 -1.989382e-02
092052.4 32.2501 5.000793e+00 1.563699e-04 -4.195202e+00 1.670478e+00 -3.330228e+00 7.594240e-02
092102.1 32.6249 5.000785e+00 1.722796e-04 -4.205246e+00 1.764213e+00 -3.339736e+00 1.602758e-01
092111.3 32.9999 5.000806e+00 1.534694e-04 -4.222471e+00 1.827542e+00 -3.340297e+00 2.194890e-01
092125.3 33.3743 5.000811e+00 1.391582e-04 -4.223130e+00 1.895503e+00 -3.349510e+00 2.791588e-01
092139.3 33.7497 5.000764e+00 1.499216e-04 -4.233332e+00 1.983277e+00 -3.348604e+00 3.541982e-01
092155.7 34.1258 5.000781e+00 1.535178e-04 -4.237869e+00 2.067404e+00 -3.356778e+00 4.301034e-01
092207.3 34.4995 5.000782e+00 1.435967e-04 -4.227350e+00 2.131200e+00 -3.360299e+00 4.863492e-01
092219.4 34.8748 5.000780e+00 1.185098e-04 -4.235557e+00 2.206267e+00 -3.372062e+00 5.513185e-01
092232.1 35.2491 5.000784e+00 1.275094e-04 -4.243360e+00 2.298244e+00 -3.373375e+00 6.339075e-01
092241.4 35.6246 5.000792e+00 1.341700e-04 -4.256584e+00 2.383292e+00 -3.375884e+00 7.088844e-01
092253.3 35.9996 5.000765e+00 1.172829e-04 -4.255449e+00 2.431682e+00 -3.380285e+00 7.553263e-01
092304.0 36.3741 5.000769e+00 1.127161e-04 -4.263867e+00 2.481983e+00 -3.381772e+00 8.091182e-01
092317.7 36.7501 5.000766e+00 1.105673e-04 -4.261716e+00 2.576731e+00 -3.380252e+00 8.799497e-01
092326.4 37.1254 5.000760e+00 1.083989e-04 -4.258833e+00 2.654670e+00 -3.389011e+00 9.448819e-01
092337.7 37.5006 5.000796e+00 9.391817e-05 -4.268212e+00 2.712111e+00 -3.396630e+00 9.946765e-01
092349.3 37.8747 5.000796e+00 9.624468e-05 -4.284936e+00 2.773003e+00 -3.410917e+00 1.060658e+00
092401.7 38.2504 5.000772e+00 1.062320e-04 -4.296992e+00 2.849257e+00 -3.407929e+00 1.128386e+00
092413.8 38.6248 5.000772e+00 9.849666e-05 -4.303798e+00 2.919574e+00 -3.416859e+00 1.193598e+00
092427.3 38.9994 5.000770e+00 1.006153e-04 -4.302044e+00 2.973882e+00 -3.413312e+00 1.235488e+00
092440.4 39.3753 5.000757e+00 1.218372e-04 -4.293763e+00 3.038074e+00 -3.421066e+00 1.289694e+00
092522.4 39.7305 5.000794e+00 1.451898e-04 -4.315353e+00 3.116196e+00 -3.435200e+00 1.352616e+00
092530.0 40.1247 5.000809e+00 1.422356e-04 -4.313654e+00 3.191269e+00 -3.440110e+00 1.416477e+00
092538.4 40.4997 5.000782e+00 1.270085e-04 -4.318469e+00 3.233651e+00 -3.440151e+00 1.460392e+00
092550.1 40.8746 5.000779e+00 1.177349e-04 -4.325562e+00 3.283971e+00 -3.444017e+00 1.503417e+00
092602.4 41.2495 5.000756e+00 1.243895e-04 -4.340854e+00 3.363433e+00 -3.444243e+00 1.568325e+00
092615.3 41.6248 5.000790e+00 1.299758e-04 -4.327855e+00 3.424512e+00 -3.453969e+00 1.628336e+00
092628.7 42.0003 5.000766e+00 1.517964e-04 -4.330675e+00 3.474058e+00 -3.458337e+00 1.653928e+00
092639.6 42.3742 5.000784e+00 1.174655e-04 -4.336310e+00 3.524374e+00 -3.465299e+00 1.681752e+00
092653.4 42.7493 5.000788e+00 1.831654e-04 -4.363424e+00 3.600972e+00 -3.480518e+00 1.764049e+00
092705.3 43.1245 5.000772e+00 2.540955e-04 -4.382708e+00 3.672920e+00 -3.484392e+00 1.832023e+00
092716.7 43.5001 5.000799e+00 2.855276e-04 -4.392757e+00 3.718341e+00 -3.492027e+00 1.868194e+00
092731.4 43.8749 5.000778e+00 3.014055e-04 -4.396830e+00 3.770586e+00 -3.488255e+00 1.907213e+00
092744.0 44.2498 5.000802e+00 3.339657e-04 -4.383751e+00 3.833480e+00 -3.500120e+00 1.960342e+00
092752.0 44.6252 5.000761e+00 3.509382e-04 -4.383393e+00 3.887990e+00 -3.511907e+00 2.011473e+00
092805.5 44.9998 5.000779e+00 3.474748e-04 -4.401156e+00 3.932936e+00 -3.516780e+00 2.042446e+00
092817.3 45.375 5.000793e+00 3.699203e-04 -4.408645e+00 3.981979e+00 -3.521866e+00 2.088773e+00
092840.7 45.7402 5.000779e+00 4.327806e-04 -4.431855e+00 4.049426e+00 -3.534376e+00 2.144966e+00
092853.7 46.1246 5.000806e+00 5.071658e-04 -4.436554e+00 4.119223e+00 -3.536686e+00 2.204483e+00
092904.7 46.5006 5.000788e+00 5.449744e-04 -4.428236e+00 4.143838e+00 -3.546758e+00 2.230942e+00
092915.7 46.8748 5.000823e+00 5.771188e-04 -4.444923e+00 4.174015e+00 -3.558838e+00 2.264644e+00
092927.6 47.2502 5.000809e+00 6.093314e-04 -4.447725e+00 4.243012e+00 -3.578017e+00 2.314314e+00
092935.7 47.6252 5.000747e+00 6.260514e-04 -4.463177e+00 4.303496e+00 -3.582261e+00 2.364084e+00
092944.7 47.9997 5.000767e+00 6.289797e-04 -4.474033e+00 4.336688e+00 -3.589198e+00 2.388340e+00
092958.7 48.3748 5.000790e+00 6.284364e-04 -4.477041e+00 4.365888e+00 -3.588278e+00 2.414310e+00
093009.6 48.7497 5.000804e+00 6.334430e-04 -4.483281e+00 4.414716e+00 -3.586763e+00 2.461334e+00
093017.3 49.1245 5.000788e+00 6.046571e-04 -4.475020e+00 4.459883e+00 -3.591416e+00 2.495706e+00
093026.0 49.5 5.000796e+00 5.355761e-04 -4.463929e+00 4.482391e+00 -3.600677e+00 2.506843e+00
093037.7 49.8755 5.000797e+00 4.773930e-04 -4.470653e+00 4.510697e+00 -3.612248e+00 2.526875e+00
093048.7 50.2503 5.000779e+00 4.587461e-04 -4.482455e+00 4.566707e+00 -3.607346e+00 2.565958e+00
093057.7 50.6246 5.000768e+00 4.435140e-04 -4.493172e+00 4.607356e+00 -3.604626e+00 2.598468e+00
093109.4 50.9998 5.000795e+00 3.966996e-04 -4.494371e+00 4.627078e+00 -3.595841e+00 2.613883e+00
093123.7 51.3756 5.000800e+00 3.481630e-04 -4.490150e+00 4.655258e+00 -3.602940e+00 2.642467e+00
093132.7 51.7499 5.000787e+00 3.288625e-04 -4.479265e+00 4.700321e+00 -3.602065e+00 2.675351e+00
093141.7 52.1242 5.000797e+00 3.393143e-04 -4.486676e+00 4.747334e+00 -3.619063e+00 2.736255e+00
093153.4 52.5002 5.000801e+00 3.662042e-04 -4.492923e+00 4.760384e+00 -3.616534e+00 2.703774e+00
093205.7 52.8743 5.000760e+00 2.760490e-04 -4.494385e+00 4.770103e+00 -3.615623e+00 2.718030e+00
093217.9 53.2495 5.000781e+00 2.846239e-04 -4.514038e+00 4.816553e+00 -3.621041e+00 2.772490e+00
093231.3 53.6248 5.000792e+00 2.779024e-04 -4.514044e+00 4.857410e+00 -3.612722e+00 2.797885e+00
093243.8 54.0005 5.000813e+00 2.535540e-04 -4.499736e+00 4.867567e+00 -3.622303e+00 2.809202e+00
093257.9 54.3754 5.000774e+00 2.327523e-04 -4.491121e+00 4.885367e+00 -3.632685e+00 2.814567e+00
093311.7 54.7498 5.000765e+00 2.156515e-04 -4.516247e+00 4.934877e+00 -3.646476e+00 2.844682e+00
093321.4 55.1251 5.000794e+00 1.793795e-04 -4.519583e+00 4.957455e+00 -3.642655e+00 2.870690e+00
093329.3 55.4994 5.000794e+00 1.295182e-04 -4.519423e+00 4.975534e+00 -3.634070e+00 2.868549e+00
093341.5 55.875 5.000811e+00 1.209656e-04 -4.523454e+00 4.988888e+00 -3.635289e+00 2.881417e+00
093353.3 56.25 5.000775e+00 1.600084e-04 -4.526676e+00 5.031111e+00 -3.647217e+00 2.908812e+00
093401.7 56.6253 5.000779e+00 1.975252e-04 -4.525199e+00 5.078511e+00 -3.660080e+00 2.936584e+00
093410.7 56.9995 5.000795e+00 2.050040e-04 -4.518139e+00 5.060328e+00 -3.669657e+00 2.936960e+00
093423.8 57.3748 5.000770e+00 2.062129e-04 -4.537144e+00 5.085094e+00 -3.674197e+00 2.947586e+00
093437.4 57.7492 5.000781e+00 2.072317e-04 -4.555999e+00 5.126150e+00 -3.671457e+00 2.968687e+00
093451.4 58.1256 5.000809e+00 1.930812e-04 -4.567783e+00 5.159571e+00 -3.683029e+00 2.987726e+00
093459.7 58.4994 5.000835e+00 1.631348e-04 -4.569682e+00 5.158488e+00 -3.676939e+00 2.983088e+00
093512.1 58.8747 5.000797e+00 1.529630e-04 -4.551545e+00 5.159791e+00 -3.685379e+00 2.985776e+00
093520.5 59.2493 5.000799e+00 1.456176e-04 -4.550355e+00 5.186964e+00 -3.692152e+00 3.006499e+00
093529.7 59.6243 5.000779e+00 1.223502e-04 -4.566441e+00 5.214106e+00 -3.700817e+00 3.020629e+00
093542.4 60.0005 5.000798e+00 1.028190e-04 -4.584388e+00 5.225365e+00 -3.698690e+00 3.010611e+00
093605.4 60.3649 5.000801e+00 1.100975e-04 -4.600146e+00 5.236278e+00 -3.707340e+00 3.003569e+00
093620.4 60.748 5.000793e+00 1.469913e-04 -4.608903e+00 5.254770e+00 -3.713060e+00 3.017026e+00
093628.7 61.125 5.000812e+00 1.638554e-04 -4.602485e+00 5.269920e+00 -3.710553e+00 3.020786e+00
093639.7 61.5008 5.000767e+00 1.527476e-04 -4.590478e+00 5.274963e+00 -3.714801e+00 3.017042e+00
093652.0 61.8739 5.000799e+00 1.349950e-04 -4.582654e+00 5.275007e+00 -3.731861e+00 3.023779e+00
093713.8 62.2396 5.000764e+00 1.384129e-04 -4.607404e+00 5.299991e+00 -3.735811e+00 3.041529e+00
093722.4 62.6245 5.000759e+00 1.388034e-04 -4.615996e+00 5.313987e+00 -3.744607e+00 3.050593e+00
093735.4 62.9996 5.000781e+00 1.350491e-04 -4.627180e+00 5.308910e+00 -3.742733e+00 3.026372e+00
093750.4 63.3752 5.000760e+00 1.810030e-04 -4.632484e+00 5.311196e+00 -3.754210e+00 3.010496e+00
093800.0 63.7496 5.000742e+00 2.032686e-04 -4.634422e+00 5.337333e+00 -3.757525e+00 3.028845e+00
093808.1 64.1249 5.000775e+00 2.047169e-04 -4.631755e+00 5.358590e+00 -3.763460e+00 3.039163e+00
093818.5 64.5006 5.000807e+00 1.958028e-04 -4.627335e+00 5.332765e+00 -3.777112e+00 3.026159e+00
093830.4 64.8748 5.000806e+00 1.881362e-04 -4.651630e+00 5.322346e+00 -3.784466e+00 3.010761e+00
093838.6 65.2496 5.000793e+00 1.798190e-04 -4.661590e+00 5.328695e+00 -3.778335e+00 3.007674e+00
093851.4 65.6251 5.000786e+00 1.445312e-04 -4.660774e+00 5.329228e+00 -3.789112e+00 3.004507e+00
093902.4 66.0002 5.000787e+00 8.625607e-05 -4.662880e+00 5.316295e+00 -3.783990e+00 2.984503e+00
093915.6 66.3753 5.000803e+00 2.315751e-05 -4.647273e+00 5.310197e+00 -3.777136e+00 2.966729e+00
093928.4 66.7502 5.000805e+00 -2.461669e-05 -4.665018e+00 5.330091e+00 -3.784496e+00 2.970588e+00
093936.4 67.125 5.000771e+00 -7.585211e-05 -4.667825e+00 5.331055e+00 -3.785907e+00 2.959278e+00
093944.7 67.5004 5.000803e+00 -1.185834e-04 -4.662638e+00 5.295019e+00 -3.778967e+00 2.933680e+00
093956.4 67.8748 5.000799e+00 -1.260320e-04 -4.683266e+00 5.275824e+00 -3.787095e+00 2.908307e+00
094009.4 68.2499 5.000770e+00 -1.080819e-04 -4.686316e+00 5.293991e+00 -3.792647e+00 2.913662e+00
094017.7 68.6252 5.000762e+00 -1.086987e-04 -4.669878e+00 5.300218e+00 -3.787160e+00 2.904500e+00
094030.0 69.0001 5.000814e+00 -1.226690e-04 -4.666940e+00 5.278040e+00 -3.794877e+00 2.874885e+00
094040.3 69.3745 5.000782e+00 -1.387369e-04 -4.671950e+00 5.256605e+00 -3.800381e+00 2.852531e+00
094049.3 69.7493 5.000787e+00 -1.488170e-04 -4.687314e+00 5.254754e+00 -3.807049e+00 2.853527e+00
094057.4 70.1247 5.000787e+00 -1.577494e-04 -4.701491e+00 5.257597e+00 -3.805890e+00 2.843806e+00
094112.7 70.5006 5.000807e+00 -1.651548e-04 -4.705111e+00 5.227899e+00 -3.804617e+00 2.798841e+00
094124.5 70.8757 5.000796e+00 -1.662171e-04 -4.700407e+00 5.218028e+00 -3.807177e+00 2.764811e+00
094137.3 71.2499 5.000813e+00 -1.712186e-04 -4.696223e+00 5.223560e+00 -3.815092e+00 2.766439e+00
094149.7 71.6248 5.000780e+00 -1.778162e-04 -4.699706e+00 5.227445e+00 -3.816110e+00 2.759695e+00
094158.0 71.9998 5.000781e+00 -1.881401e-04 -4.701428e+00 5.192816e+00 -3.825713e+00 2.730510e+00
094212.1 72.3755 5.000792e+00 -1.891243e-04 -4.720735e+00 5.171385e+00 -3.827059e+00 2.705085e+00
094226.0 72.7501 5.000750e+00 -1.779872e-04 -4.728610e+00 5.163832e+00 -3.829262e+00 2.689089e+00
094233.7 73.1246 5.000807e+00 -1.749120e-04 -4.734294e+00 5.155864e+00 -3.836181e+00 2.679911e+00
094244.4 73.5002 5.000808e+00 -1.505259e-04 -4.727257e+00 5.121264e+00 -3.835659e+00 2.622901e+00
094257.4 73.8749 5.000801e+00 -1.448123e-04 -4.710805e+00 5.098967e+00 -3.828569e+00 2.591004e+00
094310.1 74.2497 5.000784e+00 -1.112078e-04 -4.723829e+00 5.105759e+00 -3.846797e+00 2.592945e+00
094326.4 74.6247 5.000776e+00 -9.246467e-05 -4.751593e+00 5.105830e+00 -3.855577e+00 2.569677e+00
094338.0 75 5.000821e+00 -8.778236e-05 -4.761326e+00 5.057078e+00 -3.873529e+00 2.528769e+00
094350.7 75.3748 5.000787e+00 -8.335612e-05 -4.771881e+00 5.015872e+00 -3.866811e+00 2.481854e+00
094359.3 75.7495 5.000784e+00 -7.623682e-05 -4.783056e+00 5.010033e+00 -3.871427e+00 2.465078e+00
094411.5 76.1254 5.000778e+00 -7.715233e-05 -4.764152e+00 5.002811e+00 -3.868098e+00 2.441687e+00
094419.4 76.4997 5.000752e+00 -8.790971e-05 -4.759045e+00 4.976688e+00 -3.873915e+00 2.398646e+00
094431.3 76.8749 5.000781e+00 -8.110861e-05 -4.756246e+00 4.940339e+00 -3.884871e+00 2.361964e+00
094444.1 77.2499 5.000805e+00 -5.514307e-05 -4.779897e+00 4.927765e+00 -3.895083e+00 2.338904e+00
094457.4 77.6243 5.000807e+00 -3.911070e-05 -4.799346e+00 4.922240e+00 -3.897681e+00 2.308744e+00
094508.1 78.0003 5.000771e+00 -5.480744e-05 -4.807200e+00 4.852426e+00 -3.904063e+00 2.263334e+00
094520.7 78.3751 5.000788e+00 -8.372879e-05 -4.797624e+00 4.830261e+00 -3.911692e+00 2.227738e+00
094535.0 78.7497 5.000794e+00 -8.277532e-05 -4.780147e+00 4.810891e+00 -3.901050e+00 2.194515e+00
094547.4 79.1247 5.000814e+00 -9.360099e-05 -4.799393e+00 4.789897e+00 -3.915103e+00 2.154761e+00
094558.4 79.5 5.000793e+00 -1.109030e-04 -4.808952e+00 4.734782e+00 -3.938966e+00 2.100637e+00
094611.4 79.8745 5.000804e+00 -1.321497e-04 -4.814490e+00 4.686090e+00 -3.930813e+00 2.051706e+00
094623.4 80.2497 5.000777e+00 -1.289382e-04 -4.826990e+00 4.671685e+00 -3.937945e+00 2.025471e+00
094635.7 80.6259 5.000804e+00 -1.296100e-04 -4.827013e+00 4.644602e+00 -3.931263e+00 1.991494e+00
094647.7 81.0008 5.000767e+00 -1.410996e-04 -4.813911e+00 4.594454e+00 -3.928266e+00 1.929293e+00
094700.2 81.3749 5.000767e+00 -1.440846e-04 -4.817422e+00 4.554966e+00 -3.933111e+00 1.867163e+00
094714.0 81.7505 5.000805e+00 -1.314908e-04 -4.844107e+00 4.532268e+00 -3.953141e+00 1.829835e+00
094726.7 82.1252 5.000794e+00 -1.304033e-04 -4.850438e+00 4.492120e+00 -3.955405e+00 1.791045e+00
094735.4 82.4997 5.000794e+00 -1.615528e-04 -4.846175e+00 4.436653e+00 -3.951539e+00 1.732463e+00
094746.7 82.8745 5.000810e+00 -1.961821e-04 -4.870631e+00 4.405284e+00 -3.951219e+00 1.687921e+00
094758.7 83.2499 5.000779e+00 -2.045336e-04 -4.854979e+00 4.363711e+00 -3.944755e+00 1.652410e+00
094807.4 83.6243 5.000755e+00 -1.713930e-04 -4.852203e+00 4.331228e+00 -3.959178e+00 1.607938e+00
094816.0 84 5.000791e+00 -1.672306e-04 -4.848738e+00 4.264956e+00 -3.969646e+00 1.529997e+00
094830.0 84.3741 5.000794e+00 -1.914137e-04 -4.858900e+00 4.215305e+00 -3.980047e+00 1.460635e+00
094852.5 84.7398 5.000782e+00 -1.868463e-04 -4.882435e+00 4.189490e+00 -3.974376e+00 1.432447e+00
094907.4 85.1221 5.000804e+00 -1.865907e-04 -4.889106e+00 4.156593e+00 -3.974692e+00 1.394667e+00
094915.4 85.5 5.000767e+00 -2.030611e-04 -4.881980e+00 4.084689e+00 -3.974860e+00 1.326625e+00
094925.4 85.8752 5.000847e+00 -2.104521e-04 -4.870753e+00 4.019327e+00 -3.976506e+00 1.263954e+00
094936.2 86.25 5.000792e+00 -1.946617e-04 -4.869130e+00 3.986889e+00 -3.990128e+00 1.214520e+00
094949.4 86.6248 5.000804e+00 -1.871207e-04 -4.880862e+00 3.943025e+00 -4.000396e+00 1.158834e+00
094957.8 86.9996 5.000815e+00 -2.029903e-04 -4.901559e+00 3.891668e+00 -4.008395e+00 1.089131e+00
095008.4 87.3749 5.000759e+00 -2.141613e-04 -4.897725e+00 3.833142e+00 -4.004814e+00 1.026225e+00
095023.4 87.7506 5.000823e+00 -2.037114e-04 -4.907594e+00 3.801181e+00 -4.003030e+00 9.757179e-01
095032.8 88.1251 5.000810e+00 -2.044742e-04 -4.906285e+00 3.750229e+00 -4.004734e+00 9.223930e-01
095043.7 88.5002 5.000791e+00 -2.265803e-04 -4.892919e+00 3.668733e+00 -4.010812e+00 8.409446e-01
095056.0 88.8745 5.000775e+00 -2.519294e-04 -4.891590e+00 3.590357e+00 -4.019821e+00 7.700847e-01
095108.4 89.2501 5.000771e+00 -2.699872e-04 -4.899098e+00 3.559544e+00 -4.023542e+00 7.219476e-01
095121.4 89.6249 5.000794e+00 -2.900279e-04 -4.914368e+00 3.519990e+00 -4.024095e+00 6.636311e-01
095130.4 89.9995 5.000794e+00 -2.985918e-04 -4.912196e+00 3.444232e+00 -4.018912e+00 5.831560e-01
095144.2 90.3755 5.000806e+00 -2.826385e-04 -4.927851e+00 3.381546e+00 -4.026582e+00 5.075409e-01
095158.4 90.7491 5.000804e+00 -2.522851e-04 -4.928236e+00 3.335485e+00 -4.025351e+00 4.551414e-01
095210.4 91.125 5.000770e+00 -2.272089e-04 -4.929790e+00 3.280030e+00 -4.035225e+00 3.969288e-01
095222.4 91.5002 5.000798e+00 -2.179097e-04 -4.935859e+00 3.206465e+00 -4.045358e+00 3.180729e-01
095234.3 91.8746 5.000771e+00 -2.121227e-04 -4.956267e+00 3.143417e+00 -4.054520e+00 2.461323e-01
095247.4 92.2501 5.000815e+00 -1.906745e-04 -4.959023e+00 3.095053e+00 -4.045367e+00 1.873429e-01
095259.8 92.6251 5.000786e+00 -1.496959e-04 -4.967268e+00 3.038648e+00 -4.065316e+00 1.245347e-01
095311.7 92.9997 5.000764e+00 -1.190287e-04 -4.973968e+00 2.960758e+00 -4.064707e+00 4.157742e-02
095324.0 93.3744 5.000806e+00 -8.776423e-05 -4.960305e+00 2.890830e+00 -4.064456e+00 -3.837578e-02
095337.7 93.7496 5.000791e+00 -5.262770e-05 -4.972424e+00 2.845878e+00 -4.075500e+00 -9.137371e-02
095348.0 94.1251 5.000779e+00 -4.530734e-05 -4.976415e+00 2.792792e+00 -4.084299e+00 -1.486013e-01
095355.7 94.4992 5.000802e+00 -3.201025e-05 -4.995892e+00 2.709069e+00 -4.086838e+00 -2.388683e-01
095417.4 94.8641 5.000801e+00 4.091186e-05 -5.010118e+00 2.637732e+00 -4.096265e+00 -3.181172e-01
095430.0 95.2497 5.000780e+00 1.228569e-04 -5.017115e+00 2.589847e+00 -4.122156e+00 -3.784942e-01
095441.5 95.625 5.000814e+00 1.511622e-04 -5.005310e+00 2.526043e+00 -4.113260e+00 -4.465823e-01
095451.4 96.0005 5.000796e+00 1.282429e-04 -5.007473e+00 2.442470e+00 -4.120227e+00 -5.426373e-01
095502.7 96.3746 5.000817e+00 8.780066e-05 -5.011156e+00 2.360586e+00 -4.120830e+00 -6.312919e-01
095517.4 96.7503 5.000798e+00 5.038115e-05 -5.021426e+00 2.294581e+00 -4.122191e+00 -6.995418e-01
095525.4 97.1249 5.000803e+00 4.456888e-05 -5.033035e+00 2.226858e+00 -4.119688e+00 -7.850650e-01
095536.7 97.5002 5.000806e+00 1.340116e-05 -5.033852e+00 2.129496e+00 -4.118549e+00 -8.898428e-01
095546.7 97.8747 5.000816e+00 -3.677248e-05 -5.025946e+00 2.036790e+00 -4.120416e+00 -9.831782e-01
095554.4 98.2497 5.000769e+00 -8.212844e-05 -5.001347e+00 1.976660e+00 -4.118460e+00 -1.055470e+00
095607.4 98.6251 5.000785e+00 -1.222221e-04 -5.009352e+00 1.910713e+00 -4.132355e+00 -1.134404e+00
095615.7 99.0001 5.000788e+00 -1.685057e-04 -5.009999e+00 1.808305e+00 -4.132155e+00 -1.237493e+00
095628.5 99.3756 5.000776e+00 -2.068829e-04 -5.027749e+00 1.708792e+00 -4.131806e+00 -1.341235e+00
095642.4 99.7494 5.000809e+00 -2.149391e-04 -5.039890e+00 1.641646e+00 -4.128814e+00 -1.425081e+00
095650.1 100.125 5.000799e+00 -2.214402e-04 -5.048835e+00 1.572259e+00 -4.131958e+00 -1.507573e+00
095701.7 100.5 5.000805e+00 -2.397558e-04 -5.032983e+00 1.472122e+00 -4.131433e+00 -1.611361e+00
095715.4 100.875 5.000804e+00 -2.522106e-04 -5.013904e+00 1.383542e+00 -4.130501e+00 -1.706311e+00
095728.0 101.249 5.000774e+00 -2.488837e-04 -5.015803e+00 1.311714e+00 -4.138510e+00 -1.788303e+00
095737.4 101.625 5.000829e+00 -2.455320e-04 -5.023256e+00 1.226817e+00 -4.143875e+00 -1.878548e+00
095749.4 102 5.000800e+00 -2.390102e-04 -5.045475e+00 1.127440e+00 -4.145828e+00 -1.993549e+00
095803.4 102.374 5.000816e+00 -2.313804e-04 -5.057460e+00 1.036663e+00 -4.150443e+00 -2.095820e+00
095818.8 102.75 5.000763e+00 -2.172810e-04 -5.073288e+00 9.722411e-01 -4.151564e+00 -2.175521e+00
095831.4 103.125 5.000799e+00 -2.122638e-04 -5.057984e+00 8.988948e-01 -4.151922e+00 -2.252365e+00
095841.4 103.5 5.000773e+00 -2.048456e-04 -5.049526e+00 7.957461e-01 -4.155482e+00 -2.363354e+00
095853.5 103.874 5.000794e+00 -1.889851e-04 -5.060145e+00 6.923374e-01 -4.165070e+00 -2.469121e+00
095905.4 104.25 5.000775e+00 -1.507452e-04 -5.077116e+00 6.133064e-01 -4.167879e+00 -2.553627e+00
095914.0 104.625 5.000798e+00 -1.216914e-04 -5.092183e+00 5.310878e-01 -4.169630e+00 -2.647405e+00
095927.4 105 5.000792e+00 -1.058905e-04 -5.105764e+00 4.244644e-01 -4.180161e+00 -2.766647e+00
095941.4 105.375 5.000794e+00 -8.079779e-05 -5.100978e+00 3.269884e-01 -4.178802e+00 -2.873748e+00
100003.7 105.741 5.000753e+00 -2.478135e-05 -5.095441e+00 2.558212e-01 -4.187251e+00 -2.948439e+00
100015.6 106.125 5.000814e+00 1.293107e-05 -5.092364e+00 1.687869e-01 -4.194479e+00 -3.046288e+00
100023.8 106.499 5.000791e+00 3.518492e-05 -5.105847e+00 5.528698e-02 -4.207799e+00 -3.160098e+00
100035.7 106.875 5.000784e+00 7.679880e-05 -5.116172e+00 -5.252838e-02 -4.208040e+00 -3.267883e+00
100044.0 107.249 5.000824e+00 1.434947e-04 -5.133991e+00 -1.293550e-01 -4.216883e+00 -3.357916e+00
100053.4 107.624 5.000782e+00 1.799230e-04 -5.141492e+00 -2.088471e-01 -4.220951e+00 -3.460641e+00
100106.1 108 5.000807e+00 1.946686e-04 -5.132259e+00 -3.183568e-01 -4.220686e+00 -3.582977e+00
100118.7 108.375 5.000788e+00 2.219453e-04 -5.127716e+00 -4.253202e-01 -4.227312e+00 -3.697349e+00
100132.5 108.749 5.000791e+00 2.606832e-04 -5.146885e+00 -5.109525e-01 -4.238057e+00 -3.789621e+00
100145.4 109.125 5.000744e+00 2.834066e-04 -5.161725e+00 -6.017622e-01 -4.245606e+00 -3.893641e+00
100153.7 109.5 5.000794e+00 2.977200e-04 -5.170439e+00 -7.295681e-01 -4.243527e+00 -4.012696e+00
100205.7 109.875 5.000759e+00 3.182693e-04 -5.178661e+00 -8.438440e-01 -4.252996e+00 -4.134807e+00
100216.7 110.25 5.000791e+00 3.508961e-04 -5.177531e+00 -9.270954e-01 -4.254845e+00 -4.232506e+00
100230.1 110.625 5.000818e+00 3.873101e-04 -5.163648e+00 -1.019026e+00 -4.260761e+00 -4.344920e+00
100243.4 110.999 5.000804e+00 3.989220e-04 -5.170365e+00 -1.136627e+00 -4.268513e+00 -4.468329e+00
100256.7 111.375 5.000820e+00 3.853636e-04 -5.175062e+00 -1.254736e+00 -4.266294e+00 -4.585060e+00
100310.4 111.75 5.000804e+00 3.943980e-04 -5.192826e+00 -1.354840e+00 -4.271926e+00 -4.691574e+00
100322.7 112.125 5.000764e+00 4.405455e-04 -5.204923e+00 -1.459319e+00 -4.284545e+00 -4.800601e+00
100334.4 112.5 5.000779e+00 4.804212e-04 -5.207310e+00 -1.589096e+00 -4.277030e+00 -4.934353e+00
100346.0 112.874 5.000823e+00 5.022149e-04 -5.191338e+00 -1.703001e+00 -4.280936e+00 -5.061404e+00
100358.8 113.25 5.000774e+00 5.217454e-04 -5.189042e+00 -1.796508e+00 -4.288531e+00 -5.172301e+00
100407.4 113.625 5.000750e+00 5.150600e-04 -5.197453e+00 -1.897912e+00 -4.301000e+00 -5.285765e+00
100419.7 114 5.000794e+00 4.708402e-04 -5.210800e+00 -2.030736e+00 -4.303955e+00 -5.404631e+00
100431.5 114.375 5.000764e+00 4.514509e-04 -5.215234e+00 -2.150890e+00 -4.309888e+00 -5.520633e+00
100443.5 114.75 5.000814e+00 4.782906e-04 -5.220124e+00 -2.252512e+00 -4.322752e+00 -5.619550e+00
100452.4 115.125 5.000797e+00 4.837285e-04 -5.230276e+00 -2.367601e+00 -4.337574e+00 -5.738737e+00
100500.7 115.499 5.000808e+00 4.871412e-04 -5.220553e+00 -2.500148e+00 -4.349818e+00 -5.888227e+00
100512.9 115.875 5.000788e+00 5.359094e-04 -5.219480e+00 -2.619553e+00 -4.371610e+00 -6.037277e+00
100526.1 116.249 5.000784e+00 6.012199e-04 -5.235217e+00 -2.714269e+00 -4.399343e+00 -6.162224e+00
100535.4 116.625 5.000808e+00 6.516171e-04 -5.252034e+00 -2.825216e+00 -4.421897e+00 -6.296980e+00
100548.1 117.001 5.000780e+00 6.600352e-04 -5.260934e+00 -2.971664e+00 -4.438580e+00 -6.433033e+00
100601.4 117.375 5.000777e+00 6.339718e-04 -5.265168e+00 -3.109167e+00 -4.448737e+00 -6.560050e+00
100615.7 117.75 5.000763e+00 5.796044e-04 -5.260062e+00 -3.227330e+00 -4.481619e+00 -6.683175e+00
100628.5 118.125 5.000781e+00 4.934057e-04 -5.247085e+00 -3.336710e+00 -4.488026e+00 -6.768266e+00
100640.7 118.499 5.000781e+00 3.643035e-04 -5.248870e+00 -3.465990e+00 -4.504244e+00 -6.863284e+00
100653.4 118.874 5.000800e+00 2.366123e-04 -5.262736e+00 -3.586403e+00 -4.515074e+00 -6.954157e+00
