% Fogale DL Rail Calibration results.
% DL=2, Date=2016-03-23T08:41:46
% Tunnel Temperature=17.89 oC
% Scan Range: 1.125 - 118.875 mOPL
% Metrology used: ENCODERS
% Sensors: CALIBRATED
% Name=NSC
% Comment=not executed at night
% WPS-Sensor tunnel center: WPS-2D-7D0-013
% WPS-Sensor tunnel end: WPS-2D-7D0-001
% DOMS-Sensor: DOM-7D2-003 S-330
% INCLINOMETER-Sensor: Inclinix
% TIMESTAMP[hhmmss.s] OPL-POSITION[m] DOMS[mm] INCL[rad] WPSTctrY[mm] WPSTctrZ[mm] WPSTendY[mm] WPSTendZ[mm]
084228.6 1.12517 5.000804e+00 7.746432e-05 -3.142472e+00 -8.294468e+00 -2.362217e+00 -9.130454e+00
084240.9 1.4994 5.000751e+00 3.934226e-05 -3.162945e+00 -8.166582e+00 -2.362670e+00 -8.978731e+00
084251.2 1.8751 5.000767e+00 3.005642e-05 -3.190839e+00 -7.996268e+00 -2.380312e+00 -8.818975e+00
084304.4 2.24888 5.000778e+00 4.785325e-05 -3.199172e+00 -7.797829e+00 -2.414245e+00 -8.657306e+00
084317.7 2.624 5.000775e+00 8.709253e-05 -3.214749e+00 -7.623465e+00 -2.458266e+00 -8.502465e+00
084341.3 2.98997 5.000778e+00 9.610946e-05 -3.237554e+00 -7.496558e+00 -2.524223e+00 -8.370769e+00
084353.9 3.37437 5.000764e+00 7.693288e-05 -3.244535e+00 -7.333714e+00 -2.607975e+00 -8.227666e+00
084404.2 3.74969 5.000770e+00 6.991193e-05 -3.240280e+00 -7.157564e+00 -2.685578e+00 -8.077641e+00
084415.2 4.125 5.000788e+00 7.739134e-05 -3.261707e+00 -6.991288e+00 -2.748838e+00 -7.946911e+00
084428.4 4.49955 5.000736e+00 6.677944e-05 -3.324518e+00 -6.838018e+00 -2.808409e+00 -7.824631e+00
084440.4 4.87435 5.000800e+00 6.140733e-05 -3.339351e+00 -6.699656e+00 -2.834466e+00 -7.692630e+00
084448.2 5.2496 5.000771e+00 5.138221e-05 -3.314168e+00 -6.525692e+00 -2.858522e+00 -7.544851e+00
084500.6 5.62497 5.000761e+00 3.113087e-05 -3.317085e+00 -6.380960e+00 -2.860203e+00 -7.394628e+00
084512.5 6.00016 5.000769e+00 7.039407e-06 -3.349519e+00 -6.246998e+00 -2.860198e+00 -7.272380e+00
084525.1 6.37533 5.000784e+00 -1.800460e-05 -3.379682e+00 -6.097823e+00 -2.869075e+00 -7.143797e+00
084537.3 6.74943 5.000747e+00 -4.183946e-05 -3.440963e+00 -5.927798e+00 -2.888022e+00 -7.010598e+00
084549.3 7.12481 5.000774e+00 -7.427093e-05 -3.498248e+00 -5.781668e+00 -2.903119e+00 -6.863292e+00
084600.2 7.50012 5.000794e+00 -9.081678e-05 -3.581530e+00 -5.663230e+00 -2.918806e+00 -6.738469e+00
084611.5 7.87448 5.000779e+00 -7.916773e-05 -3.706870e+00 -5.538307e+00 -2.941566e+00 -6.603652e+00
084624.2 8.24966 5.000776e+00 -5.522850e-05 -3.788650e+00 -5.379414e+00 -2.957792e+00 -6.465778e+00
084632.8 8.62478 5.000788e+00 -3.188191e-05 -3.846904e+00 -5.238378e+00 -2.961327e+00 -6.333248e+00
084644.4 9.00048 5.000769e+00 -3.197350e-05 -3.865023e+00 -5.120229e+00 -2.957285e+00 -6.212573e+00
084654.9 9.37476 5.000788e+00 -4.854940e-05 -3.852423e+00 -4.995530e+00 -2.954796e+00 -6.099606e+00
084706.9 9.75045 5.000802e+00 -5.710288e-05 -3.829293e+00 -4.841619e+00 -2.956923e+00 -5.954741e+00
084718.8 10.1251 5.000796e+00 -3.575297e-05 -3.802589e+00 -4.700932e+00 -2.956826e+00 -5.815621e+00
084731.1 10.4999 5.000768e+00 -1.606307e-05 -3.808000e+00 -4.577890e+00 -2.970007e+00 -5.709856e+00
084743.7 10.875 5.000756e+00 -9.072452e-06 -3.826341e+00 -4.451487e+00 -2.970467e+00 -5.588013e+00
084757.0 11.2492 5.000769e+00 8.126169e-06 -3.843884e+00 -4.296999e+00 -2.984650e+00 -5.450402e+00
084808.5 11.6247 5.000756e+00 -1.892634e-06 -3.865523e+00 -4.154605e+00 -2.983392e+00 -5.308915e+00
084817.1 11.9993 5.000770e+00 -1.471379e-05 -3.858496e+00 -4.043746e+00 -2.979971e+00 -5.205056e+00
084830.4 12.3747 5.000786e+00 6.550975e-06 -3.847732e+00 -3.916856e+00 -2.981142e+00 -5.090622e+00
084840.9 12.7498 5.000773e+00 5.449610e-05 -3.863973e+00 -3.773720e+00 -3.001947e+00 -4.965250e+00
084849.1 13.1249 5.000791e+00 6.619366e-05 -3.882389e+00 -3.639844e+00 -3.010620e+00 -4.845618e+00
084858.6 13.5 5.000759e+00 7.360524e-05 -3.888292e+00 -3.530462e+00 -3.009865e+00 -4.730603e+00
084911.2 13.8742 5.000831e+00 9.345490e-05 -3.909740e+00 -3.412117e+00 -3.023216e+00 -4.616041e+00
084923.8 14.2497 5.000785e+00 1.250002e-04 -3.917280e+00 -3.255469e+00 -3.022832e+00 -4.472691e+00
084936.4 14.6255 5.000774e+00 1.540978e-04 -3.919608e+00 -3.125529e+00 -3.027053e+00 -4.345369e+00
084947.4 14.9998 5.000787e+00 1.944178e-04 -3.909342e+00 -3.013286e+00 -3.045743e+00 -4.247920e+00
085002.7 15.3744 5.000748e+00 2.621908e-04 -3.940630e+00 -2.902200e+00 -3.060201e+00 -4.127131e+00
085017.4 15.7487 5.000767e+00 3.373378e-04 -3.954901e+00 -2.745559e+00 -3.073061e+00 -3.998126e+00
085029.3 16.1248 5.000765e+00 3.972952e-04 -3.964143e+00 -2.606950e+00 -3.080768e+00 -3.873769e+00
085041.9 16.4994 5.000776e+00 4.351636e-04 -3.981533e+00 -2.502668e+00 -3.089569e+00 -3.763553e+00
085054.5 16.874 5.000773e+00 4.923335e-04 -3.981094e+00 -2.387189e+00 -3.088660e+00 -3.647027e+00
085105.2 17.2499 5.000786e+00 5.679891e-04 -3.988568e+00 -2.264828e+00 -3.104384e+00 -3.518846e+00
085118.1 17.6249 5.000792e+00 6.324136e-04 -3.998094e+00 -2.140669e+00 -3.124517e+00 -3.404084e+00
085126.4 18.0001 5.000760e+00 6.599194e-04 -4.013878e+00 -2.034261e+00 -3.133138e+00 -3.304490e+00
085140.3 18.3748 5.000790e+00 6.824744e-04 -4.028033e+00 -1.918833e+00 -3.143572e+00 -3.201113e+00
085155.0 18.7491 5.000762e+00 6.945686e-04 -4.033789e+00 -1.780319e+00 -3.150391e+00 -3.083164e+00
085206.2 19.1253 5.000781e+00 6.786612e-04 -4.036919e+00 -1.655548e+00 -3.159295e+00 -2.972521e+00
085214.0 19.5002 5.000794e+00 6.256734e-04 -4.032541e+00 -1.562856e+00 -3.155943e+00 -2.888621e+00
085226.6 19.875 5.000766e+00 5.725158e-04 -4.027553e+00 -1.468732e+00 -3.159040e+00 -2.793685e+00
085234.5 20.25 5.000750e+00 5.245286e-04 -4.031199e+00 -1.353100e+00 -3.168998e+00 -2.690950e+00
085243.8 20.625 5.000801e+00 4.417637e-04 -4.041843e+00 -1.245443e+00 -3.170592e+00 -2.584395e+00
085256.4 21 5.000804e+00 3.673163e-04 -4.036857e+00 -1.158601e+00 -3.162695e+00 -2.506021e+00
085319.3 21.3646 5.000817e+00 2.945753e-04 -4.048859e+00 -1.071114e+00 -3.159510e+00 -2.428778e+00
085333.1 21.7497 5.000762e+00 2.908247e-04 -4.039804e+00 -9.423689e-01 -3.162509e+00 -2.303786e+00
085344.9 22.1249 5.000794e+00 3.023658e-04 -4.024575e+00 -8.265860e-01 -3.174759e+00 -2.202842e+00
085353.1 22.4995 5.000776e+00 2.881652e-04 -4.035757e+00 -7.388742e-01 -3.180748e+00 -2.117789e+00
085405.3 22.875 5.000768e+00 2.577346e-04 -4.044822e+00 -6.463317e-01 -3.191586e+00 -2.033000e+00
085417.3 23.2499 5.000796e+00 2.467174e-04 -4.066517e+00 -5.274209e-01 -3.190821e+00 -1.928307e+00
085429.9 23.6249 5.000772e+00 2.397313e-04 -4.074802e+00 -4.247268e-01 -3.197018e+00 -1.835054e+00
085510.7 23.9801 5.000782e+00 2.081167e-04 -4.095012e+00 -3.437702e-01 -3.203043e+00 -1.758305e+00
085524.7 24.3751 5.000769e+00 1.873099e-04 -4.073573e+00 -2.495097e-01 -3.196935e+00 -1.664925e+00
085536.6 24.7499 5.000763e+00 1.904174e-04 -4.064169e+00 -1.331576e-01 -3.203775e+00 -1.558561e+00
085544.6 25.1252 5.000800e+00 1.857117e-04 -4.075975e+00 -2.103409e-02 -3.221722e+00 -1.461666e+00
085554.1 25.5004 5.000760e+00 1.755704e-04 -4.097676e+00 5.519794e-02 -3.229550e+00 -1.389497e+00
085607.2 25.8752 5.000791e+00 1.974330e-04 -4.095854e+00 1.418098e-01 -3.231207e+00 -1.306934e+00
085620.5 26.2488 5.000766e+00 2.207304e-04 -4.119079e+00 2.642937e-01 -3.240301e+00 -1.211842e+00
085628.7 26.6241 5.000801e+00 2.075566e-04 -4.122355e+00 3.702368e-01 -3.241898e+00 -1.116715e+00
085640.3 26.9998 5.000754e+00 1.807218e-04 -4.110751e+00 4.482585e-01 -3.247021e+00 -1.040737e+00
085654.7 27.3746 5.000772e+00 1.696482e-04 -4.108673e+00 5.346446e-01 -3.257977e+00 -9.533750e-01
085709.0 27.7496 5.000797e+00 1.877328e-04 -4.122917e+00 6.350642e-01 -3.266589e+00 -8.527813e-01
085716.9 28.1244 5.000756e+00 2.274955e-04 -4.139960e+00 7.337354e-01 -3.268992e+00 -7.581535e-01
085728.6 28.5002 5.000788e+00 2.472339e-04 -4.155515e+00 8.154335e-01 -3.280155e+00 -6.890945e-01
085740.6 28.8742 5.000785e+00 2.424847e-04 -4.170297e+00 8.997682e-01 -3.282386e+00 -6.136892e-01
085753.6 29.2499 5.000762e+00 2.306375e-04 -4.163405e+00 1.007264e+00 -3.280289e+00 -5.231827e-01
085802.1 29.6251 5.000765e+00 2.104058e-04 -4.158723e+00 1.097783e+00 -3.289224e+00 -4.429593e-01
085813.7 30.0004 5.000790e+00 1.991128e-04 -4.163783e+00 1.165318e+00 -3.300760e+00 -3.792535e-01
085827.7 30.3744 5.000782e+00 1.861640e-04 -4.179742e+00 1.238657e+00 -3.304152e+00 -2.999406e-01
085836.2 30.7503 5.000806e+00 1.840218e-04 -4.195555e+00 1.330668e+00 -3.307922e+00 -2.082340e-01
085846.8 31.1252 5.000799e+00 1.796801e-04 -4.196944e+00 1.420393e+00 -3.315455e+00 -1.265105e-01
085856.7 31.5001 5.000808e+00 1.472975e-04 -4.192256e+00 1.492034e+00 -3.315187e+00 -6.983856e-02
085904.6 31.8745 5.000788e+00 1.450251e-04 -4.188547e+00 1.575691e+00 -3.312908e+00 -1.269314e-02
085917.8 32.2504 5.000792e+00 1.543966e-04 -4.190548e+00 1.675572e+00 -3.324436e+00 8.144500e-02
085926.7 32.6247 5.000796e+00 1.719991e-04 -4.201017e+00 1.769154e+00 -3.335120e+00 1.652349e-01
085939.4 33.0003 5.000774e+00 1.533341e-04 -4.218714e+00 1.832230e+00 -3.336877e+00 2.247248e-01
085953.0 33.3744 5.000803e+00 1.393913e-04 -4.219995e+00 1.899368e+00 -3.344694e+00 2.832470e-01
090004.9 33.7501 5.000793e+00 1.484928e-04 -4.229079e+00 1.988465e+00 -3.342873e+00 3.599999e-01
090013.1 34.1245 5.000806e+00 1.533477e-04 -4.230105e+00 2.070989e+00 -3.351050e+00 4.349020e-01
090025.0 34.5002 5.000786e+00 1.419852e-04 -4.223931e+00 2.135332e+00 -3.355084e+00 4.908944e-01
090037.7 34.8749 5.000795e+00 1.193529e-04 -4.231736e+00 2.210805e+00 -3.368478e+00 5.546238e-01
090049.6 35.2497 5.000798e+00 1.276813e-04 -4.239764e+00 2.302104e+00 -3.370944e+00 6.380242e-01
090101.9 35.6248 5.000806e+00 1.351353e-04 -4.250761e+00 2.386278e+00 -3.369999e+00 7.117054e-01
090114.8 35.9991 5.000755e+00 1.173430e-04 -4.251463e+00 2.435263e+00 -3.376642e+00 7.583760e-01
090125.0 36.3749 5.000782e+00 1.131490e-04 -4.258415e+00 2.485275e+00 -3.376874e+00 8.116352e-01
090138.3 36.7496 5.000798e+00 1.114346e-04 -4.258535e+00 2.578761e+00 -3.375445e+00 8.810182e-01
090151.0 37.1246 5.000806e+00 1.071365e-04 -4.249652e+00 2.656271e+00 -3.380354e+00 9.457816e-01
090200.7 37.5002 5.000787e+00 9.487044e-05 -4.263412e+00 2.713519e+00 -3.393180e+00 9.957080e-01
090213.3 37.8743 5.000778e+00 9.428354e-05 -4.281089e+00 2.773611e+00 -3.408099e+00 1.060722e+00
090224.5 38.2502 5.000808e+00 1.047245e-04 -4.293068e+00 2.850246e+00 -3.403026e+00 1.128989e+00
090232.8 38.625 5.000790e+00 9.835685e-05 -4.298166e+00 2.920197e+00 -3.411511e+00 1.194143e+00
090256.9 38.9904 5.000773e+00 9.930852e-05 -4.305630e+00 2.974357e+00 -3.408201e+00 1.236130e+00
090308.9 39.3749 5.000787e+00 1.186260e-04 -4.287731e+00 3.038652e+00 -3.413721e+00 1.290261e+00
090322.9 39.7493 5.000771e+00 1.426504e-04 -4.298695e+00 3.120759e+00 -3.428026e+00 1.356826e+00
090334.5 40.1246 5.000752e+00 1.413733e-04 -4.307758e+00 3.191262e+00 -3.436864e+00 1.415788e+00
090344.7 40.5 5.000781e+00 1.285961e-04 -4.313372e+00 3.234151e+00 -3.436949e+00 1.460107e+00
090356.3 40.8747 5.000788e+00 1.160493e-04 -4.323170e+00 3.282054e+00 -3.438073e+00 1.502433e+00
090408.6 41.2502 5.000785e+00 1.225587e-04 -4.336153e+00 3.361389e+00 -3.437389e+00 1.566668e+00
090417.1 41.625 5.000786e+00 1.299023e-04 -4.321422e+00 3.423968e+00 -3.446476e+00 1.628348e+00
090428.7 41.9996 5.000808e+00 1.487504e-04 -4.325340e+00 3.471431e+00 -3.453468e+00 1.651865e+00
090441.0 42.3751 5.000800e+00 1.219294e-04 -4.330184e+00 3.523046e+00 -3.460900e+00 1.680336e+00
090453.3 42.7499 5.000748e+00 1.818574e-04 -4.358402e+00 3.599346e+00 -3.472920e+00 1.763171e+00
090505.9 43.1246 5.000803e+00 2.540180e-04 -4.372702e+00 3.670804e+00 -3.475411e+00 1.830267e+00
090517.6 43.5001 5.000753e+00 2.844633e-04 -4.386716e+00 3.716198e+00 -3.483549e+00 1.866718e+00
090529.9 43.8747 5.000782e+00 3.023953e-04 -4.388696e+00 3.769027e+00 -3.479634e+00 1.905937e+00
090542.5 44.2502 5.000793e+00 3.314386e-04 -4.378553e+00 3.829588e+00 -3.493351e+00 1.957035e+00
090550.7 44.625 5.000797e+00 3.471881e-04 -4.379945e+00 3.883226e+00 -3.508946e+00 2.007313e+00
090558.9 44.9995 5.000790e+00 3.475076e-04 -4.395573e+00 3.927164e+00 -3.512857e+00 2.037398e+00
090612.3 45.3749 5.000800e+00 3.716207e-04 -4.402812e+00 3.978512e+00 -3.516882e+00 2.085593e+00
090623.8 45.7492 5.000785e+00 4.306548e-04 -4.420776e+00 4.045665e+00 -3.524533e+00 2.142890e+00
090637.1 46.1242 5.000787e+00 5.031207e-04 -4.430625e+00 4.113145e+00 -3.528389e+00 2.200138e+00
090646.3 46.4995 5.000774e+00 5.481939e-04 -4.422193e+00 4.138673e+00 -3.539939e+00 2.226418e+00
090657.9 46.8748 5.000759e+00 5.775011e-04 -4.437893e+00 4.169083e+00 -3.547009e+00 2.260687e+00
090706.1 47.2499 5.000778e+00 6.079679e-04 -4.439610e+00 4.236836e+00 -3.566635e+00 2.309590e+00
090718.5 47.6252 5.000782e+00 6.270689e-04 -4.455542e+00 4.298690e+00 -3.569480e+00 2.360842e+00
090730.5 48 5.000772e+00 6.297420e-04 -4.464171e+00 4.331205e+00 -3.573421e+00 2.383583e+00
090741.4 48.3749 5.000812e+00 6.296613e-04 -4.469131e+00 4.360738e+00 -3.574360e+00 2.410276e+00
090749.6 48.7496 5.000778e+00 6.340655e-04 -4.476014e+00 4.409376e+00 -3.573286e+00 2.456829e+00
090757.8 49.1254 5.000785e+00 6.025654e-04 -4.466049e+00 4.455104e+00 -3.577987e+00 2.491962e+00
090806.3 49.5002 5.000774e+00 5.339076e-04 -4.456025e+00 4.476322e+00 -3.592367e+00 2.501482e+00
090818.9 49.8745 5.000776e+00 4.773042e-04 -4.463295e+00 4.504471e+00 -3.602524e+00 2.521438e+00
090827.1 50.2492 5.000785e+00 4.574270e-04 -4.475512e+00 4.560462e+00 -3.597218e+00 2.560159e+00
090835.6 50.6243 5.000796e+00 4.431470e-04 -4.483654e+00 4.599453e+00 -3.593960e+00 2.590902e+00
090844.3 50.9995 5.000771e+00 3.956556e-04 -4.483611e+00 4.619863e+00 -3.587253e+00 2.606926e+00
090854.2 51.3753 5.000762e+00 3.481343e-04 -4.474818e+00 4.649140e+00 -3.594908e+00 2.636096e+00
090904.5 51.7491 5.000769e+00 3.319813e-04 -4.461714e+00 4.693087e+00 -3.593580e+00 2.667863e+00
090912.6 52.1245 5.000779e+00 3.405225e-04 -4.470542e+00 4.741583e+00 -3.613540e+00 2.731768e+00
090924.2 52.5002 5.000772e+00 3.666770e-04 -4.477225e+00 4.754633e+00 -3.607786e+00 2.696421e+00
090936.1 52.8742 5.000754e+00 2.775444e-04 -4.482892e+00 4.762819e+00 -3.608349e+00 2.709377e+00
090947.1 53.2504 5.000781e+00 2.859353e-04 -4.502381e+00 4.807336e+00 -3.614376e+00 2.763386e+00
090958.1 53.6254 5.000789e+00 2.808362e-04 -4.506757e+00 4.850056e+00 -3.607846e+00 2.789344e+00
091010.7 54.0001 5.000781e+00 2.547989e-04 -4.493700e+00 4.859342e+00 -3.618098e+00 2.799264e+00
091024.3 54.3751 5.000779e+00 2.319175e-04 -4.485404e+00 4.877661e+00 -3.630102e+00 2.804553e+00
091033.6 54.7498 5.000775e+00 2.162565e-04 -4.511079e+00 4.926431e+00 -3.642207e+00 2.835161e+00
091041.7 55.1251 5.000772e+00 1.772555e-04 -4.512653e+00 4.948036e+00 -3.636645e+00 2.860415e+00
091050.6 55.4994 5.000808e+00 1.313684e-04 -4.511209e+00 4.966085e+00 -3.629241e+00 2.858799e+00
091101.5 55.8745 5.000810e+00 1.234435e-04 -4.517975e+00 4.980030e+00 -3.631722e+00 2.871266e+00
091125.4 56.2397 5.000746e+00 1.607568e-04 -4.525394e+00 5.020968e+00 -3.639317e+00 2.897402e+00
091134.0 56.6247 5.000804e+00 1.991070e-04 -4.518192e+00 5.070687e+00 -3.654030e+00 2.927494e+00
091143.5 57 5.000779e+00 2.070675e-04 -4.513127e+00 5.051607e+00 -3.665554e+00 2.927015e+00
091157.1 57.3742 5.000815e+00 2.053530e-04 -4.530699e+00 5.074676e+00 -3.668403e+00 2.936639e+00
091208.7 57.7501 5.000762e+00 2.080557e-04 -4.550543e+00 5.116979e+00 -3.662971e+00 2.959749e+00
091216.5 58.1251 5.000814e+00 1.941874e-04 -4.559366e+00 5.148740e+00 -3.674225e+00 2.976196e+00
091224.7 58.4997 5.000799e+00 1.647958e-04 -4.561646e+00 5.148022e+00 -3.670531e+00 2.973074e+00
091232.6 58.8749 5.000803e+00 1.527364e-04 -4.542906e+00 5.149608e+00 -3.676351e+00 2.975836e+00
091240.1 59.25 5.000776e+00 1.472594e-04 -4.542964e+00 5.175692e+00 -3.682792e+00 2.995657e+00
091251.4 59.6252 5.000774e+00 1.223499e-04 -4.554535e+00 5.202774e+00 -3.689027e+00 3.010870e+00
091300.6 59.9992 5.000792e+00 1.031980e-04 -4.574810e+00 5.213008e+00 -3.687498e+00 2.999289e+00
091325.1 60.365 5.000780e+00 1.094312e-04 -4.592570e+00 5.222517e+00 -3.700141e+00 2.991929e+00
091338.4 60.7501 5.000786e+00 1.496835e-04 -4.601891e+00 5.243750e+00 -3.704465e+00 3.007470e+00
091348.6 61.1261 5.000774e+00 1.658082e-04 -4.593189e+00 5.256379e+00 -3.699124e+00 3.008670e+00
091359.5 61.5 5.000778e+00 1.536094e-04 -4.581070e+00 5.260935e+00 -3.706844e+00 3.004387e+00
091409.8 61.8747 5.000787e+00 1.378937e-04 -4.575608e+00 5.260530e+00 -3.723692e+00 3.010462e+00
091423.7 62.2487 5.000794e+00 1.389759e-04 -4.589701e+00 5.284286e+00 -3.724841e+00 3.028435e+00
091432.3 62.6243 5.000768e+00 1.399826e-04 -4.610579e+00 5.298959e+00 -3.736987e+00 3.036422e+00
091446.0 62.9996 5.000752e+00 1.353536e-04 -4.620438e+00 5.293566e+00 -3.734691e+00 3.012780e+00
091459.3 63.3745 5.000784e+00 1.818100e-04 -4.626825e+00 5.294946e+00 -3.749053e+00 2.996395e+00
091513.9 63.7493 5.000762e+00 2.007480e-04 -4.626775e+00 5.320761e+00 -3.747973e+00 3.015651e+00
091521.5 64.1251 5.000770e+00 2.032516e-04 -4.627523e+00 5.343024e+00 -3.755738e+00 3.025594e+00
091531.7 64.4999 5.000791e+00 1.942583e-04 -4.620104e+00 5.315654e+00 -3.769452e+00 3.011940e+00
091542.7 64.8748 5.000801e+00 1.895089e-04 -4.645993e+00 5.304871e+00 -3.774690e+00 2.995470e+00
091554.6 65.2496 5.000777e+00 1.820239e-04 -4.656133e+00 5.310951e+00 -3.772992e+00 2.992473e+00
091603.5 65.6243 5.000780e+00 1.455749e-04 -4.654114e+00 5.311838e+00 -3.777946e+00 2.989436e+00
091612.0 65.9998 5.000782e+00 8.217152e-05 -4.657286e+00 5.299596e+00 -3.775153e+00 2.969412e+00
091622.6 66.375 5.000760e+00 2.349941e-05 -4.639330e+00 5.292736e+00 -3.767279e+00 2.950777e+00
091630.9 66.75 5.000775e+00 -2.249808e-05 -4.659044e+00 5.313207e+00 -3.776218e+00 2.954627e+00
091643.2 67.125 5.000787e+00 -7.277530e-05 -4.662753e+00 5.313622e+00 -3.775637e+00 2.943379e+00
091654.2 67.5006 5.000766e+00 -1.213796e-04 -4.653408e+00 5.277874e+00 -3.771288e+00 2.917503e+00
091706.5 67.8744 5.000754e+00 -1.227518e-04 -4.678667e+00 5.257995e+00 -3.780810e+00 2.890656e+00
091714.3 68.2491 5.000795e+00 -1.095292e-04 -4.679958e+00 5.276885e+00 -3.785003e+00 2.896122e+00
091723.2 68.6248 5.000794e+00 -1.074417e-04 -4.660432e+00 5.283052e+00 -3.779531e+00 2.888324e+00
091732.1 69 5.000770e+00 -1.230408e-04 -4.661237e+00 5.260910e+00 -3.787960e+00 2.857953e+00
091743.0 69.3742 5.000772e+00 -1.365751e-04 -4.665263e+00 5.239543e+00 -3.792881e+00 2.835874e+00
091751.5 69.7494 5.000793e+00 -1.496903e-04 -4.679493e+00 5.236924e+00 -3.797896e+00 2.836564e+00
091802.8 70.1249 5.000785e+00 -1.576149e-04 -4.688226e+00 5.240143e+00 -3.795837e+00 2.826071e+00
091811.1 70.4995 5.000797e+00 -1.653749e-04 -4.696778e+00 5.210115e+00 -3.794762e+00 2.781004e+00
091822.7 70.8749 5.000765e+00 -1.661498e-04 -4.691190e+00 5.198972e+00 -3.795680e+00 2.746615e+00
091834.9 71.2499 5.000800e+00 -1.722675e-04 -4.684656e+00 5.203248e+00 -3.803732e+00 2.748506e+00
091847.2 71.625 5.000797e+00 -1.757538e-04 -4.691677e+00 5.207782e+00 -3.807255e+00 2.741319e+00
091859.1 72.0003 5.000791e+00 -1.857054e-04 -4.693602e+00 5.173064e+00 -3.817434e+00 2.712760e+00
091912.8 72.3748 5.000795e+00 -1.896433e-04 -4.712751e+00 5.150639e+00 -3.820035e+00 2.685559e+00
091926.8 72.7502 5.000786e+00 -1.799353e-04 -4.720558e+00 5.142798e+00 -3.824038e+00 2.670254e+00
091939.7 73.1249 5.000787e+00 -1.738906e-04 -4.722393e+00 5.134894e+00 -3.828006e+00 2.661978e+00
091947.6 73.5001 5.000765e+00 -1.540913e-04 -4.719193e+00 5.100466e+00 -3.831740e+00 2.604556e+00
092001.6 73.8734 5.000786e+00 -1.411061e-04 -4.705035e+00 5.078655e+00 -3.827529e+00 2.572592e+00
092013.9 74.2506 5.000818e+00 -1.086746e-04 -4.715523e+00 5.084434e+00 -3.844551e+00 2.573894e+00
092025.1 74.6252 5.000778e+00 -9.446735e-05 -4.742915e+00 5.083762e+00 -3.852656e+00 2.549561e+00
092033.7 74.9995 5.000769e+00 -9.026664e-05 -4.751352e+00 5.036004e+00 -3.867054e+00 2.509920e+00
092044.0 75.3742 5.000774e+00 -8.410066e-05 -4.763606e+00 4.994556e+00 -3.860123e+00 2.463087e+00
092057.6 75.7504 5.000793e+00 -7.306832e-05 -4.772480e+00 4.989061e+00 -3.861394e+00 2.446429e+00
092105.1 76.1252 5.000800e+00 -7.577931e-05 -4.760456e+00 4.981461e+00 -3.861545e+00 2.422599e+00
092113.7 76.4994 5.000788e+00 -8.731206e-05 -4.752174e+00 4.955303e+00 -3.865170e+00 2.379824e+00
092124.3 76.875 5.000779e+00 -7.999164e-05 -4.750304e+00 4.918037e+00 -3.875828e+00 2.342943e+00
092136.9 77.2493 5.000781e+00 -5.348868e-05 -4.777754e+00 4.906583e+00 -3.889651e+00 2.320470e+00
092149.2 77.6251 5.000804e+00 -3.843308e-05 -4.798062e+00 4.900339e+00 -3.888859e+00 2.289885e+00
092158.1 77.9997 5.000790e+00 -5.381853e-05 -4.807155e+00 4.830905e+00 -3.895115e+00 2.245006e+00
092208.6 78.3741 5.000801e+00 -7.927753e-05 -4.792568e+00 4.808064e+00 -3.902060e+00 2.208535e+00
092222.6 78.7494 5.000800e+00 -8.235496e-05 -4.773499e+00 4.789245e+00 -3.892214e+00 2.174814e+00
092233.5 79.1255 5.000785e+00 -9.172003e-05 -4.791664e+00 4.768530e+00 -3.906048e+00 2.135819e+00
092245.1 79.4998 5.000810e+00 -1.102320e-04 -4.800900e+00 4.712818e+00 -3.926346e+00 2.081235e+00
092258.4 79.8742 5.000779e+00 -1.312707e-04 -4.804303e+00 4.663992e+00 -3.918445e+00 2.032658e+00
092311.0 80.2491 5.000786e+00 -1.313245e-04 -4.815785e+00 4.649643e+00 -3.923589e+00 2.005966e+00
092325.0 80.6255 5.000792e+00 -1.295975e-04 -4.815390e+00 4.622353e+00 -3.918012e+00 1.971952e+00
092334.2 80.9999 5.000822e+00 -1.415400e-04 -4.800790e+00 4.573336e+00 -3.915605e+00 1.910845e+00
092347.5 81.3744 5.000802e+00 -1.431137e-04 -4.804818e+00 4.534534e+00 -3.919497e+00 1.848503e+00
092356.3 81.7494 5.000770e+00 -1.308733e-04 -4.841883e+00 4.511283e+00 -3.944628e+00 1.812099e+00
092407.6 82.1251 5.000765e+00 -1.308423e-04 -4.834840e+00 4.470475e+00 -3.942557e+00 1.772846e+00
092416.1 82.4997 5.000830e+00 -1.620062e-04 -4.835997e+00 4.414906e+00 -3.938489e+00 1.713850e+00
092425.4 82.8747 5.000806e+00 -1.969526e-04 -4.860113e+00 4.382194e+00 -3.939955e+00 1.667778e+00
092438.0 83.2506 5.000830e+00 -2.008908e-04 -4.844643e+00 4.341086e+00 -3.936441e+00 1.633264e+00
092446.2 83.6249 5.000799e+00 -1.676211e-04 -4.842174e+00 4.308199e+00 -3.950217e+00 1.587740e+00
092458.2 84.0001 5.000795e+00 -1.674935e-04 -4.837511e+00 4.242246e+00 -3.958998e+00 1.509527e+00
092511.2 84.375 5.000811e+00 -1.907070e-04 -4.847823e+00 4.192270e+00 -3.968554e+00 1.440493e+00
092525.2 84.7499 5.000779e+00 -1.896911e-04 -4.860277e+00 4.165520e+00 -3.960040e+00 1.411477e+00
092533.0 85.1248 5.000806e+00 -1.867687e-04 -4.879215e+00 4.134384e+00 -3.963918e+00 1.374827e+00
092541.5 85.5004 5.000800e+00 -2.024454e-04 -4.870044e+00 4.062398e+00 -3.962146e+00 1.306642e+00
092552.1 85.8752 5.000805e+00 -2.076304e-04 -4.858575e+00 3.997017e+00 -3.966460e+00 1.244210e+00
092602.7 86.2503 5.000769e+00 -1.940938e-04 -4.860548e+00 3.964468e+00 -3.982084e+00 1.194749e+00
092614.6 86.6246 5.000792e+00 -1.887161e-04 -4.869536e+00 3.920906e+00 -3.987049e+00 1.139288e+00
092627.2 87.0003 5.000814e+00 -1.993936e-04 -4.888982e+00 3.869291e+00 -3.998524e+00 1.068764e+00
092640.1 87.3752 5.000788e+00 -2.115189e-04 -4.887794e+00 3.810517e+00 -3.992500e+00 1.005703e+00
092655.1 87.7503 5.000791e+00 -2.016889e-04 -4.897162e+00 3.778152e+00 -3.995099e+00 9.552039e-01
092703.0 88.1251 5.000798e+00 -2.045289e-04 -4.896168e+00 3.727169e+00 -3.995936e+00 9.009042e-01
092712.2 88.4995 5.000760e+00 -2.270129e-04 -4.881676e+00 3.646102e+00 -3.999008e+00 8.203235e-01
092724.1 88.8747 5.000790e+00 -2.502995e-04 -4.880461e+00 3.567002e+00 -4.006985e+00 7.496171e-01
092736.6 89.2493 5.000769e+00 -2.689069e-04 -4.888874e+00 3.536742e+00 -4.010837e+00 7.014421e-01
092745.4 89.6248 5.000788e+00 -2.890799e-04 -4.904933e+00 3.497480e+00 -4.011704e+00 6.430208e-01
092757.0 89.9996 5.000766e+00 -2.984815e-04 -4.903496e+00 3.421733e+00 -4.005839e+00 5.619737e-01
092809.7 90.3756 5.000816e+00 -2.816887e-04 -4.917093e+00 3.358997e+00 -4.015976e+00 4.876212e-01
092823.1 90.7496 5.000788e+00 -2.539823e-04 -4.916542e+00 3.312842e+00 -4.012194e+00 4.347419e-01
092830.6 91.1249 5.000803e+00 -2.271306e-04 -4.920667e+00 3.256467e+00 -4.021506e+00 3.758240e-01
092839.2 91.4992 5.000811e+00 -2.179183e-04 -4.924472e+00 3.183272e+00 -4.028207e+00 2.976954e-01
092850.7 91.8749 5.000781e+00 -2.146741e-04 -4.944637e+00 3.119756e+00 -4.040504e+00 2.256273e-01
092903.8 92.2504 5.000802e+00 -1.875733e-04 -4.947686e+00 3.070531e+00 -4.031289e+00 1.671923e-01
092912.0 92.625 5.000826e+00 -1.504789e-04 -4.955398e+00 3.014871e+00 -4.047011e+00 1.047587e-01
092924.2 92.9999 5.000755e+00 -1.180395e-04 -4.962784e+00 2.937282e+00 -4.049490e+00 2.260939e-02
092937.8 93.3749 5.000794e+00 -8.648190e-05 -4.948847e+00 2.866915e+00 -4.048340e+00 -5.682147e-02
092946.4 93.7498 5.000821e+00 -5.536337e-05 -4.965988e+00 2.822256e+00 -4.058561e+00 -1.093428e-01
092958.7 94.124 5.000811e+00 -4.334809e-05 -4.965280e+00 2.769214e+00 -4.066742e+00 -1.657750e-01
093010.3 94.5001 5.000818e+00 -3.514234e-05 -4.981878e+00 2.685182e+00 -4.067872e+00 -2.541199e-01
093023.3 94.8747 5.000779e+00 3.915950e-05 -4.989259e+00 2.612125e+00 -4.074894e+00 -3.329435e-01
093035.9 95.2499 5.000792e+00 1.194083e-04 -5.007086e+00 2.566559e+00 -4.101215e+00 -3.915541e-01
093044.4 95.6248 5.000775e+00 1.428759e-04 -4.991524e+00 2.502838e+00 -4.095529e+00 -4.585749e-01
093053.6 95.9999 5.000769e+00 1.215864e-04 -4.990206e+00 2.418903e+00 -4.096528e+00 -5.544615e-01
093106.9 96.3746 5.000791e+00 7.980899e-05 -4.997460e+00 2.338707e+00 -4.099559e+00 -6.438936e-01
093119.9 96.7502 5.000799e+00 4.814087e-05 -5.005505e+00 2.273034e+00 -4.103497e+00 -7.133288e-01
093128.0 97.1245 5.000788e+00 4.412933e-05 -5.012948e+00 2.204999e+00 -4.102452e+00 -7.994917e-01
093136.6 97.5 5.000805e+00 1.241218e-05 -5.017473e+00 2.108544e+00 -4.101990e+00 -9.053818e-01
093145.2 97.8744 5.000781e+00 -3.852436e-05 -5.008528e+00 2.015671e+00 -4.103234e+00 -9.995795e-01
093153.1 98.25 5.000785e+00 -8.291640e-05 -4.986376e+00 1.956048e+00 -4.105173e+00 -1.072126e+00
093206.7 98.6255 5.000749e+00 -1.243946e-04 -4.993983e+00 1.891821e+00 -4.114116e+00 -1.152276e+00
093219.0 98.9998 5.000786e+00 -1.704300e-04 -4.996884e+00 1.790583e+00 -4.116342e+00 -1.256028e+00
093234.0 99.3747 5.000763e+00 -2.087420e-04 -5.009313e+00 1.693491e+00 -4.113235e+00 -1.359154e+00
093249.0 99.7493 5.000793e+00 -2.185338e-04 -5.018493e+00 1.625817e+00 -4.108182e+00 -1.443474e+00
093259.9 100.125 5.000797e+00 -2.282168e-04 -5.026504e+00 1.556499e+00 -4.110653e+00 -1.526043e+00
093308.1 100.499 5.000762e+00 -2.557579e-04 -5.011558e+00 1.456042e+00 -4.105406e+00 -1.626121e+00
093319.7 100.874 5.000772e+00 -2.778645e-04 -4.994670e+00 1.366276e+00 -4.103578e+00 -1.718935e+00
093331.6 101.25 5.000782e+00 -2.766844e-04 -4.995682e+00 1.292591e+00 -4.109295e+00 -1.800683e+00
093341.5 101.625 5.000773e+00 -2.708929e-04 -5.008580e+00 1.207285e+00 -4.118361e+00 -1.892341e+00
093350.1 102 5.000812e+00 -2.634948e-04 -5.034158e+00 1.106759e+00 -4.119303e+00 -2.009414e+00
093404.8 102.374 5.000768e+00 -2.538322e-04 -5.041072e+00 1.014361e+00 -4.122418e+00 -2.113860e+00
093418.9 102.75 5.000769e+00 -2.380266e-04 -5.057886e+00 9.495636e-01 -4.127254e+00 -2.194346e+00
093430.4 103.125 5.000792e+00 -2.327471e-04 -5.040283e+00 8.752719e-01 -4.126160e+00 -2.271423e+00
093438.0 103.499 5.000781e+00 -2.301346e-04 -5.031259e+00 7.727952e-01 -4.131601e+00 -2.382224e+00
093451.0 103.875 5.000781e+00 -2.156951e-04 -5.037037e+00 6.677508e-01 -4.141071e+00 -2.487047e+00
093503.6 104.25 5.000776e+00 -1.790497e-04 -5.053031e+00 5.875883e-01 -4.145938e+00 -2.570482e+00
093517.2 104.624 5.000773e+00 -1.475588e-04 -5.064801e+00 5.066558e-01 -4.145641e+00 -2.664013e+00
093528.5 105 5.000769e+00 -1.315201e-04 -5.077164e+00 4.037808e-01 -4.155177e+00 -2.782538e+00
093544.9 105.375 5.000787e+00 -1.054879e-04 -5.068905e+00 3.116028e-01 -4.150457e+00 -2.886903e+00
093558.9 105.75 5.000814e+00 -4.573501e-05 -5.055767e+00 2.389699e-01 -4.157634e+00 -2.964297e+00
093609.9 106.125 5.000805e+00 -4.872071e-06 -5.061708e+00 1.530586e-01 -4.169220e+00 -3.060797e+00
093620.4 106.5 5.000786e+00 2.050168e-05 -5.078108e+00 3.657447e-02 -4.182668e+00 -3.176294e+00
093633.8 106.875 5.000805e+00 6.931969e-05 -5.092593e+00 -7.192418e-02 -4.179596e+00 -3.284597e+00
093646.7 107.249 5.000792e+00 1.359900e-04 -5.116074e+00 -1.496480e-01 -4.189028e+00 -3.375335e+00
093657.3 107.626 5.000805e+00 1.770677e-04 -5.127019e+00 -2.280197e-01 -4.193184e+00 -3.478283e+00
093709.9 107.999 5.000775e+00 1.941124e-04 -5.115283e+00 -3.358057e-01 -4.188321e+00 -3.598469e+00
093724.2 108.374 5.000793e+00 2.194991e-04 -5.113418e+00 -4.406439e-01 -4.194823e+00 -3.711553e+00
093738.2 108.749 5.000796e+00 2.553314e-04 -5.124909e+00 -5.278526e-01 -4.207807e+00 -3.804763e+00
093750.8 109.124 5.000788e+00 2.799658e-04 -5.145204e+00 -6.170359e-01 -4.216746e+00 -3.908401e+00
093759.3 109.5 5.000808e+00 2.940814e-04 -5.148212e+00 -7.437584e-01 -4.213354e+00 -4.026606e+00
093811.9 109.875 5.000772e+00 3.118757e-04 -5.152418e+00 -8.574725e-01 -4.218792e+00 -4.147166e+00
093819.8 110.249 5.000790e+00 3.491152e-04 -5.147105e+00 -9.411704e-01 -4.223589e+00 -4.244743e+00
093833.0 110.625 5.000800e+00 3.876274e-04 -5.132211e+00 -1.033457e+00 -4.226278e+00 -4.356107e+00
093841.6 110.999 5.000795e+00 3.956056e-04 -5.138441e+00 -1.151915e+00 -4.236940e+00 -4.479433e+00
093853.9 111.375 5.000780e+00 3.825021e-04 -5.140424e+00 -1.271938e+00 -4.233336e+00 -4.595442e+00
093908.0 111.75 5.000797e+00 3.914431e-04 -5.159154e+00 -1.372235e+00 -4.239468e+00 -4.702296e+00
093915.8 112.125 5.000784e+00 4.370117e-04 -5.170884e+00 -1.477992e+00 -4.251970e+00 -4.810873e+00
093925.8 112.5 5.000758e+00 4.768475e-04 -5.174647e+00 -1.608397e+00 -4.247206e+00 -4.945065e+00
093937.8 112.875 5.000781e+00 4.997837e-04 -5.160559e+00 -1.720882e+00 -4.252568e+00 -5.071739e+00
093950.8 113.249 5.000800e+00 5.220233e-04 -5.158151e+00 -1.813324e+00 -4.261196e+00 -5.182592e+00
094004.4 113.624 5.000793e+00 5.106178e-04 -5.169904e+00 -1.914376e+00 -4.280006e+00 -5.295911e+00
094016.4 114 5.000798e+00 4.673762e-04 -5.182601e+00 -2.045804e+00 -4.280255e+00 -5.413123e+00
094028.6 114.375 5.000785e+00 4.538332e-04 -5.189979e+00 -2.166583e+00 -4.284333e+00 -5.530538e+00
094039.9 114.75 5.000830e+00 4.800527e-04 -5.201883e+00 -2.268123e+00 -4.306022e+00 -5.629791e+00
094052.5 115.125 5.000786e+00 4.857037e-04 -5.203369e+00 -2.382303e+00 -4.316006e+00 -5.748325e+00
094100.0 115.5 5.000780e+00 4.861796e-04 -5.193541e+00 -2.514935e+00 -4.330475e+00 -5.898523e+00
094112.7 115.875 5.000773e+00 5.328777e-04 -5.194822e+00 -2.633530e+00 -4.354927e+00 -6.047183e+00
094125.3 116.25 5.000785e+00 5.989668e-04 -5.210472e+00 -2.728862e+00 -4.382036e+00 -6.171767e+00
094140.3 116.626 5.000766e+00 6.495088e-04 -5.228303e+00 -2.837082e+00 -4.402070e+00 -6.304389e+00
094148.9 117 5.000799e+00 6.618242e-04 -5.240075e+00 -2.983418e+00 -4.420187e+00 -6.440226e+00
094202.6 117.375 5.000787e+00 6.340518e-04 -5.245060e+00 -3.120179e+00 -4.432739e+00 -6.568546e+00
094217.2 117.749 5.000788e+00 5.821162e-04 -5.241274e+00 -3.238151e+00 -4.462757e+00 -6.689921e+00
094230.2 118.125 5.000807e+00 4.950623e-04 -5.225331e+00 -3.348197e+00 -4.471296e+00 -6.776139e+00
094241.5 118.5 5.000776e+00 3.666221e-04 -5.231747e+00 -3.476285e+00 -4.487062e+00 -6.870958e+00
094254.8 118.875 5.000778e+00 2.362072e-04 -5.246606e+00 -3.598569e+00 -4.497633e+00 -6.961459e+00
