% Fogale DL Rail Calibration results.
% DL=2, Date=2016-03-23T09:42:58
% Tunnel Temperature=17.94 oC
% Scan Range: 118.875 - 1.125 mOPL
% Metrology used: ENCODERS
% Sensors: CALIBRATED
% Name=NSC
% Comment=not executed at night
% WPS-Sensor tunnel center: WPS-2D-7D0-013
% WPS-Sensor tunnel end: WPS-2D-7D0-001
% DOMS-Sensor: DOM-7D2-003 S-330
% INCLINOMETER-Sensor: Inclinix
% TIMESTAMP[hhmmss.s] OPL-POSITION[m] DOMS[mm] INCL[rad] WPSTctrY[mm] WPSTctrZ[mm] WPSTendY[mm] WPSTendZ[mm]
094303.1 118.875 5.000785e+00 2.396212e-04 -5.246474e+00 -3.599103e+00 -4.497443e+00 -6.962043e+00
094311.6 118.5 5.000800e+00 3.638958e-04 -5.241919e+00 -3.477393e+00 -4.490545e+00 -6.871843e+00
094323.9 118.125 5.000773e+00 4.929107e-04 -5.236906e+00 -3.347844e+00 -4.481729e+00 -6.775977e+00
094335.2 117.749 5.000791e+00 5.810814e-04 -5.246137e+00 -3.237354e+00 -4.475925e+00 -6.690054e+00
094343.3 117.375 5.000799e+00 6.351079e-04 -5.255888e+00 -3.119512e+00 -4.447805e+00 -6.568654e+00
094355.6 117 5.000768e+00 6.617703e-04 -5.245940e+00 -2.980676e+00 -4.429934e+00 -6.438109e+00
094408.9 116.624 5.000752e+00 6.532586e-04 -5.236273e+00 -2.836086e+00 -4.416246e+00 -6.304030e+00
094419.8 116.25 5.000793e+00 6.004096e-04 -5.223025e+00 -2.727249e+00 -4.399695e+00 -6.169576e+00
094428.0 115.875 5.000773e+00 5.359939e-04 -5.204438e+00 -2.632274e+00 -4.382005e+00 -6.046691e+00
094440.0 115.501 5.000771e+00 4.891571e-04 -5.206509e+00 -2.512224e+00 -4.367302e+00 -5.897170e+00
094447.8 115.126 5.000809e+00 4.854658e-04 -5.212143e+00 -2.380791e+00 -4.352785e+00 -5.748188e+00
094457.1 114.75 5.000791e+00 4.803551e-04 -5.204887e+00 -2.267477e+00 -4.333466e+00 -5.629210e+00
094509.0 114.374 5.000774e+00 4.539855e-04 -5.204830e+00 -2.164380e+00 -4.311271e+00 -5.528879e+00
094518.9 114 5.000795e+00 4.682099e-04 -5.193749e+00 -2.044219e+00 -4.298009e+00 -5.412261e+00
094530.5 113.625 5.000765e+00 5.104637e-04 -5.178850e+00 -1.912749e+00 -4.295695e+00 -5.294556e+00
094542.7 113.25 5.000792e+00 5.211740e-04 -5.172632e+00 -1.811709e+00 -4.280644e+00 -5.181113e+00
094552.7 112.875 5.000794e+00 4.996659e-04 -5.173007e+00 -1.717776e+00 -4.264826e+00 -5.069296e+00
094607.3 112.5 5.000780e+00 4.800897e-04 -5.185230e+00 -1.606548e+00 -4.253083e+00 -4.943483e+00
094617.0 112.125 5.000778e+00 4.367924e-04 -5.179761e+00 -1.475380e+00 -4.248648e+00 -4.808651e+00
094629.6 111.75 5.000782e+00 3.924737e-04 -5.165453e+00 -1.372297e+00 -4.232532e+00 -4.701547e+00
094638.4 111.375 5.000804e+00 3.813636e-04 -5.148280e+00 -1.269926e+00 -4.226971e+00 -4.593615e+00
094647.6 111 5.000792e+00 3.975401e-04 -5.144843e+00 -1.151560e+00 -4.233705e+00 -4.478652e+00
094656.5 110.625 5.000799e+00 3.841344e-04 -5.137186e+00 -1.033574e+00 -4.226602e+00 -4.355949e+00
094709.2 110.25 5.000805e+00 3.482299e-04 -5.156861e+00 -9.389968e-01 -4.224546e+00 -4.242985e+00
094720.8 109.875 5.000785e+00 3.153137e-04 -5.163920e+00 -8.567455e-01 -4.218705e+00 -4.146230e+00
094733.5 109.5 5.000801e+00 2.951017e-04 -5.157133e+00 -7.400968e-01 -4.210404e+00 -4.023261e+00
094741.3 109.125 5.000810e+00 2.797645e-04 -5.150339e+00 -6.136517e-01 -4.212670e+00 -3.905107e+00
094749.9 108.75 5.000779e+00 2.572903e-04 -5.130622e+00 -5.265130e-01 -4.207273e+00 -3.803511e+00
094758.7 108.375 5.000787e+00 2.191132e-04 -5.116486e+00 -4.387724e-01 -4.198909e+00 -3.709883e+00
094809.7 108 5.000796e+00 1.923909e-04 -5.122953e+00 -3.344809e-01 -4.192122e+00 -3.597463e+00
094821.4 107.624 5.000795e+00 1.762304e-04 -5.134315e+00 -2.253730e-01 -4.191097e+00 -3.476141e+00
094833.3 107.25 5.000773e+00 1.351890e-04 -5.127400e+00 -1.482258e-01 -4.183073e+00 -3.374953e+00
094841.8 106.875 5.000780e+00 6.872126e-05 -5.103184e+00 -7.010034e-02 -4.165041e+00 -3.283398e+00
094852.5 106.5 5.000796e+00 2.074600e-05 -5.088138e+00 3.747983e-02 -4.168977e+00 -3.175362e+00
094900.6 106.125 5.000788e+00 -4.560672e-06 -5.074564e+00 1.549550e-01 -4.160028e+00 -3.060090e+00
094912.6 105.75 5.000775e+00 -4.611930e-05 -5.061494e+00 2.402777e-01 -4.149980e+00 -2.963559e+00
094921.9 105.374 5.000768e+00 -1.061965e-04 -5.073762e+00 3.126568e-01 -4.141013e+00 -2.885284e+00
094930.4 105 5.000806e+00 -1.337925e-04 -5.077092e+00 4.048730e-01 -4.136351e+00 -2.779937e+00
094944.4 104.625 5.000778e+00 -1.506728e-04 -5.073038e+00 5.081452e-01 -4.130241e+00 -2.662634e+00
094955.3 104.25 5.000785e+00 -1.822919e-04 -5.060638e+00 5.896881e-01 -4.129877e+00 -2.569080e+00
095003.3 103.875 5.000764e+00 -2.151387e-04 -5.042103e+00 6.691141e-01 -4.130886e+00 -2.485632e+00
095011.5 103.5 5.000774e+00 -2.299557e-04 -5.037496e+00 7.738543e-01 -4.127122e+00 -2.380112e+00
095022.5 103.125 5.000809e+00 -2.360317e-04 -5.049191e+00 8.773881e-01 -4.126238e+00 -2.269666e+00
095030.7 102.75 5.000782e+00 -2.382841e-04 -5.057481e+00 9.521631e-01 -4.117610e+00 -2.190723e+00
095039.4 102.376 5.000807e+00 -2.541643e-04 -5.051192e+00 1.017131e+00 -4.110661e+00 -2.110809e+00
095051.7 102 5.000806e+00 -2.622784e-04 -5.032469e+00 1.109739e+00 -4.099545e+00 -2.006502e+00
095100.2 101.625 5.000767e+00 -2.702754e-04 -5.014813e+00 1.211695e+00 -4.100476e+00 -1.888029e+00
095108.4 101.251 5.000763e+00 -2.752579e-04 -5.004020e+00 1.297281e+00 -4.090954e+00 -1.796103e+00
095116.6 100.875 5.000794e+00 -2.755885e-04 -5.001996e+00 1.369751e+00 -4.087154e+00 -1.716580e+00
095128.2 100.5 5.000786e+00 -2.541274e-04 -5.017861e+00 1.460050e+00 -4.089858e+00 -1.622470e+00
095137.8 100.125 5.000768e+00 -2.264702e-04 -5.028423e+00 1.560465e+00 -4.086836e+00 -1.521274e+00
095153.1 99.751 5.000804e+00 -2.175503e-04 -5.019005e+00 1.630098e+00 -4.084255e+00 -1.438909e+00
095205.4 99.3749 5.000816e+00 -2.060797e-04 -5.016622e+00 1.698073e+00 -4.084729e+00 -1.354184e+00
095218.6 99.0003 5.000796e+00 -1.694351e-04 -4.997835e+00 1.795288e+00 -4.087196e+00 -1.250914e+00
095230.6 98.6249 5.000784e+00 -1.244147e-04 -4.992424e+00 1.895489e+00 -4.091890e+00 -1.146763e+00
095243.5 98.2506 5.000802e+00 -7.947349e-05 -4.991828e+00 1.960835e+00 -4.090197e+00 -1.067555e+00
095256.2 97.8758 5.000787e+00 -3.472685e-05 -5.011376e+00 2.019833e+00 -4.088818e+00 -9.947527e-01
095308.8 97.4999 5.000773e+00 1.420707e-05 -5.022709e+00 2.114937e+00 -4.084171e+00 -8.982424e-01
095333.6 97.1153 5.000786e+00 4.404966e-05 -5.017380e+00 2.211652e+00 -4.084633e+00 -7.921906e-01
095345.2 96.7497 5.000792e+00 5.238967e-05 -5.011703e+00 2.275822e+00 -4.081399e+00 -7.102402e-01
095354.4 96.3749 5.000791e+00 8.279403e-05 -5.000695e+00 2.339498e+00 -4.080442e+00 -6.426322e-01
095405.3 96.0001 5.000778e+00 1.227655e-04 -4.991286e+00 2.419751e+00 -4.081948e+00 -5.534582e-01
095416.9 95.6252 5.000758e+00 1.430474e-04 -4.992733e+00 2.504236e+00 -4.081756e+00 -4.567929e-01
095427.5 95.2503 5.000782e+00 1.161658e-04 -5.011748e+00 2.567714e+00 -4.091008e+00 -3.910353e-01
095435.4 94.8752 5.000793e+00 3.815840e-05 -4.998784e+00 2.612823e+00 -4.071464e+00 -3.328727e-01
095447.3 94.5005 5.000786e+00 -3.024579e-05 -4.990566e+00 2.685088e+00 -4.062684e+00 -2.538266e-01
095455.5 94.1258 5.000786e+00 -4.531978e-05 -4.976298e+00 2.769701e+00 -4.060233e+00 -1.648024e-01
095504.8 93.7503 5.000805e+00 -5.367161e-05 -4.968147e+00 2.822781e+00 -4.052648e+00 -1.074879e-01
095514.3 93.375 5.000810e+00 -8.685467e-05 -4.954866e+00 2.868826e+00 -4.042723e+00 -5.377352e-02
095523.5 93.0006 5.000779e+00 -1.179483e-04 -4.963651e+00 2.940793e+00 -4.035569e+00 2.599393e-02
095532.1 92.6254 5.000794e+00 -1.486152e-04 -4.963128e+00 3.016824e+00 -4.036056e+00 1.071685e-01
095544.4 92.2498 5.000776e+00 -1.875618e-04 -4.953842e+00 3.072046e+00 -4.017076e+00 1.681806e-01
095552.6 91.8747 5.000773e+00 -2.106002e-04 -4.948199e+00 3.122577e+00 -4.022032e+00 2.291539e-01
095604.8 91.5005 5.000818e+00 -2.164785e-04 -4.931709e+00 3.187970e+00 -4.015926e+00 3.025863e-01
095617.1 91.1249 5.000774e+00 -2.254137e-04 -4.923016e+00 3.260515e+00 -4.012740e+00 3.801345e-01
095625.7 90.7505 5.000796e+00 -2.534003e-04 -4.921442e+00 3.315545e+00 -4.004998e+00 4.385919e-01
095637.3 90.3747 5.000790e+00 -2.798311e-04 -4.917946e+00 3.361816e+00 -3.994208e+00 4.905212e-01
095650.4 89.9991 5.000775e+00 -2.996130e-04 -4.902168e+00 3.424259e+00 -3.980592e+00 5.656868e-01
095659.2 89.625 5.000769e+00 -2.878510e-04 -4.901096e+00 3.499574e+00 -3.981327e+00 6.462679e-01
095707.5 89.2509 5.000797e+00 -2.678388e-04 -4.893293e+00 3.537625e+00 -3.985527e+00 7.029693e-01
095716.7 88.8755 5.000773e+00 -2.492059e-04 -4.882870e+00 3.571612e+00 -3.987703e+00 7.543316e-01
095729.3 88.5006 5.000779e+00 -2.271671e-04 -4.886072e+00 3.649772e+00 -3.983652e+00 8.250938e-01
095741.6 88.1256 5.000776e+00 -2.030198e-04 -4.894981e+00 3.731152e+00 -3.974498e+00 9.059284e-01
095752.5 87.7504 5.000788e+00 -2.023801e-04 -4.897149e+00 3.780415e+00 -3.970922e+00 9.578134e-01
095801.0 87.3749 5.000755e+00 -2.103697e-04 -4.893753e+00 3.813008e+00 -3.971395e+00 1.008921e+00
095809.6 87 5.000802e+00 -2.008585e-04 -4.885696e+00 3.870337e+00 -3.970633e+00 1.071164e+00
095823.2 86.6248 5.000778e+00 -1.890747e-04 -4.869229e+00 3.921836e+00 -3.968393e+00 1.140884e+00
095832.8 86.2503 5.000784e+00 -1.925500e-04 -4.865188e+00 3.967501e+00 -3.973297e+00 1.197775e+00
095843.7 85.875 5.000782e+00 -2.054940e-04 -4.863851e+00 3.999184e+00 -3.959810e+00 1.247062e+00
095855.6 85.4998 5.000788e+00 -2.020008e-04 -4.873616e+00 4.064987e+00 -3.949045e+00 1.309881e+00
095907.6 85.1253 5.000768e+00 -1.856371e-04 -4.878633e+00 4.135320e+00 -3.943601e+00 1.376064e+00
095917.1 84.7499 5.000806e+00 -1.876111e-04 -4.860734e+00 4.167353e+00 -3.936531e+00 1.413886e+00
095926.4 84.3753 5.000805e+00 -1.888317e-04 -4.855552e+00 4.198546e+00 -3.943882e+00 1.446508e+00
095937.0 84.0003 5.000790e+00 -1.649909e-04 -4.842232e+00 4.244816e+00 -3.941345e+00 1.512746e+00
095950.3 83.6254 5.000781e+00 -1.687756e-04 -4.849590e+00 4.312056e+00 -3.936696e+00 1.591099e+00
100003.3 83.2497 5.000770e+00 -2.002961e-04 -4.850089e+00 4.345335e+00 -3.919686e+00 1.637081e+00
100013.8 82.8747 5.000810e+00 -1.956638e-04 -4.860573e+00 4.384888e+00 -3.916240e+00 1.670909e+00
100025.4 82.5003 5.000790e+00 -1.606670e-04 -4.842255e+00 4.418858e+00 -3.918873e+00 1.718125e+00
100033.9 82.1251 5.000773e+00 -1.284190e-04 -4.846162e+00 4.470828e+00 -3.923359e+00 1.773390e+00
100043.5 81.7499 5.000755e+00 -1.283568e-04 -4.837179e+00 4.513969e+00 -3.925161e+00 1.814996e+00
100056.7 81.3757 5.000751e+00 -1.399079e-04 -4.815469e+00 4.537503e+00 -3.914336e+00 1.852514e+00
100110.0 81.0012 5.000811e+00 -1.405264e-04 -4.803758e+00 4.577582e+00 -3.907066e+00 1.914953e+00
100118.6 80.6254 5.000782e+00 -1.289192e-04 -4.817478e+00 4.626825e+00 -3.904476e+00 1.977387e+00
100130.5 80.25 5.000763e+00 -1.300555e-04 -4.824533e+00 4.652264e+00 -3.910220e+00 2.008668e+00
100139.1 79.8757 5.000790e+00 -1.315507e-04 -4.810168e+00 4.667952e+00 -3.902050e+00 2.036239e+00
100151.0 79.5004 5.000782e+00 -1.077345e-04 -4.806861e+00 4.716091e+00 -3.909417e+00 2.084517e+00
100202.7 79.1253 5.000800e+00 -9.050543e-05 -4.795955e+00 4.772308e+00 -3.894244e+00 2.140043e+00
100212.2 78.7505 5.000794e+00 -8.002249e-05 -4.778380e+00 4.792376e+00 -3.885598e+00 2.178356e+00
100220.4 78.375 5.000782e+00 -8.008339e-05 -4.792265e+00 4.811951e+00 -3.884383e+00 2.213583e+00
100230.6 78 5.000768e+00 -5.259719e-05 -4.806857e+00 4.833340e+00 -3.878716e+00 2.247211e+00
100243.3 77.625 5.000790e+00 -3.870770e-05 -4.798012e+00 4.903574e+00 -3.870579e+00 2.294186e+00
100255.0 77.2501 5.000805e+00 -5.596141e-05 -4.783109e+00 4.908859e+00 -3.871492e+00 2.322822e+00
100302.6 76.8752 5.000780e+00 -7.577905e-05 -4.758574e+00 4.921226e+00 -3.867441e+00 2.346236e+00
100314.8 76.5001 5.000805e+00 -8.548706e-05 -4.760633e+00 4.956493e+00 -3.861913e+00 2.381089e+00
100326.4 76.1254 5.000780e+00 -7.549206e-05 -4.761516e+00 4.982605e+00 -3.856090e+00 2.424375e+00
100334.7 75.7501 5.000795e+00 -7.336158e-05 -4.773994e+00 4.991299e+00 -3.845636e+00 2.449597e+00
100343.6 75.3754 5.000778e+00 -8.177982e-05 -4.772505e+00 4.997048e+00 -3.842742e+00 2.465662e+00
100356.0 75.0003 5.000797e+00 -8.637237e-05 -4.753112e+00 5.036196e+00 -3.851398e+00 2.510993e+00
100410.0 74.6259 5.000754e+00 -9.145666e-05 -4.746750e+00 5.085829e+00 -3.834319e+00 2.552000e+00
100421.6 74.2495 5.000776e+00 -1.092119e-04 -4.726131e+00 5.086681e+00 -3.833786e+00 2.576217e+00
100429.8 73.8756 5.000810e+00 -1.431332e-04 -4.710610e+00 5.080768e+00 -3.817802e+00 2.575160e+00
100441.9 73.5007 5.000763e+00 -1.521197e-04 -4.727705e+00 5.104059e+00 -3.815490e+00 2.608604e+00
100453.6 73.1253 5.000784e+00 -1.765096e-04 -4.730401e+00 5.137048e+00 -3.811925e+00 2.664901e+00
100504.1 72.7496 5.000755e+00 -1.783464e-04 -4.725429e+00 5.144654e+00 -3.807799e+00 2.672932e+00
100512.7 72.375 5.000785e+00 -1.912238e-04 -4.718454e+00 5.152393e+00 -3.802140e+00 2.688432e+00
100521.2 72 5.000782e+00 -1.843910e-04 -4.692472e+00 5.174404e+00 -3.795745e+00 2.715579e+00
100533.1 71.6245 5.000809e+00 -1.755829e-04 -4.695474e+00 5.209858e+00 -3.796063e+00 2.744583e+00
100546.1 71.2497 5.000790e+00 -1.707968e-04 -4.691649e+00 5.206935e+00 -3.791651e+00 2.751061e+00
100556.6 70.8744 5.000775e+00 -1.661986e-04 -4.698061e+00 5.202368e+00 -3.780203e+00 2.750074e+00
100609.2 70.5004 5.000809e+00 -1.628723e-04 -4.702406e+00 5.212457e+00 -3.777528e+00 2.784317e+00
100621.2 70.1253 5.000782e+00 -1.582007e-04 -4.698410e+00 5.240657e+00 -3.775563e+00 2.827609e+00
100631.8 69.7501 5.000779e+00 -1.464301e-04 -4.684418e+00 5.236222e+00 -3.775269e+00 2.836694e+00
100642.7 69.3748 5.000757e+00 -1.359043e-04 -4.667477e+00 5.240783e+00 -3.770597e+00 2.837941e+00
100708.9 68.9908 5.000772e+00 -1.214654e-04 -4.667810e+00 5.262936e+00 -3.770401e+00 2.862455e+00
100723.6 68.6258 5.000797e+00 -1.081246e-04 -4.669210e+00 5.284094e+00 -3.758142e+00 2.889260e+00
100736.0 68.2504 5.000773e+00 -1.058050e-04 -4.686680e+00 5.277886e+00 -3.764266e+00 2.897850e+00
100746.6 67.8753 5.000787e+00 -1.202264e-04 -4.685053e+00 5.259488e+00 -3.759833e+00 2.893082e+00
100755.4 67.5002 5.000794e+00 -1.176804e-04 -4.661999e+00 5.279358e+00 -3.748836e+00 2.919745e+00
100807.1 67.1257 5.000772e+00 -7.224994e-05 -4.665602e+00 5.316257e+00 -3.749329e+00 2.946190e+00
100820.7 66.75 5.000796e+00 -2.217439e-05 -4.661108e+00 5.313983e+00 -3.750900e+00 2.956488e+00
100834.3 66.3753 5.000801e+00 2.239437e-05 -4.651012e+00 5.294007e+00 -3.746131e+00 2.953229e+00
100848.3 66.0014 5.000782e+00 8.572448e-05 -4.656794e+00 5.299626e+00 -3.745475e+00 2.970127e+00
100900.3 65.6262 5.000794e+00 1.455748e-04 -4.655764e+00 5.313049e+00 -3.750658e+00 2.991650e+00
100913.2 65.2502 5.000794e+00 1.816090e-04 -4.663858e+00 5.311821e+00 -3.747603e+00 2.994187e+00
100925.6 64.8747 5.000776e+00 1.928105e-04 -4.654023e+00 5.306703e+00 -3.750082e+00 2.996668e+00
100938.9 64.5013 5.000759e+00 1.957717e-04 -4.633224e+00 5.316957e+00 -3.747237e+00 3.012956e+00
100950.9 64.1254 5.000782e+00 2.050164e-04 -4.629813e+00 5.342091e+00 -3.734369e+00 3.026351e+00
100959.7 63.7508 5.000790e+00 2.039052e-04 -4.629969e+00 5.321105e+00 -3.724800e+00 3.015981e+00
101009.0 63.3748 5.000821e+00 1.825448e-04 -4.629922e+00 5.295909e+00 -3.727403e+00 2.997085e+00
101018.2 63 5.000799e+00 1.389139e-04 -4.621411e+00 5.292679e+00 -3.717265e+00 3.012618e+00
101026.7 62.6252 5.000790e+00 1.406901e-04 -4.611604e+00 5.297849e+00 -3.713831e+00 3.036568e+00
101034.9 62.2501 5.000787e+00 1.370090e-04 -4.595313e+00 5.285250e+00 -3.702356e+00 3.030479e+00
101042.7 61.8751 5.000761e+00 1.364718e-04 -4.584823e+00 5.260557e+00 -3.708695e+00 3.010479e+00
101051.7 61.4992 5.000773e+00 1.531767e-04 -4.592064e+00 5.259550e+00 -3.694309e+00 3.003907e+00
101102.9 61.1249 5.000784e+00 1.659232e-04 -4.602317e+00 5.255255e+00 -3.688076e+00 3.007134e+00
101111.8 60.7501 5.000776e+00 1.505992e-04 -4.605918e+00 5.238126e+00 -3.693185e+00 3.002463e+00
101120.0 60.3753 5.000793e+00 1.076917e-04 -4.588172e+00 5.218285e+00 -3.680136e+00 2.989284e+00
101131.9 60 5.000801e+00 1.056955e-04 -4.584288e+00 5.209222e+00 -3.668094e+00 2.995692e+00
101146.4 59.6254 5.000787e+00 1.243650e-04 -4.562154e+00 5.199209e+00 -3.667819e+00 3.008183e+00
101158.7 59.25 5.000794e+00 1.478777e-04 -4.551491e+00 5.174314e+00 -3.665125e+00 2.993307e+00
101207.5 58.8753 5.000790e+00 1.543430e-04 -4.554871e+00 5.146877e+00 -3.658080e+00 2.972721e+00
101219.5 58.4992 5.000771e+00 1.680789e-04 -4.569824e+00 5.143661e+00 -3.653143e+00 2.969384e+00
101227.3 58.1252 5.000779e+00 1.960541e-04 -4.573565e+00 5.144446e+00 -3.659827e+00 2.972903e+00
101235.9 57.7501 5.000775e+00 2.084657e-04 -4.559210e+00 5.112324e+00 -3.640560e+00 2.954896e+00
101244.4 57.3757 5.000808e+00 2.076722e-04 -4.536866e+00 5.069875e+00 -3.641243e+00 2.933066e+00
101255.7 57.0004 5.000779e+00 2.092958e-04 -4.518419e+00 5.048288e+00 -3.637915e+00 2.924761e+00
101308.9 56.6252 5.000772e+00 1.991479e-04 -4.521775e+00 5.067725e+00 -3.633294e+00 2.925367e+00
101320.9 56.25 5.000767e+00 1.598113e-04 -4.530745e+00 5.019726e+00 -3.622105e+00 2.896967e+00
101332.8 55.8748 5.000793e+00 1.235476e-04 -4.526965e+00 4.978638e+00 -3.613423e+00 2.870189e+00
101345.0 55.5009 5.000787e+00 1.315150e-04 -4.522677e+00 4.964112e+00 -3.609686e+00 2.858411e+00
101358.0 55.1261 5.000774e+00 1.800397e-04 -4.518943e+00 4.947348e+00 -3.607766e+00 2.860681e+00
101406.6 54.7508 5.000814e+00 2.173925e-04 -4.512016e+00 4.924780e+00 -3.614856e+00 2.834633e+00
101422.0 54.3745 5.000808e+00 2.335717e-04 -4.496442e+00 4.877957e+00 -3.607668e+00 2.805421e+00
101433.6 53.9997 5.000791e+00 2.537677e-04 -4.497990e+00 4.860308e+00 -3.603424e+00 2.801004e+00
101447.2 53.625 5.000794e+00 2.834393e-04 -4.515438e+00 4.852321e+00 -3.596718e+00 2.791505e+00
101455.4 53.2506 5.000782e+00 2.876883e-04 -4.516547e+00 4.808694e+00 -3.603561e+00 2.765017e+00
101503.6 52.8749 5.000807e+00 2.806753e-04 -4.490761e+00 4.763097e+00 -3.588366e+00 2.710104e+00
101515.6 52.4999 5.000780e+00 3.669248e-04 -4.487627e+00 4.754561e+00 -3.584539e+00 2.696680e+00
101527.5 52.1253 5.000781e+00 3.460793e-04 -4.477131e+00 4.740081e+00 -3.590567e+00 2.725508e+00
101541.5 51.7508 5.000805e+00 3.311277e-04 -4.467539e+00 4.693806e+00 -3.572811e+00 2.669608e+00
101554.9 51.3747 5.000775e+00 3.508153e-04 -4.485472e+00 4.647678e+00 -3.576843e+00 2.634989e+00
101608.6 50.9998 5.000769e+00 3.980709e-04 -4.487945e+00 4.620112e+00 -3.567318e+00 2.607904e+00
101622.6 50.6257 5.000786e+00 4.448567e-04 -4.487009e+00 4.600155e+00 -3.568050e+00 2.592752e+00
101634.2 50.2499 5.000774e+00 4.577747e-04 -4.482962e+00 4.560178e+00 -3.565434e+00 2.560163e+00
101646.2 49.8749 5.000782e+00 4.794569e-04 -4.472535e+00 4.503469e+00 -3.572123e+00 2.520901e+00
101659.1 49.5008 5.000753e+00 5.358097e-04 -4.465093e+00 4.474480e+00 -3.568392e+00 2.499926e+00
101711.0 49.1249 5.000809e+00 6.040670e-04 -4.475345e+00 4.452089e+00 -3.567534e+00 2.489181e+00
101720.2 48.7502 5.000801e+00 6.348597e-04 -4.480264e+00 4.407608e+00 -3.558455e+00 2.456089e+00
101730.1 48.3748 5.000764e+00 6.330992e-04 -4.482349e+00 4.357954e+00 -3.559468e+00 2.407017e+00
101743.2 47.9999 5.000778e+00 6.305797e-04 -4.473691e+00 4.328370e+00 -3.552499e+00 2.381977e+00
101756.5 47.625 5.000761e+00 6.270263e-04 -4.460036e+00 4.295980e+00 -3.544092e+00 2.358127e+00
101805.0 47.2503 5.000753e+00 6.111724e-04 -4.445798e+00 4.234059e+00 -3.547466e+00 2.307560e+00
101815.9 46.8749 5.000794e+00 5.788666e-04 -4.449743e+00 4.165364e+00 -3.541766e+00 2.258112e+00
101828.1 46.5002 5.000780e+00 5.485956e-04 -4.431959e+00 4.136275e+00 -3.532989e+00 2.224743e+00
101836.0 46.1249 5.000805e+00 5.044538e-04 -4.442157e+00 4.111540e+00 -3.521908e+00 2.199093e+00
101845.2 45.7499 5.000798e+00 4.311225e-04 -4.429274e+00 4.042884e+00 -3.514420e+00 2.141102e+00
101857.5 45.3746 5.000788e+00 3.705077e-04 -4.416857e+00 3.974700e+00 -3.503415e+00 2.083113e+00
101907.0 45.0003 5.000791e+00 3.491199e-04 -4.402833e+00 3.926058e+00 -3.505103e+00 2.037262e+00
101919.6 44.6258 5.000805e+00 3.497491e-04 -4.383225e+00 3.881134e+00 -3.502924e+00 2.007001e+00
101931.3 44.2499 5.000759e+00 3.356704e-04 -4.389764e+00 3.828699e+00 -3.492178e+00 1.956311e+00
101939.8 43.875 5.000805e+00 3.066956e-04 -4.399866e+00 3.765871e+00 -3.477591e+00 1.903200e+00
101951.1 43.4999 5.000793e+00 2.856983e-04 -4.400609e+00 3.713524e+00 -3.479625e+00 1.864423e+00
101959.3 43.1247 5.000807e+00 2.529689e-04 -4.384183e+00 3.668437e+00 -3.465150e+00 1.828996e+00
102010.3 42.7491 5.000787e+00 1.817961e-04 -4.364736e+00 3.596940e+00 -3.457426e+00 1.761008e+00
102018.8 42.375 5.000775e+00 1.195174e-04 -4.337602e+00 3.521462e+00 -3.449150e+00 1.679958e+00
102027.4 42 5.000764e+00 1.534807e-04 -4.332036e+00 3.468462e+00 -3.443428e+00 1.650143e+00
102041.4 41.625 5.000774e+00 1.322598e-04 -4.331142e+00 3.420938e+00 -3.436270e+00 1.626080e+00
102049.6 41.2501 5.000772e+00 1.239734e-04 -4.343690e+00 3.360167e+00 -3.424994e+00 1.565836e+00
102059.9 40.8747 5.000779e+00 1.167268e-04 -4.330454e+00 3.281118e+00 -3.419647e+00 1.502089e+00
102111.4 40.4999 5.000793e+00 1.324544e-04 -4.323452e+00 3.232381e+00 -3.417968e+00 1.459875e+00
102119.0 40.1251 5.000800e+00 1.400134e-04 -4.313711e+00 3.189627e+00 -3.418863e+00 1.415187e+00
102133.0 39.7508 5.000800e+00 1.450262e-04 -4.302900e+00 3.118178e+00 -3.415580e+00 1.355268e+00
102141.2 39.3751 5.000752e+00 1.208666e-04 -4.300026e+00 3.036097e+00 -3.404270e+00 1.288750e+00
102150.4 38.9997 5.000781e+00 1.019461e-04 -4.305098e+00 2.972271e+00 -3.394680e+00 1.234573e+00
102203.7 38.6247 5.000793e+00 1.012023e-04 -4.312524e+00 2.918633e+00 -3.400739e+00 1.192135e+00
102215.3 38.2499 5.000762e+00 1.050840e-04 -4.305252e+00 2.847713e+00 -3.390405e+00 1.126995e+00
102223.5 37.8752 5.000786e+00 9.747097e-05 -4.288939e+00 2.771388e+00 -3.391554e+00 1.059861e+00
102231.6 37.5 5.000786e+00 9.603064e-05 -4.273868e+00 2.710376e+00 -3.379449e+00 9.929266e-01
102244.9 37.1263 5.000792e+00 1.099567e-04 -4.261184e+00 2.653861e+00 -3.371268e+00 9.445720e-01
102258.6 36.7501 5.000784e+00 1.134246e-04 -4.268243e+00 2.577872e+00 -3.360953e+00 8.808859e-01
102307.1 36.3747 5.000781e+00 1.129970e-04 -4.267696e+00 2.483137e+00 -3.358084e+00 8.104892e-01
102316.3 36.0003 5.000787e+00 1.201588e-04 -4.255684e+00 2.432462e+00 -3.354124e+00 7.567439e-01
102330.0 35.6259 5.000788e+00 1.354102e-04 -4.252418e+00 2.384872e+00 -3.344790e+00 7.108330e-01
102342.7 35.2503 5.000798e+00 1.329316e-04 -4.250374e+00 2.299319e+00 -3.346380e+00 6.358635e-01
102354.6 34.8747 5.000804e+00 1.206046e-04 -4.243324e+00 2.207994e+00 -3.346191e+00 5.534106e-01
102402.8 34.5002 5.000764e+00 1.414713e-04 -4.234289e+00 2.132809e+00 -3.332254e+00 4.890108e-01
102415.0 34.1253 5.000791e+00 1.545438e-04 -4.240159e+00 2.069307e+00 -3.330984e+00 4.328120e-01
102428.4 33.7499 5.000797e+00 1.480728e-04 -4.237795e+00 1.985373e+00 -3.323482e+00 3.571949e-01
102436.9 33.375 5.000763e+00 1.381810e-04 -4.224076e+00 1.897314e+00 -3.317788e+00 2.824091e-01
102450.2 33.0006 5.000793e+00 1.562960e-04 -4.226366e+00 1.829341e+00 -3.308092e+00 2.220580e-01
102504.5 32.6249 5.000767e+00 1.737811e-04 -4.202623e+00 1.766436e+00 -3.307455e+00 1.635938e-01
102519.6 32.2501 5.000758e+00 1.577180e-04 -4.194116e+00 1.673435e+00 -3.305820e+00 7.913260e-02
102527.1 31.8753 5.000770e+00 1.463008e-04 -4.192197e+00 1.572576e+00 -3.291850e+00 -1.468434e-02
102535.3 31.5006 5.000778e+00 1.480595e-04 -4.194627e+00 1.489377e+00 -3.296067e+00 -7.122079e-02
102543.2 31.1258 5.000780e+00 1.810287e-04 -4.201909e+00 1.418686e+00 -3.295161e+00 -1.271555e-01
102556.2 30.7495 5.000775e+00 1.839339e-04 -4.202662e+00 1.328009e+00 -3.285973e+00 -2.098641e-01
102604.8 30.3753 5.000795e+00 1.892901e-04 -4.188301e+00 1.236458e+00 -3.280386e+00 -3.018209e-01
102617.7 30 5.000787e+00 1.989357e-04 -4.171933e+00 1.162670e+00 -3.280855e+00 -3.808129e-01
102632.1 29.6259 5.000768e+00 2.134237e-04 -4.169511e+00 1.094611e+00 -3.275151e+00 -4.458755e-01
102645.0 29.2506 5.000790e+00 2.312207e-04 -4.173234e+00 1.003680e+00 -3.266973e+00 -5.264129e-01
102652.9 28.8752 5.000780e+00 2.428750e-04 -4.177717e+00 8.978297e-01 -3.265246e+00 -6.148835e-01
102704.1 28.4999 5.000801e+00 2.493603e-04 -4.166001e+00 8.134174e-01 -3.261140e+00 -6.906553e-01
102716.7 28.1251 5.000795e+00 2.286684e-04 -4.147944e+00 7.296238e-01 -3.246023e+00 -7.616906e-01
102724.9 27.7505 5.000772e+00 1.880429e-04 -4.125779e+00 6.321068e-01 -3.241372e+00 -8.544036e-01
102733.1 27.3749 5.000766e+00 1.706492e-04 -4.121209e+00 5.309181e-01 -3.241941e+00 -9.567524e-01
102745.8 26.9998 5.000801e+00 1.825675e-04 -4.115632e+00 4.456929e-01 -3.229603e+00 -1.043244e+00
102757.1 26.625 5.000779e+00 2.091195e-04 -4.126275e+00 3.675950e-01 -3.224663e+00 -1.118462e+00
102808.1 26.2495 5.000785e+00 2.215611e-04 -4.124454e+00 2.601579e-01 -3.222118e+00 -1.215496e+00
102819.3 25.8743 5.000801e+00 1.959992e-04 -4.107749e+00 1.379354e-01 -3.210164e+00 -1.309857e+00
102831.0 25.5001 5.000792e+00 1.773967e-04 -4.109919e+00 5.122018e-02 -3.204490e+00 -1.392906e+00
102843.6 25.125 5.000778e+00 1.849703e-04 -4.083304e+00 -2.429117e-02 -3.201666e+00 -1.464460e+00
102856.9 24.7494 5.000804e+00 1.914207e-04 -4.072529e+00 -1.367132e-01 -3.189688e+00 -1.561425e+00
102906.1 24.375 5.000769e+00 1.880061e-04 -4.079645e+00 -2.525648e-01 -3.184235e+00 -1.666019e+00
102914.9 24.0006 5.000751e+00 2.056815e-04 -4.094975e+00 -3.434198e-01 -3.186661e+00 -1.757329e+00
102928.2 23.6252 5.000784e+00 2.379550e-04 -4.084455e+00 -4.276303e-01 -3.181929e+00 -1.836906e+00
102950.7 23.2401 5.000767e+00 2.483262e-04 -4.081049e+00 -5.341270e-01 -3.172791e+00 -1.934702e+00
103003.1 22.8749 5.000794e+00 2.602338e-04 -4.061196e+00 -6.494656e-01 -3.173179e+00 -2.036863e+00
103015.0 22.5002 5.000807e+00 2.896443e-04 -4.047881e+00 -7.415294e-01 -3.163497e+00 -2.120218e+00
103027.4 22.1246 5.000782e+00 3.032382e-04 -4.038961e+00 -8.292459e-01 -3.164073e+00 -2.205702e+00
103035.5 21.7496 5.000790e+00 2.924991e-04 -4.047639e+00 -9.454355e-01 -3.146541e+00 -2.306042e+00
103047.1 21.3743 5.000758e+00 2.943902e-04 -4.044396e+00 -1.070624e+00 -3.141082e+00 -2.427202e+00
103100.4 21.0005 5.000803e+00 3.696165e-04 -4.050698e+00 -1.160844e+00 -3.141070e+00 -2.508488e+00
103114.8 20.625 5.000739e+00 4.431029e-04 -4.047895e+00 -1.248324e+00 -3.143407e+00 -2.587067e+00
103127.7 20.2506 5.000763e+00 5.271730e-04 -4.036201e+00 -1.357071e+00 -3.148088e+00 -2.693982e+00
103136.6 19.8752 5.000760e+00 5.738011e-04 -4.031644e+00 -1.471528e+00 -3.143960e+00 -2.796289e+00
103149.9 19.4999 5.000787e+00 6.282781e-04 -4.044779e+00 -1.564966e+00 -3.145196e+00 -2.889409e+00
103200.9 19.1246 5.000806e+00 6.820331e-04 -4.050824e+00 -1.659076e+00 -3.150422e+00 -2.975589e+00
103209.5 18.7508 5.000790e+00 6.959436e-04 -4.041897e+00 -1.783220e+00 -3.142607e+00 -3.084528e+00
103219.1 18.3751 5.000786e+00 6.818102e-04 -4.037675e+00 -1.921671e+00 -3.135238e+00 -3.203129e+00
103232.7 18.0002 5.000753e+00 6.620918e-04 -4.021558e+00 -2.037038e+00 -3.125825e+00 -3.306549e+00
103247.0 17.6252 5.000776e+00 6.333568e-04 -4.003372e+00 -2.143624e+00 -3.119037e+00 -3.406282e+00
103254.9 17.2508 5.000779e+00 5.703168e-04 -3.995012e+00 -2.268531e+00 -3.101824e+00 -3.521882e+00
103304.4 16.8754 5.000793e+00 4.941281e-04 -3.986970e+00 -2.389865e+00 -3.086393e+00 -3.649184e+00
103313.0 16.4999 5.000806e+00 4.381833e-04 -3.987227e+00 -2.506498e+00 -3.083534e+00 -3.766054e+00
103320.5 16.1246 5.000766e+00 3.976165e-04 -3.974039e+00 -2.609932e+00 -3.073528e+00 -3.875383e+00
103328.8 15.7503 5.000782e+00 3.395956e-04 -3.964462e+00 -2.748916e+00 -3.065601e+00 -4.000573e+00
103339.7 15.3748 5.000766e+00 2.650736e-04 -3.951711e+00 -2.905844e+00 -3.055818e+00 -4.130578e+00
103351.4 15.0001 5.000788e+00 1.942835e-04 -3.913896e+00 -3.016041e+00 -3.043207e+00 -4.249878e+00
103403.7 14.6251 5.000778e+00 1.542869e-04 -3.931530e+00 -3.128018e+00 -3.026344e+00 -4.348002e+00
103411.5 14.25 5.000775e+00 1.262574e-04 -3.925103e+00 -3.257825e+00 -3.015700e+00 -4.475633e+00
103420.0 13.8751 5.000813e+00 9.565810e-05 -3.919594e+00 -3.414751e+00 -3.010213e+00 -4.618493e+00
103430.6 13.4999 5.000791e+00 7.383174e-05 -3.893955e+00 -3.533082e+00 -2.992687e+00 -4.733339e+00
103442.9 13.1259 5.000794e+00 6.922809e-05 -3.887276e+00 -3.642880e+00 -2.994111e+00 -4.848503e+00
103457.1 12.7502 5.000779e+00 5.497245e-05 -3.870084e+00 -3.775424e+00 -2.985959e+00 -4.967016e+00
103505.4 12.3749 5.000779e+00 8.889329e-06 -3.856212e+00 -3.919316e+00 -2.968553e+00 -5.093555e+00
103519.0 12 5.000776e+00 -1.181987e-05 -3.868438e+00 -4.045469e+00 -2.965880e+00 -5.207819e+00
103529.3 11.6252 5.000790e+00 2.136855e-06 -3.867676e+00 -4.156714e+00 -2.961328e+00 -5.310844e+00
103537.2 11.2502 5.000758e+00 6.752424e-06 -3.847982e+00 -4.299936e+00 -2.960875e+00 -5.452142e+00
103548.1 10.8753 5.000790e+00 -8.449764e-06 -3.834670e+00 -4.454860e+00 -2.945641e+00 -5.590650e+00
103556.6 10.5006 5.000812e+00 -1.512907e-05 -3.811822e+00 -4.579552e+00 -2.945332e+00 -5.711140e+00
103608.2 10.1256 5.000807e+00 -3.588726e-05 -3.809243e+00 -4.702765e+00 -2.935366e+00 -5.817398e+00
103630.3 9.73958 5.000787e+00 -5.785400e-05 -3.836252e+00 -4.848064e+00 -2.938401e+00 -5.961326e+00
103642.6 9.37488 5.000790e+00 -4.726127e-05 -3.857803e+00 -4.997117e+00 -2.930608e+00 -6.100243e+00
103652.1 9.00016 5.000806e+00 -3.133250e-05 -3.873265e+00 -5.122070e+00 -2.926788e+00 -6.214160e+00
103717.7 8.61519 5.000794e+00 -3.385395e-05 -3.854213e+00 -5.242559e+00 -2.919291e+00 -6.337126e+00
103729.6 8.2503 5.000778e+00 -5.331126e-05 -3.802387e+00 -5.380552e+00 -2.911792e+00 -6.466989e+00
103737.6 7.87537 5.000793e+00 -7.954022e-05 -3.726493e+00 -5.540204e+00 -2.884999e+00 -6.605243e+00
103749.4 7.50082 5.000800e+00 -8.851489e-05 -3.595362e+00 -5.663243e+00 -2.852268e+00 -6.739142e+00
103801.7 7.12576 5.000815e+00 -7.541965e-05 -3.512710e+00 -5.783267e+00 -2.824352e+00 -6.863535e+00
103810.7 6.74994 5.000774e+00 -4.691294e-05 -3.441443e+00 -5.929169e+00 -2.799992e+00 -7.010468e+00
103823.2 6.37488 5.000800e+00 -2.124654e-05 -3.385776e+00 -6.099399e+00 -2.767805e+00 -7.144131e+00
103834.4 5.99984 5.000786e+00 1.892652e-06 -3.346715e+00 -6.248957e+00 -2.741103e+00 -7.272771e+00
103848.4 5.62472 5.000782e+00 2.713195e-05 -3.312387e+00 -6.382708e+00 -2.737374e+00 -7.395831e+00
103856.2 5.25055 5.000784e+00 4.751744e-05 -3.302921e+00 -6.527393e+00 -2.749244e+00 -7.545413e+00
103908.5 4.87524 5.000790e+00 6.005168e-05 -3.344173e+00 -6.700923e+00 -2.764349e+00 -7.693089e+00
103916.3 4.50006 5.000817e+00 6.613951e-05 -3.327143e+00 -6.839768e+00 -2.769239e+00 -7.825920e+00
103928.7 4.12513 5.000788e+00 7.762253e-05 -3.270134e+00 -6.992662e+00 -2.745667e+00 -7.948264e+00
103944.0 3.75178 5.000793e+00 7.489368e-05 -3.248601e+00 -7.159257e+00 -2.715494e+00 -8.079558e+00
103952.6 3.37501 5.000797e+00 8.393030e-05 -3.262561e+00 -7.332708e+00 -2.694813e+00 -8.229151e+00
104004.8 2.99944 5.000781e+00 1.035272e-04 -3.253340e+00 -7.493619e+00 -2.630905e+00 -8.367803e+00
104013.0 2.62464 5.000782e+00 9.303897e-05 -3.234210e+00 -7.623176e+00 -2.563048e+00 -8.502719e+00
104025.6 2.24907 5.000780e+00 4.997810e-05 -3.221573e+00 -7.797399e+00 -2.489769e+00 -8.658116e+00
104036.5 1.87497 5.000815e+00 3.387241e-05 -3.213619e+00 -7.995346e+00 -2.432366e+00 -8.819947e+00
104048.1 1.49978 5.000788e+00 4.342122e-05 -3.186085e+00 -8.164840e+00 -2.389261e+00 -8.977766e+00
104059.3 1.12517 5.000793e+00 7.758027e-05 -3.142164e+00 -8.294376e+00 -2.362907e+00 -9.129802e+00
