% Fogale DL Rail Calibration results.
% DL=3, Date=2016-03-23T08:41:48
% Tunnel Temperature=17.89 oC
% Scan Range: 1.125 - 118.875 mOPL
% Metrology used: ENCODERS
% Sensors: CALIBRATED
% Name=NSC
% Comment=not executed at night
% WPS-Sensor tunnel center: WPS-2D-7D0-011
% WPS-Sensor tunnel end: WPS-2D-7D0-012
% DOMS-Sensor: DOM-7D2-003 S-330
% INCLINOMETER-Sensor: Inclinix
% TIMESTAMP[hhmmss.s] OPL-POSITION[m] DOMS[mm] INCL[rad] WPSTctrY[mm] WPSTctrZ[mm] WPSTendY[mm] WPSTendZ[mm]
084515.3 1.12524 4.991853e+00 1.211477e-03 -1.063885e-01 -7.057093e+00 4.767428e-01 -8.334191e+00
084525.5 1.49972 4.991820e+00 1.187593e-03 -1.176932e-01 -6.892657e+00 4.595214e-01 -8.184931e+00
084536.8 1.87452 4.991873e+00 1.161257e-03 -1.187637e-01 -6.742122e+00 4.577515e-01 -8.037142e+00
084546.6 2.24971 4.991817e+00 1.184960e-03 -1.352252e-01 -6.561286e+00 4.368350e-01 -7.880946e+00
084557.8 2.62527 4.991874e+00 1.247709e-03 -1.550994e-01 -6.401417e+00 4.266905e-01 -7.740585e+00
084606.4 2.99989 4.991847e+00 1.342976e-03 -1.749906e-01 -6.268265e+00 3.927577e-01 -7.628324e+00
084617.2 3.37482 4.991865e+00 1.456271e-03 -1.851569e-01 -6.128896e+00 3.482078e-01 -7.523522e+00
084625.6 3.75007 4.991845e+00 1.544941e-03 -1.999233e-01 -5.954972e+00 3.210850e-01 -7.405865e+00
084633.5 4.125 4.991874e+00 1.579932e-03 -2.270109e-01 -5.801989e+00 2.996531e-01 -7.267695e+00
084641.7 4.49955 4.991832e+00 1.568429e-03 -2.657365e-01 -5.712804e+00 2.914673e-01 -7.162702e+00
084652.4 4.87518 4.991825e+00 1.557546e-03 -3.116516e-01 -5.585393e+00 2.690874e-01 -7.015179e+00
084703.8 5.25036 4.991849e+00 1.570089e-03 -3.146771e-01 -5.397116e+00 2.361905e-01 -6.866955e+00
084712.7 5.62485 4.991847e+00 1.554885e-03 -3.153134e-01 -5.233124e+00 2.318601e-01 -6.726742e+00
084721.8 6.00009 4.991815e+00 1.524990e-03 -3.101966e-01 -5.106680e+00 2.215558e-01 -6.610167e+00
084732.9 6.37472 4.991823e+00 1.513577e-03 -3.271452e-01 -4.966446e+00 2.042241e-01 -6.472380e+00
084741.8 6.75009 4.991832e+00 1.528885e-03 -3.506874e-01 -4.816545e+00 1.901051e-01 -6.322312e+00
084753.4 7.12483 4.991838e+00 1.547305e-03 -3.530096e-01 -4.683063e+00 1.822923e-01 -6.183509e+00
084802.8 7.50046 4.991843e+00 1.555534e-03 -3.904274e-01 -4.584996e+00 1.588430e-01 -6.069566e+00
084812.1 7.87596 4.991849e+00 1.563199e-03 -4.285110e-01 -4.498504e+00 1.367710e-01 -5.955716e+00
084820.8 8.25026 4.991864e+00 1.577194e-03 -4.403801e-01 -4.374226e+00 1.193940e-01 -5.810237e+00
084829.3 8.62468 4.991854e+00 1.580486e-03 -4.472148e-01 -4.252866e+00 1.096834e-01 -5.674933e+00
084838.2 8.99967 4.991837e+00 1.564329e-03 -4.652254e-01 -4.138771e+00 9.730479e-02 -5.551604e+00
084850.5 9.37453 4.991892e+00 1.547436e-03 -4.805179e-01 -4.014052e+00 9.101025e-02 -5.426086e+00
084859.1 9.74946 4.991878e+00 1.547664e-03 -5.137128e-01 -3.862215e+00 7.994638e-02 -5.284856e+00
084907.0 10.1255 4.991896e+00 1.544485e-03 -5.248368e-01 -3.717029e+00 5.784221e-02 -5.158151e+00
084916.2 10.5003 4.991880e+00 1.532091e-03 -5.184748e-01 -3.595125e+00 4.000489e-02 -5.058073e+00
084924.3 10.8746 4.991879e+00 1.576937e-03 -5.341133e-01 -3.464591e+00 1.669340e-02 -4.945794e+00
084932.6 11.2499 4.991864e+00 1.562596e-03 -5.586657e-01 -3.328323e+00 8.469355e-04 -4.797372e+00
084940.7 11.6247 4.991808e+00 1.541681e-03 -5.800009e-01 -3.181620e+00 -5.807018e-03 -4.660443e+00
084949.2 12.0004 4.991835e+00 1.526362e-03 -5.943632e-01 -3.076726e+00 -1.036129e-02 -4.556376e+00
085002.1 12.3741 4.991834e+00 1.529314e-03 -6.177635e-01 -2.951325e+00 -2.705061e-02 -4.441284e+00
085016.2 12.7505 4.991841e+00 1.552394e-03 -6.332513e-01 -2.806679e+00 -5.127379e-02 -4.311091e+00
085024.3 13.1247 4.991870e+00 1.570596e-03 -6.346744e-01 -2.669897e+00 -6.486400e-02 -4.192506e+00
085032.9 13.4998 4.991828e+00 1.553930e-03 -6.370066e-01 -2.550336e+00 -7.895319e-02 -4.087290e+00
085044.1 13.8744 4.991845e+00 1.522858e-03 -6.614226e-01 -2.437143e+00 -8.931179e-02 -3.970215e+00
085051.9 14.2492 4.991843e+00 1.504141e-03 -6.710970e-01 -2.294097e+00 -9.087260e-02 -3.839794e+00
085100.9 14.625 4.991847e+00 1.493185e-03 -7.029710e-01 -2.167466e+00 -9.613107e-02 -3.709214e+00
085109.0 14.9997 4.991844e+00 1.495478e-03 -7.287439e-01 -2.071407e+00 -1.195338e-01 -3.609892e+00
085121.5 15.3745 4.991843e+00 1.528562e-03 -7.412015e-01 -1.958891e+00 -1.445953e-01 -3.502752e+00
085131.0 15.7493 4.991807e+00 1.576832e-03 -7.437935e-01 -1.806187e+00 -1.687329e-01 -3.380319e+00
085139.6 16.1246 4.991813e+00 1.610125e-03 -7.616726e-01 -1.669527e+00 -1.905822e-01 -3.260145e+00
085147.6 16.4997 4.991833e+00 1.637874e-03 -7.771023e-01 -1.564342e+00 -1.913320e-01 -3.157792e+00
085159.6 16.8745 4.991862e+00 1.675876e-03 -8.017689e-01 -1.453675e+00 -2.109908e-01 -3.047621e+00
085212.4 17.2492 4.991812e+00 1.724060e-03 -8.310871e-01 -1.319632e+00 -2.282137e-01 -2.914021e+00
085221.6 17.6249 4.991804e+00 1.760566e-03 -8.525227e-01 -1.195588e+00 -2.473567e-01 -2.791960e+00
085232.1 18.0001 4.991838e+00 1.808912e-03 -8.561220e-01 -1.094820e+00 -2.648716e-01 -2.691686e+00
085253.7 18.3642 4.991891e+00 1.874875e-03 -8.664990e-01 -9.793007e-01 -2.870469e-01 -2.596316e+00
085307.9 18.7498 4.991858e+00 1.926241e-03 -8.887050e-01 -8.356938e-01 -3.057185e-01 -2.468853e+00
085316.8 19.1245 4.991834e+00 1.929010e-03 -9.021708e-01 -7.018167e-01 -3.151031e-01 -2.357432e+00
085324.6 19.4999 4.991849e+00 1.883545e-03 -9.180909e-01 -6.051168e-01 -3.217732e-01 -2.264920e+00
085332.8 19.8748 4.991822e+00 1.823066e-03 -9.451699e-01 -4.931841e-01 -3.356941e-01 -2.171678e+00
085340.9 20.2496 4.991811e+00 1.771145e-03 -9.534457e-01 -4.039897e-01 -3.552408e-01 -2.067395e+00
085351.1 20.6256 4.991867e+00 1.723613e-03 -9.549756e-01 -3.016332e-01 -3.668601e-01 -1.961608e+00
085359.3 20.9997 4.991835e+00 1.657526e-03 -9.573769e-01 -2.126998e-01 -3.773393e-01 -1.888559e+00
085411.8 21.3745 4.991825e+00 1.606548e-03 -9.711649e-01 -1.211856e-01 -3.946333e-01 -1.798990e+00
085422.1 21.7494 4.991854e+00 1.582108e-03 -9.836976e-01 -3.045678e-03 -3.965746e-01 -1.680913e+00
085438.2 22.1249 4.991800e+00 1.548838e-03 -9.949932e-01 1.145785e-01 -4.100281e-01 -1.579943e+00
085446.9 22.5007 4.991819e+00 1.529279e-03 -1.013871e+00 2.104391e-01 -4.283141e-01 -1.499227e+00
085457.3 22.8752 4.991841e+00 1.535917e-03 -1.023688e+00 2.995942e-01 -4.445509e-01 -1.419196e+00
085505.1 23.2494 4.991804e+00 1.556533e-03 -1.028699e+00 4.119870e-01 -4.611851e-01 -1.317934e+00
085513.3 23.6253 4.991813e+00 1.552899e-03 -1.048634e+00 5.166752e-01 -4.718559e-01 -1.215640e+00
085522.5 23.9994 4.991817e+00 1.530631e-03 -1.067491e+00 6.030148e-01 -4.792539e-01 -1.134291e+00
085534.8 24.3751 4.991857e+00 1.517189e-03 -1.080026e+00 7.036167e-01 -4.898317e-01 -1.042579e+00
085547.8 24.7496 4.991843e+00 1.520963e-03 -1.108938e+00 8.228769e-01 -5.081363e-01 -9.332522e-01
085556.5 25.1243 4.991851e+00 1.518336e-03 -1.120729e+00 9.311141e-01 -5.282213e-01 -8.367085e-01
085604.7 25.4994 4.991835e+00 1.516185e-03 -1.118604e+00 1.008496e+00 -5.411926e-01 -7.630290e-01
085613.2 25.875 4.991816e+00 1.511808e-03 -1.145344e+00 1.092483e+00 -5.617825e-01 -6.842367e-01
085621.0 26.2501 4.991829e+00 1.517193e-03 -1.165399e+00 1.209573e+00 -5.739773e-01 -5.791880e-01
085629.6 26.6247 4.991803e+00 1.521605e-03 -1.189753e+00 1.317559e+00 -5.776067e-01 -4.877032e-01
085639.6 27.0001 4.991797e+00 1.504628e-03 -1.209378e+00 1.386257e+00 -5.934267e-01 -4.127373e-01
085652.9 27.3748 4.991821e+00 1.493375e-03 -1.230954e+00 1.467397e+00 -6.170007e-01 -3.362861e-01
085702.3 27.75 4.991854e+00 1.496175e-03 -1.224820e+00 1.574984e+00 -6.314515e-01 -2.431161e-01
085714.5 28.125 4.991835e+00 1.502897e-03 -1.229466e+00 1.673024e+00 -6.474356e-01 -1.583074e-01
085726.3 28.5 4.991776e+00 1.498135e-03 -1.244574e+00 1.745797e+00 -6.630043e-01 -8.273766e-02
085747.6 28.8643 4.991826e+00 1.502304e-03 -1.260191e+00 1.832669e+00 -6.715608e-01 -1.078359e-02
085758.9 29.2499 4.991855e+00 1.520896e-03 -1.290751e+00 1.939304e+00 -6.862684e-01 8.161008e-02
085811.2 29.6251 4.991785e+00 1.511586e-03 -1.318281e+00 2.038726e+00 -7.074037e-01 1.651589e-01
085819.7 29.9999 4.991800e+00 1.493097e-03 -1.321384e+00 2.103678e+00 -7.253534e-01 2.275211e-01
085833.4 30.3745 4.991835e+00 1.507394e-03 -1.328715e+00 2.185574e+00 -7.425642e-01 2.975999e-01
085841.9 30.7496 4.991847e+00 1.541221e-03 -1.342896e+00 2.284135e+00 -7.633373e-01 3.890731e-01
085849.9 31.1246 4.991825e+00 1.582523e-03 -1.362126e+00 2.377988e+00 -7.761974e-01 4.764517e-01
085858.3 31.5001 4.991807e+00 1.606105e-03 -1.384009e+00 2.445322e+00 -7.858202e-01 5.332268e-01
085908.3 31.8751 4.991843e+00 1.593392e-03 -1.410804e+00 2.523746e+00 -7.970695e-01 6.006941e-01
085916.7 32.2504 4.991775e+00 1.608469e-03 -1.436427e+00 2.621500e+00 -8.174775e-01 6.936060e-01
085925.0 32.6257 4.991817e+00 1.613815e-03 -1.442222e+00 2.713024e+00 -8.390868e-01 7.701005e-01
085935.2 33.0001 4.991808e+00 1.575776e-03 -1.445125e+00 2.772847e+00 -8.454919e-01 8.177916e-01
085947.5 33.3752 4.991815e+00 1.517404e-03 -1.449789e+00 2.839891e+00 -8.619349e-01 8.758015e-01
085959.0 33.7502 4.991822e+00 1.480857e-03 -1.467182e+00 2.923344e+00 -8.662485e-01 9.490609e-01
090006.7 34.1249 4.991773e+00 1.458715e-03 -1.491927e+00 3.002182e+00 -8.715567e-01 1.024547e+00
090015.9 34.5 4.991800e+00 1.435443e-03 -1.515938e+00 3.055939e+00 -8.877562e-01 1.079371e+00
090026.5 34.8749 4.991815e+00 1.419963e-03 -1.522365e+00 3.128338e+00 -9.084328e-01 1.140887e+00
090038.7 35.25 4.991805e+00 1.432044e-03 -1.527577e+00 3.207462e+00 -9.278516e-01 1.215434e+00
090046.7 35.6251 4.991845e+00 1.441790e-03 -1.533878e+00 3.282286e+00 -9.453659e-01 1.284028e+00
090054.9 35.9994 4.991839e+00 1.423076e-03 -1.551029e+00 3.332175e+00 -9.531073e-01 1.331015e+00
090108.7 36.3741 4.991824e+00 1.396928e-03 -1.559056e+00 3.392286e+00 -9.594269e-01 1.384156e+00
090121.9 36.7497 4.991799e+00 1.376669e-03 -1.583076e+00 3.483077e+00 -9.701426e-01 1.457900e+00
090129.9 37.1241 4.991805e+00 1.354339e-03 -1.607549e+00 3.561993e+00 -9.914216e-01 1.527046e+00
090137.7 37.4999 4.991847e+00 1.344749e-03 -1.608576e+00 3.615051e+00 -1.007660e+00 1.568094e+00
090152.6 37.8749 4.991843e+00 1.362110e-03 -1.612436e+00 3.670545e+00 -1.024683e+00 1.620719e+00
090204.1 38.2499 4.991838e+00 1.396604e-03 -1.633450e+00 3.752107e+00 -1.040787e+00 1.690889e+00
090212.6 38.6245 4.991843e+00 1.428656e-03 -1.653283e+00 3.829537e+00 -1.049674e+00 1.756120e+00
090225.4 38.9993 4.991836e+00 1.438087e-03 -1.672085e+00 3.880070e+00 -1.055098e+00 1.802192e+00
090236.8 39.375 4.991836e+00 1.438988e-03 -1.695986e+00 3.946399e+00 -1.071605e+00 1.845318e+00
090244.9 39.7502 4.991818e+00 1.439859e-03 -1.713863e+00 4.019990e+00 -1.094805e+00 1.910271e+00
090252.7 40.1245 4.991819e+00 1.434616e-03 -1.720144e+00 4.084163e+00 -1.113106e+00 1.964706e+00
090301.6 40.4998 4.991847e+00 1.411500e-03 -1.728876e+00 4.129239e+00 -1.129117e+00 2.002786e+00
090313.1 40.8744 4.991831e+00 1.391779e-03 -1.741517e+00 4.176463e+00 -1.141358e+00 2.052348e+00
090321.1 41.2496 4.991819e+00 1.399567e-03 -1.762632e+00 4.249185e+00 -1.145448e+00 2.117124e+00
090329.2 41.6249 4.991848e+00 1.400490e-03 -1.788472e+00 4.317491e+00 -1.154103e+00 2.176276e+00
090337.6 42.0001 4.991831e+00 1.397506e-03 -1.815122e+00 4.364102e+00 -1.168306e+00 2.197569e+00
090349.9 42.3755 4.991848e+00 1.428223e-03 -1.823123e+00 4.414279e+00 -1.195361e+00 2.238135e+00
090403.1 42.7495 4.991814e+00 1.430345e-03 -1.809224e+00 4.479758e+00 -1.208631e+00 2.306203e+00
090410.9 43.125 4.991862e+00 1.427557e-03 -1.819911e+00 4.540770e+00 -1.217579e+00 2.360759e+00
090418.7 43.4996 4.991811e+00 1.414500e-03 -1.840062e+00 4.574258e+00 -1.231924e+00 2.391962e+00
090426.2 43.8743 4.991810e+00 1.404200e-03 -1.858018e+00 4.611490e+00 -1.237154e+00 2.433461e+00
090433.8 44.2492 4.991845e+00 1.412418e-03 -1.884549e+00 4.675788e+00 -1.254589e+00 2.484597e+00
090442.7 44.6252 4.991857e+00 1.411315e-03 -1.915550e+00 4.728389e+00 -1.281296e+00 2.526957e+00
090451.9 45.0002 4.991853e+00 1.413666e-03 -1.913381e+00 4.766677e+00 -1.293734e+00 2.552733e+00
090504.2 45.3748 4.991841e+00 1.425151e-03 -1.917852e+00 4.816982e+00 -1.310960e+00 2.582408e+00
090529.3 45.7397 4.991834e+00 1.444640e-03 -1.929244e+00 4.882787e+00 -1.316824e+00 2.632344e+00
090537.7 46.1244 4.991837e+00 1.457673e-03 -1.948819e+00 4.941129e+00 -1.328756e+00 2.686118e+00
090545.5 46.4994 4.991892e+00 1.452206e-03 -1.953576e+00 4.960575e+00 -1.334015e+00 2.707113e+00
090555.8 46.8752 4.991828e+00 1.444325e-03 -1.998053e+00 4.982630e+00 -1.357401e+00 2.733533e+00
090604.3 47.2504 4.991825e+00 1.452936e-03 -1.995806e+00 5.063453e+00 -1.379434e+00 2.779183e+00
090613.2 47.6253 4.991839e+00 1.478145e-03 -2.003381e+00 5.117779e+00 -1.399924e+00 2.819581e+00
090621.5 48.0001 4.991848e+00 1.466729e-03 -2.012208e+00 5.141132e+00 -1.409621e+00 2.834241e+00
090634.1 48.3741 4.991826e+00 1.444391e-03 -2.033273e+00 5.171100e+00 -1.418502e+00 2.863194e+00
090646.8 48.7502 4.991826e+00 1.438089e-03 -2.054371e+00 5.216889e+00 -1.423262e+00 2.909184e+00
090654.4 49.1243 4.991838e+00 1.435147e-03 -2.077443e+00 5.260211e+00 -1.433555e+00 2.948022e+00
090701.8 49.4996 4.991833e+00 1.421103e-03 -2.095302e+00 5.293145e+00 -1.458403e+00 2.963233e+00
090712.9 49.8745 4.991866e+00 1.415295e-03 -2.091886e+00 5.317454e+00 -1.478873e+00 2.990819e+00
090720.8 50.25 4.991841e+00 1.405743e-03 -2.094025e+00 5.369192e+00 -1.499507e+00 3.025931e+00
090729.8 50.625 4.991832e+00 1.385953e-03 -2.101539e+00 5.406749e+00 -1.508135e+00 3.059902e+00
090739.1 50.9997 4.991786e+00 1.373315e-03 -2.119911e+00 5.427712e+00 -1.513332e+00 3.072912e+00
090753.6 51.3749 4.991814e+00 1.388325e-03 -2.143113e+00 5.444990e+00 -1.523011e+00 3.086553e+00
090802.3 51.7498 4.991806e+00 1.423517e-03 -2.173201e+00 5.495101e+00 -1.539263e+00 3.121495e+00
090810.7 52.125 4.991822e+00 1.455925e-03 -2.199992e+00 5.530772e+00 -1.568355e+00 3.155543e+00
090819.4 52.4994 4.991838e+00 1.474825e-03 -2.187798e+00 5.542501e+00 -1.585781e+00 3.158875e+00
090831.3 52.8741 4.991816e+00 1.422239e-03 -2.194082e+00 5.563154e+00 -1.600343e+00 3.166815e+00
090839.1 53.2499 4.991824e+00 1.435446e-03 -2.212310e+00 5.618666e+00 -1.607220e+00 3.210962e+00
090847.9 53.6256 4.991835e+00 1.453164e-03 -2.232390e+00 5.653475e+00 -1.617371e+00 3.243022e+00
090857.2 54.0009 4.991839e+00 1.444814e-03 -2.259804e+00 5.668107e+00 -1.626770e+00 3.247209e+00
090905.9 54.3748 4.991834e+00 1.429017e-03 -2.281805e+00 5.692822e+00 -1.646177e+00 3.250692e+00
090914.3 54.7503 4.991874e+00 1.434453e-03 -2.296268e+00 5.721659e+00 -1.663599e+00 3.270125e+00
090922.7 55.1248 4.991806e+00 1.426897e-03 -2.290632e+00 5.753502e+00 -1.679422e+00 3.284765e+00
090930.3 55.5 4.991843e+00 1.398423e-03 -2.297910e+00 5.763147e+00 -1.688649e+00 3.284907e+00
090942.3 55.8747 4.991864e+00 1.386563e-03 -2.309584e+00 5.773548e+00 -1.693435e+00 3.297517e+00
090950.2 56.25 4.991812e+00 1.401971e-03 -2.331213e+00 5.802357e+00 -1.701861e+00 3.322882e+00
090959.2 56.6249 4.991828e+00 1.422336e-03 -2.359553e+00 5.832739e+00 -1.719258e+00 3.341530e+00
091007.9 57.0001 4.991824e+00 1.436395e-03 -2.382785e+00 5.834490e+00 -1.739561e+00 3.339329e+00
091020.6 57.3751 4.991843e+00 1.455182e-03 -2.390808e+00 5.840617e+00 -1.760129e+00 3.345881e+00
091028.7 57.7495 4.991821e+00 1.478583e-03 -2.389895e+00 5.888921e+00 -1.782064e+00 3.365645e+00
091039.3 58.125 4.991836e+00 1.495983e-03 -2.410731e+00 5.918981e+00 -1.797257e+00 3.385556e+00
091047.0 58.4997 4.991792e+00 1.506898e-03 -2.424657e+00 5.918429e+00 -1.807210e+00 3.383238e+00
091058.5 58.8742 4.991823e+00 1.531419e-03 -2.448561e+00 5.925993e+00 -1.820148e+00 3.385450e+00
091106.1 59.2499 4.991825e+00 1.575885e-03 -2.471785e+00 5.949569e+00 -1.842276e+00 3.406157e+00
091114.8 59.6249 4.991821e+00 1.632427e-03 -2.486110e+00 5.972341e+00 -1.864315e+00 3.418073e+00
091123.4 59.9997 4.991821e+00 1.680814e-03 -2.494277e+00 5.968311e+00 -1.880020e+00 3.413955e+00
091136.3 60.375 4.991814e+00 1.710319e-03 -2.501648e+00 5.982844e+00 -1.895884e+00 3.411574e+00
091144.9 60.7501 4.991848e+00 1.736293e-03 -2.525753e+00 6.017470e+00 -1.907149e+00 3.428071e+00
091153.1 61.1251 4.991793e+00 1.720532e-03 -2.542335e+00 6.019202e+00 -1.915077e+00 3.435085e+00
091201.6 61.5003 4.991848e+00 1.654734e-03 -2.557737e+00 6.002102e+00 -1.926614e+00 3.414239e+00
091211.5 61.8755 4.991825e+00 1.587152e-03 -2.578889e+00 5.996286e+00 -1.946727e+00 3.401436e+00
091220.4 62.2502 4.991838e+00 1.547138e-03 -2.577713e+00 6.007016e+00 -1.957482e+00 3.399699e+00
091228.9 62.6246 4.991823e+00 1.518417e-03 -2.584297e+00 6.022988e+00 -1.972918e+00 3.407301e+00
091238.2 63.0001 4.991861e+00 1.517774e-03 -2.607321e+00 6.017716e+00 -1.983721e+00 3.383249e+00
091250.4 63.3741 4.991848e+00 1.480559e-03 -2.620225e+00 6.019521e+00 -1.999215e+00 3.368089e+00
091304.5 63.7508 4.991829e+00 1.493374e-03 -2.630619e+00 6.028947e+00 -2.005175e+00 3.386725e+00
091313.1 64.1243 4.991821e+00 1.504728e-03 -2.655471e+00 6.036411e+00 -2.019841e+00 3.393301e+00
091321.5 64.4998 4.991874e+00 1.513756e-03 -2.659246e+00 6.019289e+00 -2.034914e+00 3.368147e+00
091333.6 64.8746 4.991824e+00 1.516719e-03 -2.657768e+00 6.003272e+00 -2.050345e+00 3.342501e+00
091345.1 65.2497 4.991862e+00 1.522023e-03 -2.673447e+00 6.019951e+00 -2.072456e+00 3.341019e+00
091357.2 65.6248 4.991841e+00 1.526071e-03 -2.687966e+00 6.022485e+00 -2.082493e+00 3.336344e+00
091410.3 65.9994 4.991892e+00 1.518855e-03 -2.716963e+00 6.012750e+00 -2.089725e+00 3.317535e+00
091424.2 66.3749 4.991778e+00 1.507379e-03 -2.742911e+00 5.997249e+00 -2.105589e+00 3.304783e+00
091437.2 66.7499 4.991845e+00 1.513643e-03 -2.755632e+00 6.011178e+00 -2.127956e+00 3.309850e+00
091445.6 67.1244 4.991823e+00 1.519179e-03 -2.766370e+00 6.019813e+00 -2.141222e+00 3.293900e+00
091453.5 67.4996 4.991838e+00 1.497325e-03 -2.759490e+00 5.988487e+00 -2.156660e+00 3.260932e+00
091504.3 67.8751 4.991854e+00 1.487101e-03 -2.785366e+00 5.961288e+00 -2.174424e+00 3.234756e+00
091512.1 68.2498 4.991851e+00 1.505123e-03 -2.794624e+00 5.972778e+00 -2.180045e+00 3.226909e+00
091522.1 68.6254 4.991832e+00 1.517937e-03 -2.809532e+00 5.981446e+00 -2.190954e+00 3.212498e+00
091530.6 69.0001 4.991872e+00 1.497427e-03 -2.837445e+00 5.948248e+00 -2.211929e+00 3.180660e+00
091543.6 69.375 4.991830e+00 1.470561e-03 -2.840900e+00 5.923388e+00 -2.230734e+00 3.154454e+00
091555.1 69.7503 4.991791e+00 1.462255e-03 -2.848407e+00 5.918541e+00 -2.243233e+00 3.145858e+00
091603.9 70.1252 4.991837e+00 1.452528e-03 -2.871352e+00 5.916154e+00 -2.258065e+00 3.138100e+00
091613.5 70.5002 4.991805e+00 1.442117e-03 -2.877303e+00 5.880112e+00 -2.264835e+00 3.101486e+00
091624.0 70.8755 4.991835e+00 1.450051e-03 -2.896557e+00 5.870205e+00 -2.274537e+00 3.075303e+00
091631.8 71.2496 4.991839e+00 1.473413e-03 -2.922838e+00 5.875193e+00 -2.288297e+00 3.058113e+00
091640.6 71.6252 4.991814e+00 1.483432e-03 -2.941713e+00 5.867235e+00 -2.312344e+00 3.032795e+00
091649.3 71.9997 4.991828e+00 1.448712e-03 -2.942259e+00 5.829337e+00 -2.325835e+00 2.990225e+00
091701.7 72.3748 4.991842e+00 1.391549e-03 -2.939492e+00 5.788476e+00 -2.339105e+00 2.954066e+00
091713.7 72.7496 4.991862e+00 1.360312e-03 -2.950224e+00 5.770586e+00 -2.346185e+00 2.939449e+00
091721.7 73.1246 4.991829e+00 1.367398e-03 -2.969476e+00 5.748989e+00 -2.357616e+00 2.918031e+00
091730.0 73.4995 4.991827e+00 1.375904e-03 -2.996385e+00 5.715977e+00 -2.368852e+00 2.864461e+00
091741.5 73.8739 4.991860e+00 1.357380e-03 -3.023692e+00 5.685190e+00 -2.385282e+00 2.816177e+00
091752.5 74.2498 4.991847e+00 1.384068e-03 -3.033664e+00 5.693101e+00 -2.409291e+00 2.810207e+00
091801.4 74.6248 4.991849e+00 1.389810e-03 -3.037454e+00 5.686497e+00 -2.420096e+00 2.789964e+00
091810.2 74.9998 4.991831e+00 1.372522e-03 -3.045158e+00 5.639017e+00 -2.435343e+00 2.750043e+00
091821.4 75.3751 4.991824e+00 1.359542e-03 -3.053414e+00 5.602777e+00 -2.443785e+00 2.699261e+00
091846.2 75.7403 4.991836e+00 1.367871e-03 -3.071147e+00 5.579590e+00 -2.448557e+00 2.679475e+00
091856.5 76.1257 4.991827e+00 1.375128e-03 -3.097070e+00 5.553852e+00 -2.463226e+00 2.644484e+00
091904.8 76.5 4.991814e+00 1.365633e-03 -3.116906e+00 5.519844e+00 -2.488262e+00 2.596137e+00
091916.3 76.8741 4.991882e+00 1.355974e-03 -3.123080e+00 5.488541e+00 -2.506732e+00 2.550935e+00
091928.3 77.2501 4.991820e+00 1.347720e-03 -3.121485e+00 5.473814e+00 -2.518965e+00 2.523577e+00
091941.0 77.6251 4.991795e+00 1.338248e-03 -3.148932e+00 5.453949e+00 -2.531633e+00 2.490014e+00
091950.4 78.0004 4.991837e+00 1.333136e-03 -3.155429e+00 5.383680e+00 -2.541014e+00 2.433463e+00
092002.6 78.3749 4.991835e+00 1.340559e-03 -3.183916e+00 5.337983e+00 -2.547306e+00 2.376738e+00
092014.4 78.75 4.991849e+00 1.349677e-03 -3.196416e+00 5.318755e+00 -2.563256e+00 2.345070e+00
092024.5 79.1249 4.991861e+00 1.351027e-03 -3.219211e+00 5.303392e+00 -2.584136e+00 2.311889e+00
092032.2 79.4993 4.991838e+00 1.346950e-03 -3.212164e+00 5.249299e+00 -2.597147e+00 2.248851e+00
092040.5 79.8748 4.991834e+00 1.338425e-03 -3.221078e+00 5.205793e+00 -2.616841e+00 2.198569e+00
092051.0 80.2502 4.991856e+00 1.337260e-03 -3.244250e+00 5.175252e+00 -2.626041e+00 2.169508e+00
092101.1 80.6262 4.991829e+00 1.312671e-03 -3.250921e+00 5.138347e+00 -2.625830e+00 2.128529e+00
092109.7 80.9998 4.991823e+00 1.290616e-03 -3.266460e+00 5.086253e+00 -2.636383e+00 2.060028e+00
092123.3 81.3755 4.991813e+00 1.291793e-03 -3.290552e+00 5.042114e+00 -2.654194e+00 1.999285e+00
092135.6 81.7501 4.991844e+00 1.305121e-03 -3.298796e+00 5.016017e+00 -2.680111e+00 1.959532e+00
092146.3 82.1253 4.991830e+00 1.298712e-03 -3.301890e+00 4.978232e+00 -2.693960e+00 1.913551e+00
092153.8 82.4993 4.991837e+00 1.268886e-03 -3.309121e+00 4.918072e+00 -2.702242e+00 1.840663e+00
092205.4 82.8745 4.991835e+00 1.252336e-03 -3.330236e+00 4.851186e+00 -2.712028e+00 1.790413e+00
092216.6 83.2503 4.991843e+00 1.255764e-03 -3.346183e+00 4.820963e+00 -2.724276e+00 1.749291e+00
092226.6 83.6254 4.991838e+00 1.244240e-03 -3.371409e+00 4.776952e+00 -2.739977e+00 1.702753e+00
092235.2 84.0001 4.991848e+00 1.234764e-03 -3.379098e+00 4.712356e+00 -2.757487e+00 1.624111e+00
092256.7 84.3651 4.991854e+00 1.165640e-03 -3.378286e+00 4.650941e+00 -2.765254e+00 1.540120e+00
092308.5 84.7503 4.991878e+00 1.180969e-03 -3.382945e+00 4.613853e+00 -2.788462e+00 1.505163e+00
092318.2 85.1249 4.991824e+00 1.185836e-03 -3.413003e+00 4.585033e+00 -2.801260e+00 1.460276e+00
092326.0 85.4999 4.991861e+00 1.179284e-03 -3.421217e+00 4.523936e+00 -2.806984e+00 1.387773e+00
092336.7 85.8751 4.991837e+00 1.173143e-03 -3.432706e+00 4.450487e+00 -2.815759e+00 1.315963e+00
092346.9 86.2501 4.991820e+00 1.181140e-03 -3.459830e+00 4.404386e+00 -2.833257e+00 1.267965e+00
092355.7 86.6249 4.991832e+00 1.180058e-03 -3.466927e+00 4.354315e+00 -2.849763e+00 1.209383e+00
092404.2 87.0002 4.991850e+00 1.156403e-03 -3.463575e+00 4.283489e+00 -2.866562e+00 1.129828e+00
092417.1 87.3749 4.991815e+00 1.119486e-03 -3.476996e+00 4.224847e+00 -2.880046e+00 1.055815e+00
092425.8 87.7499 4.991833e+00 1.095249e-03 -3.497939e+00 4.178943e+00 -2.887175e+00 1.004650e+00
092436.4 88.1248 4.991827e+00 1.082788e-03 -3.516115e+00 4.131754e+00 -2.894259e+00 9.411579e-01
092446.7 88.5 4.991823e+00 1.089978e-03 -3.536228e+00 4.047614e+00 -2.907807e+00 8.586212e-01
092458.7 88.8748 4.991837e+00 1.138374e-03 -3.560283e+00 3.975264e+00 -2.930415e+00 7.780525e-01
092506.3 89.2493 4.991848e+00 1.193303e-03 -3.563892e+00 3.936841e+00 -2.946988e+00 7.193332e-01
092514.2 89.6247 4.991854e+00 1.213637e-03 -3.576925e+00 3.891532e+00 -2.963371e+00 6.578249e-01
092523.0 89.9995 4.991834e+00 1.199085e-03 -3.589123e+00 3.815594e+00 -2.973693e+00 5.747096e-01
092531.9 90.3743 4.991839e+00 1.181315e-03 -3.605614e+00 3.737867e+00 -2.980981e+00 4.990896e-01
092540.4 90.7502 4.991849e+00 1.169915e-03 -3.617402e+00 3.685010e+00 -2.989807e+00 4.388017e-01
092548.8 91.1248 4.991836e+00 1.169139e-03 -3.639330e+00 3.635546e+00 -3.010723e+00 3.734464e-01
092557.1 91.5002 4.991844e+00 1.165442e-03 -3.652220e+00 3.549155e+00 -3.029571e+00 2.848035e-01
092604.8 91.8749 4.991814e+00 1.168446e-03 -3.645374e+00 3.475826e+00 -3.038929e+00 1.958942e-01
092612.9 92.2497 4.991824e+00 1.172702e-03 -3.665132e+00 3.412727e+00 -3.055305e+00 1.301518e-01
092621.4 92.6252 4.991784e+00 1.159569e-03 -3.676196e+00 3.351436e+00 -3.060852e+00 5.855971e-02
092632.1 93.0006 4.991855e+00 1.151097e-03 -3.697489e+00 3.260650e+00 -3.064232e+00 -3.051608e-02
092643.9 93.375 4.991853e+00 1.164617e-03 -3.718519e+00 3.176607e+00 -3.084639e+00 -1.155989e-01
092657.8 93.7493 4.991832e+00 1.204449e-03 -3.733539e+00 3.125340e+00 -3.108691e+00 -1.847037e-01
092705.5 94.1248 4.991844e+00 1.240912e-03 -3.734763e+00 3.058909e+00 -3.132222e+00 -2.580734e-01
092713.8 94.4996 4.991859e+00 1.261063e-03 -3.748846e+00 2.973700e+00 -3.145797e+00 -3.614419e-01
092737.7 94.8652 4.991861e+00 1.279773e-03 -3.758665e+00 2.897547e+00 -3.155925e+00 -4.429832e-01
092749.6 95.2498 4.991813e+00 1.324177e-03 -3.784468e+00 2.832830e+00 -3.166225e+00 -4.968982e-01
092758.6 95.6249 4.991872e+00 1.363570e-03 -3.812215e+00 2.772138e+00 -3.178424e+00 -5.695632e-01
092806.8 95.9992 4.991835e+00 1.391855e-03 -3.830374e+00 2.686115e+00 -3.199192e+00 -6.721588e-01
092815.6 96.3745 4.991839e+00 1.403392e-03 -3.841376e+00 2.597618e+00 -3.218172e+00 -7.693326e-01
092824.5 96.7498 4.991811e+00 1.413291e-03 -3.839738e+00 2.526187e+00 -3.231884e+00 -8.499973e-01
092832.1 97.1253 4.991822e+00 1.396901e-03 -3.846489e+00 2.447160e+00 -3.246471e+00 -9.324854e-01
092841.0 97.5003 4.991797e+00 1.362826e-03 -3.862383e+00 2.357591e+00 -3.257997e+00 -1.032379e+00
092849.1 97.8749 4.991848e+00 1.341698e-03 -3.880880e+00 2.266132e+00 -3.265124e+00 -1.132232e+00
092859.4 98.25 4.991829e+00 1.346563e-03 -3.910934e+00 2.197436e+00 -3.277281e+00 -1.208335e+00
092907.6 98.6247 4.991836e+00 1.361336e-03 -3.919495e+00 2.125348e+00 -3.297337e+00 -1.294321e+00
092916.2 99.0001 4.991805e+00 1.366451e-03 -3.926617e+00 2.014378e+00 -3.318360e+00 -1.408859e+00
092930.1 99.3747 4.991824e+00 1.355807e-03 -3.920257e+00 1.915056e+00 -3.331208e+00 -1.511508e+00
092939.9 99.7505 4.991835e+00 1.348030e-03 -3.929226e+00 1.853149e+00 -3.348249e+00 -1.595610e+00
092948.3 100.125 4.991812e+00 1.340343e-03 -3.954100e+00 1.768655e+00 -3.351649e+00 -1.680612e+00
092956.0 100.5 4.991809e+00 1.327162e-03 -3.968007e+00 1.655436e+00 -3.356357e+00 -1.792940e+00
093008.6 100.875 4.991845e+00 1.334703e-03 -3.994894e+00 1.561657e+00 -3.371563e+00 -1.898896e+00
093020.7 101.25 4.991819e+00 1.357724e-03 -4.007248e+00 1.486444e+00 -3.394545e+00 -1.989313e+00
093031.5 101.625 4.991853e+00 1.375104e-03 -4.010428e+00 1.405737e+00 -3.403649e+00 -2.078578e+00
093040.5 102 4.991836e+00 1.371953e-03 -4.014900e+00 1.300592e+00 -3.420021e+00 -2.192231e+00
093052.6 102.375 4.991830e+00 1.361859e-03 -4.034897e+00 1.200547e+00 -3.432736e+00 -2.299519e+00
093103.8 102.75 4.991865e+00 1.372197e-03 -4.055236e+00 1.116630e+00 -3.440110e+00 -2.394052e+00
093112.1 103.125 4.991834e+00 1.389950e-03 -4.073769e+00 1.038268e+00 -3.456014e+00 -2.490691e+00
093123.6 103.5 4.991845e+00 1.388282e-03 -4.098378e+00 9.217103e-01 -3.473330e+00 -2.604729e+00
093131.3 103.874 4.991841e+00 1.388337e-03 -4.100218e+00 8.190623e-01 -3.489592e+00 -2.716600e+00
093143.2 104.249 4.991827e+00 1.394955e-03 -4.102062e+00 7.293722e-01 -3.505046e+00 -2.813332e+00
093152.5 104.626 4.991855e+00 1.390709e-03 -4.119187e+00 6.340174e-01 -3.518010e+00 -2.916967e+00
093202.3 105.001 4.991859e+00 1.374011e-03 -4.125770e+00 5.139408e-01 -3.524711e+00 -3.043994e+00
093215.6 105.375 4.991838e+00 1.365862e-03 -4.141025e+00 4.030252e-01 -3.530805e+00 -3.159866e+00
093227.6 105.75 4.991845e+00 1.385424e-03 -4.168425e+00 3.136755e-01 -3.550044e+00 -3.248030e+00
093235.3 106.125 4.991863e+00 1.414177e-03 -4.187862e+00 2.266619e-01 -3.569734e+00 -3.346477e+00
093244.4 106.5 4.991807e+00 1.426778e-03 -4.188097e+00 1.095681e-01 -3.579448e+00 -3.473619e+00
093256.8 106.875 4.991830e+00 1.431389e-03 -4.194684e+00 -1.822436e-03 -3.594840e+00 -3.596105e+00
093307.6 107.25 4.991891e+00 1.443106e-03 -4.207856e+00 -9.302719e-02 -3.608734e+00 -3.700874e+00
093319.1 107.626 4.991858e+00 1.446524e-03 -4.224887e+00 -1.941232e-01 -3.614058e+00 -3.810887e+00
093328.5 108 4.991865e+00 1.445078e-03 -4.238205e+00 -3.100088e-01 -3.629929e+00 -3.940375e+00
093351.7 108.365 4.991835e+00 1.450890e-03 -4.262152e+00 -4.239569e-01 -3.647239e+00 -4.056683e+00
093406.5 108.75 4.991865e+00 1.469056e-03 -4.274210e+00 -5.204620e-01 -3.667585e+00 -4.167803e+00
093415.1 109.125 4.991841e+00 1.480172e-03 -4.278815e+00 -6.256872e-01 -3.681000e+00 -4.278070e+00
093423.1 109.5 4.991830e+00 1.476827e-03 -4.282664e+00 -7.545577e-01 -3.699237e+00 -4.412257e+00
093435.4 109.874 4.991817e+00 1.484757e-03 -4.297361e+00 -8.754003e-01 -3.706830e+00 -4.540437e+00
093443.1 110.25 4.991818e+00 1.500521e-03 -4.318814e+00 -9.630488e-01 -3.717546e+00 -4.648099e+00
093451.9 110.625 4.991853e+00 1.503326e-03 -4.348424e+00 -1.068479e+00 -3.732164e+00 -4.765942e+00
093500.8 111.001 4.991841e+00 1.477845e-03 -4.358398e+00 -1.206061e+00 -3.747274e+00 -4.902076e+00
093509.2 111.374 4.991821e+00 1.467592e-03 -4.350169e+00 -1.325462e+00 -3.763119e+00 -5.038744e+00
093522.3 111.75 4.991848e+00 1.473235e-03 -4.362657e+00 -1.439639e+00 -3.778847e+00 -5.149255e+00
093530.6 112.125 4.991838e+00 1.480166e-03 -4.368559e+00 -1.537501e+00 -3.795189e+00 -5.270629e+00
093538.7 112.5 4.991827e+00 1.480970e-03 -4.387803e+00 -1.678601e+00 -3.798618e+00 -5.409741e+00
093546.7 112.874 4.991848e+00 1.485441e-03 -4.411757e+00 -1.803541e+00 -3.804412e+00 -5.547930e+00
093554.7 113.249 4.991872e+00 1.499109e-03 -4.424664e+00 -1.905038e+00 -3.825387e+00 -5.665663e+00
093606.0 113.625 4.991857e+00 1.510383e-03 -4.444715e+00 -2.025267e+00 -3.845656e+00 -5.788121e+00
093618.7 113.999 4.991787e+00 1.485601e-03 -4.436469e+00 -2.155338e+00 -3.866294e+00 -5.925188e+00
093632.5 114.376 4.991823e+00 1.437098e-03 -4.442393e+00 -2.293616e+00 -3.885605e+00 -6.043886e+00
093640.9 114.75 4.991811e+00 1.392496e-03 -4.458672e+00 -2.411094e+00 -3.900249e+00 -6.154231e+00
093651.3 115.126 4.991799e+00 1.350012e-03 -4.483476e+00 -2.537947e+00 -3.914738e+00 -6.266763e+00
093659.5 115.5 4.991836e+00 1.321143e-03 -4.501891e+00 -2.677872e+00 -3.921450e+00 -6.401115e+00
093711.5 115.874 4.991835e+00 1.318371e-03 -4.521286e+00 -2.809967e+00 -3.948320e+00 -6.553772e+00
093721.8 116.25 4.991874e+00 1.346622e-03 -4.517722e+00 -2.911358e+00 -3.971454e+00 -6.675560e+00
093730.0 116.625 4.991821e+00 1.356285e-03 -4.513785e+00 -3.027418e+00 -3.978227e+00 -6.789018e+00
093739.9 117.001 4.991873e+00 1.342403e-03 -4.520241e+00 -3.178668e+00 -3.990622e+00 -6.938217e+00
093748.7 117.375 4.991831e+00 1.334227e-03 -4.543593e+00 -3.330910e+00 -4.002687e+00 -7.082513e+00
093801.7 117.749 4.991865e+00 1.352982e-03 -4.568073e+00 -3.445587e+00 -4.014911e+00 -7.199690e+00
093813.4 118.124 4.991815e+00 1.367163e-03 -4.590149e+00 -3.558548e+00 -4.039398e+00 -7.322452e+00
093825.4 118.5 4.991843e+00 1.365941e-03 -4.622379e+00 -3.702410e+00 -4.055118e+00 -7.433205e+00
093847.4 118.865 4.991823e+00 1.374972e-03 -4.603651e+00 -3.792232e+00 -4.069361e+00 -7.537011e+00
