% Fogale DL Rail Calibration results.
% DL=3, Date=2016-03-23T09:38:50
% Tunnel Temperature=17.94 oC
% Scan Range: 118.875 - 1.125 mOPL
% Metrology used: ENCODERS
% Sensors: CALIBRATED
% Name=NSC
% Comment=not executed at night
% WPS-Sensor tunnel center: WPS-2D-7D0-011
% WPS-Sensor tunnel end: WPS-2D-7D0-012
% DOMS-Sensor: DOM-7D2-003 S-330
% INCLINOMETER-Sensor: Inclinix
% TIMESTAMP[hhmmss.s] OPL-POSITION[m] DOMS[mm] INCL[rad] WPSTctrY[mm] WPSTctrZ[mm] WPSTendY[mm] WPSTendZ[mm]
093918.3 118.865 4.991847e+00 1.377169e-03 -4.603829e+00 -3.791584e+00 -4.069045e+00 -7.538029e+00
093928.1 118.499 4.991830e+00 1.363930e-03 -4.606883e+00 -3.693178e+00 -4.046760e+00 -7.436009e+00
093936.4 118.125 4.991832e+00 1.363700e-03 -4.588077e+00 -3.564433e+00 -4.020646e+00 -7.318003e+00
093945.0 117.749 4.991838e+00 1.350696e-03 -4.561079e+00 -3.448916e+00 -3.989515e+00 -7.197951e+00
093953.3 117.375 4.991830e+00 1.331032e-03 -4.531810e+00 -3.326872e+00 -3.975194e+00 -7.085908e+00
094001.5 117.001 4.991917e+00 1.342127e-03 -4.516799e+00 -3.179881e+00 -3.966866e+00 -6.940542e+00
094013.6 116.625 4.991807e+00 1.353216e-03 -4.512623e+00 -3.032347e+00 -3.951766e+00 -6.790674e+00
094021.1 116.25 4.991832e+00 1.343639e-03 -4.516369e+00 -2.919579e+00 -3.938490e+00 -6.672600e+00
094030.2 115.875 4.991793e+00 1.313638e-03 -4.512248e+00 -2.807621e+00 -3.921013e+00 -6.552715e+00
094037.9 115.501 4.991859e+00 1.315486e-03 -4.486023e+00 -2.673583e+00 -3.894360e+00 -6.398600e+00
094049.5 115.125 4.991844e+00 1.347462e-03 -4.472819e+00 -2.536982e+00 -3.883438e+00 -6.264163e+00
094057.9 114.75 4.991832e+00 1.390542e-03 -4.455701e+00 -2.415436e+00 -3.874714e+00 -6.152871e+00
094112.3 114.374 4.991853e+00 1.434944e-03 -4.441155e+00 -2.299795e+00 -3.864763e+00 -6.043267e+00
094120.8 114 4.991809e+00 1.484121e-03 -4.437659e+00 -2.162711e+00 -3.847172e+00 -5.924048e+00
094129.9 113.625 4.991843e+00 1.509166e-03 -4.429068e+00 -2.016919e+00 -3.828355e+00 -5.789319e+00
094142.0 113.25 4.991855e+00 1.498139e-03 -4.426122e+00 -1.913666e+00 -3.803419e+00 -5.662350e+00
094150.2 112.875 4.991850e+00 1.483290e-03 -4.400283e+00 -1.802864e+00 -3.776831e+00 -5.543776e+00
094201.7 112.5 4.991854e+00 1.479863e-03 -4.381129e+00 -1.678599e+00 -3.765892e+00 -5.409580e+00
094212.9 112.125 4.991823e+00 1.479839e-03 -4.359842e+00 -1.539957e+00 -3.762453e+00 -5.267814e+00
094226.6 111.75 4.991866e+00 1.472869e-03 -4.350548e+00 -1.437797e+00 -3.752169e+00 -5.146845e+00
094234.8 111.375 4.991882e+00 1.468224e-03 -4.342758e+00 -1.328818e+00 -3.735601e+00 -5.035841e+00
094243.5 111.001 4.991828e+00 1.475036e-03 -4.348504e+00 -1.207082e+00 -3.721550e+00 -4.899574e+00
094252.0 110.625 4.991820e+00 1.501116e-03 -4.346173e+00 -1.073044e+00 -3.706180e+00 -4.763621e+00
094302.6 110.25 4.991807e+00 1.498858e-03 -4.318155e+00 -9.658695e-01 -3.686322e+00 -4.649759e+00
094310.9 109.875 4.991808e+00 1.483938e-03 -4.296511e+00 -8.837011e-01 -3.673623e+00 -4.537290e+00
094322.7 109.5 4.991880e+00 1.473884e-03 -4.271686e+00 -7.569791e-01 -3.671587e+00 -4.409718e+00
094334.1 109.126 4.991834e+00 1.479316e-03 -4.268255e+00 -6.219334e-01 -3.658118e+00 -4.281144e+00
094345.1 108.75 4.991842e+00 1.467667e-03 -4.260882e+00 -5.204785e-01 -3.641372e+00 -4.164475e+00
094353.7 108.375 4.991852e+00 1.447210e-03 -4.256769e+00 -4.248490e-01 -3.625326e+00 -4.058149e+00
094406.3 108 4.991834e+00 1.443528e-03 -4.237569e+00 -3.171126e-01 -3.600235e+00 -3.935941e+00
094420.2 107.626 4.991831e+00 1.442091e-03 -4.216155e+00 -1.938261e-01 -3.583396e+00 -3.810752e+00
094433.2 107.251 4.991845e+00 1.441349e-03 -4.200442e+00 -9.752709e-02 -3.576198e+00 -3.697202e+00
094441.4 106.875 4.991844e+00 1.427136e-03 -4.177759e+00 2.509810e-03 -3.566613e+00 -3.596362e+00
094453.0 106.501 4.991857e+00 1.423495e-03 -4.177496e+00 1.150053e-01 -3.553909e+00 -3.476562e+00
094500.6 106.126 4.991857e+00 1.412117e-03 -4.169906e+00 2.286792e-01 -3.541905e+00 -3.346086e+00
094510.1 105.75 4.991823e+00 1.384417e-03 -4.162561e+00 3.162734e-01 -3.526134e+00 -3.251141e+00
094519.9 105.375 4.991836e+00 1.363639e-03 -4.138862e+00 4.009164e-01 -3.500009e+00 -3.160480e+00
094547.8 104.991 4.991857e+00 1.373755e-03 -4.119293e+00 5.189163e-01 -3.495474e+00 -3.042686e+00
094603.4 104.625 4.991851e+00 1.388473e-03 -4.108921e+00 6.352725e-01 -3.491196e+00 -2.916154e+00
094611.5 104.25 4.991829e+00 1.394586e-03 -4.096343e+00 7.278015e-01 -3.478371e+00 -2.812760e+00
094619.8 103.875 4.991834e+00 1.386015e-03 -4.090050e+00 8.166566e-01 -3.461826e+00 -2.714081e+00
094630.4 103.5 4.991819e+00 1.386309e-03 -4.086157e+00 9.188034e-01 -3.444996e+00 -2.602201e+00
094642.1 103.125 4.991834e+00 1.387708e-03 -4.068188e+00 1.034042e+00 -3.425146e+00 -2.488276e+00
094655.0 102.75 4.991829e+00 1.371303e-03 -4.039920e+00 1.121860e+00 -3.407378e+00 -2.395175e+00
094703.8 102.376 4.991828e+00 1.360756e-03 -4.023026e+00 1.199416e+00 -3.399880e+00 -2.299258e+00
094712.5 102 4.991827e+00 1.370527e-03 -4.010887e+00 1.295506e+00 -3.390500e+00 -2.190523e+00
094721.3 101.625 4.991850e+00 1.374636e-03 -4.006592e+00 1.401671e+00 -3.374277e+00 -2.078002e+00
094732.5 101.249 4.991851e+00 1.355905e-03 -4.002295e+00 1.483420e+00 -3.365488e+00 -1.987914e+00
094740.3 100.875 4.991824e+00 1.332603e-03 -3.989471e+00 1.558938e+00 -3.342815e+00 -1.898173e+00
094750.6 100.5 4.991841e+00 1.325322e-03 -3.959251e+00 1.657362e+00 -3.324713e+00 -1.794369e+00
094802.9 100.126 4.991837e+00 1.340600e-03 -3.941053e+00 1.772185e+00 -3.320310e+00 -1.683339e+00
094813.6 99.7502 4.991817e+00 1.346608e-03 -3.921266e+00 1.852223e+00 -3.320437e+00 -1.595660e+00
094821.8 99.375 4.991819e+00 1.354600e-03 -3.917282e+00 1.916020e+00 -3.305282e+00 -1.514199e+00
094830.2 99.0004 4.991866e+00 1.366618e-03 -3.924431e+00 2.009986e+00 -3.294562e+00 -1.408126e+00
094840.7 98.6252 4.991823e+00 1.359168e-03 -3.920367e+00 2.119943e+00 -3.274103e+00 -1.294347e+00
094853.3 98.2496 4.991858e+00 1.342980e-03 -3.895873e+00 2.198894e+00 -3.249391e+00 -1.208962e+00
094904.5 97.8749 4.991867e+00 1.339866e-03 -3.873880e+00 2.261723e+00 -3.230546e+00 -1.129757e+00
094912.2 97.5005 4.991834e+00 1.360932e-03 -3.855103e+00 2.358228e+00 -3.228897e+00 -1.035085e+00
094924.7 97.1257 4.991870e+00 1.394870e-03 -3.835926e+00 2.444166e+00 -3.219150e+00 -9.327319e-01
094933.2 96.7502 4.991811e+00 1.410539e-03 -3.836828e+00 2.519635e+00 -3.204842e+00 -8.486740e-01
094941.6 96.3752 4.991835e+00 1.401279e-03 -3.835538e+00 2.592366e+00 -3.192208e+00 -7.685323e-01
094951.3 95.9997 4.991842e+00 1.387834e-03 -3.826438e+00 2.685665e+00 -3.176751e+00 -6.731106e-01
095004.9 95.6247 4.991817e+00 1.361288e-03 -3.795548e+00 2.776709e+00 -3.150322e+00 -5.710780e-01
095013.5 95.25 4.991822e+00 1.321660e-03 -3.767931e+00 2.835977e+00 -3.137915e+00 -4.980579e-01
095024.2 94.8743 4.991857e+00 1.278644e-03 -3.750699e+00 2.893141e+00 -3.128823e+00 -4.423120e-01
095033.8 94.4998 4.991850e+00 1.257827e-03 -3.736409e+00 2.971822e+00 -3.116957e+00 -3.613607e-01
095041.3 94.1255 4.991819e+00 1.237239e-03 -3.726163e+00 3.056571e+00 -3.106016e+00 -2.579015e-01
095050.5 93.7498 4.991829e+00 1.201831e-03 -3.723188e+00 3.125014e+00 -3.085281e+00 -1.845231e-01
095059.4 93.375 4.991824e+00 1.163853e-03 -3.703792e+00 3.177095e+00 -3.058906e+00 -1.158704e-01
095108.8 93.0006 4.991837e+00 1.147892e-03 -3.688385e+00 3.261098e+00 -3.034339e+00 -3.047867e-02
095117.0 92.6256 4.991793e+00 1.157314e-03 -3.674517e+00 3.349858e+00 -3.031046e+00 5.858307e-02
095129.1 92.2499 4.991886e+00 1.170287e-03 -3.655527e+00 3.416099e+00 -3.025805e+00 1.279042e-01
095137.3 91.875 4.991851e+00 1.166564e-03 -3.642375e+00 3.472818e+00 -3.011007e+00 1.960210e-01
095144.9 91.5005 4.991821e+00 1.161781e-03 -3.632844e+00 3.546854e+00 -3.001639e+00 2.852182e-01
095152.4 91.1258 4.991850e+00 1.164747e-03 -3.634082e+00 3.633625e+00 -2.984329e+00 3.739148e-01
095200.4 90.7508 4.991792e+00 1.167965e-03 -3.611099e+00 3.684835e+00 -2.959840e+00 4.385497e-01
095208.9 90.3753 4.991806e+00 1.177427e-03 -3.592009e+00 3.736318e+00 -2.946891e+00 4.988272e-01
095217.2 90.0005 4.991845e+00 1.194389e-03 -3.576332e+00 3.812787e+00 -2.942249e+00 5.737127e-01
095226.3 89.6258 4.991830e+00 1.212208e-03 -3.567253e+00 3.888141e+00 -2.932412e+00 6.585238e-01
095237.8 89.2496 4.991842e+00 1.193205e-03 -3.553574e+00 3.936781e+00 -2.918702e+00 7.194304e-01
095246.1 88.8756 4.991849e+00 1.132881e-03 -3.553221e+00 3.973913e+00 -2.901073e+00 7.772537e-01
095254.0 88.4997 4.991848e+00 1.086038e-03 -3.525513e+00 4.044359e+00 -2.876813e+00 8.588974e-01
095301.7 88.1255 4.991831e+00 1.081064e-03 -3.510294e+00 4.129470e+00 -2.859549e+00 9.402156e-01
095310.0 87.7505 4.991842e+00 1.093998e-03 -3.488418e+00 4.173155e+00 -2.853392e+00 1.004821e+00
095323.0 87.3749 4.991848e+00 1.118580e-03 -3.468582e+00 4.224528e+00 -2.849611e+00 1.055219e+00
095332.0 87.0006 4.991831e+00 1.156947e-03 -3.458484e+00 4.280860e+00 -2.838115e+00 1.129593e+00
095345.7 86.6251 4.991832e+00 1.177822e-03 -3.454020e+00 4.352416e+00 -2.822177e+00 1.209183e+00
095357.7 86.2494 4.991839e+00 1.177323e-03 -3.444702e+00 4.404361e+00 -2.805958e+00 1.267304e+00
095405.8 85.8756 4.991814e+00 1.168003e-03 -3.423322e+00 4.449758e+00 -2.780285e+00 1.315646e+00
095417.6 85.5001 4.991812e+00 1.176120e-03 -3.410678e+00 4.521783e+00 -2.771772e+00 1.387481e+00
095429.5 85.1248 4.991837e+00 1.183961e-03 -3.401063e+00 4.583388e+00 -2.768909e+00 1.459221e+00
095438.2 84.7508 4.991830e+00 1.179494e-03 -3.381349e+00 4.610393e+00 -2.759176e+00 1.504919e+00
095448.2 84.375 4.991848e+00 1.166753e-03 -3.377506e+00 4.649097e+00 -2.740280e+00 1.538472e+00
095502.2 84.0006 4.991824e+00 1.232723e-03 -3.382048e+00 4.710781e+00 -2.733428e+00 1.624011e+00
095511.3 83.6256 4.991829e+00 1.242217e-03 -3.367746e+00 4.777750e+00 -2.715677e+00 1.701294e+00
095520.8 83.2504 4.991814e+00 1.253545e-03 -3.336586e+00 4.817208e+00 -2.694597e+00 1.748573e+00
095529.0 82.8754 4.991815e+00 1.250211e-03 -3.318166e+00 4.853887e+00 -2.683765e+00 1.788236e+00
095537.1 82.5 4.991861e+00 1.266354e-03 -3.307811e+00 4.912365e+00 -2.674445e+00 1.840596e+00
095548.6 82.1247 4.991844e+00 1.297274e-03 -3.290633e+00 4.976125e+00 -2.667705e+00 1.913032e+00
095558.2 81.7497 4.991831e+00 1.303641e-03 -3.293352e+00 5.014360e+00 -2.655188e+00 1.958396e+00
095606.3 81.3752 4.991795e+00 1.287879e-03 -3.290209e+00 5.038266e+00 -2.626460e+00 1.999776e+00
095618.5 81.0004 4.991886e+00 1.287573e-03 -3.262630e+00 5.085959e+00 -2.605205e+00 2.059924e+00
095644.0 80.615 4.991858e+00 1.310947e-03 -3.243062e+00 5.142094e+00 -2.592362e+00 2.128146e+00
095651.8 80.2497 4.991836e+00 1.334441e-03 -3.226221e+00 5.172371e+00 -2.591312e+00 2.167841e+00
095703.4 79.8751 4.991814e+00 1.336274e-03 -3.213980e+00 5.203010e+00 -2.584131e+00 2.198694e+00
095712.2 79.5003 4.991827e+00 1.344230e-03 -3.199223e+00 5.250802e+00 -2.570515e+00 2.247646e+00
095720.8 79.1253 4.991848e+00 1.349297e-03 -3.203388e+00 5.306227e+00 -2.558708e+00 2.310049e+00
095729.9 78.7496 4.991844e+00 1.348362e-03 -3.193473e+00 5.315571e+00 -2.535736e+00 2.345543e+00
095737.9 78.3754 4.991825e+00 1.335820e-03 -3.167734e+00 5.337672e+00 -2.517538e+00 2.375781e+00
095747.0 78.0006 4.991836e+00 1.330492e-03 -3.146908e+00 5.378244e+00 -2.508747e+00 2.433069e+00
095755.7 77.6251 4.991839e+00 1.336908e-03 -3.141489e+00 5.454613e+00 -2.503579e+00 2.489219e+00
095806.8 77.2496 4.991823e+00 1.347246e-03 -3.113824e+00 5.473389e+00 -2.490039e+00 2.521489e+00
095815.0 76.8744 4.991860e+00 1.351664e-03 -3.109188e+00 5.490548e+00 -2.478897e+00 2.549115e+00
095826.3 76.5001 4.991814e+00 1.362454e-03 -3.110819e+00 5.518025e+00 -2.460710e+00 2.595746e+00
095838.5 76.1248 4.991868e+00 1.373065e-03 -3.086054e+00 5.555593e+00 -2.433631e+00 2.643364e+00
095855.0 75.7505 4.991792e+00 1.367522e-03 -3.067453e+00 5.578178e+00 -2.419561e+00 2.678187e+00
095903.7 75.375 4.991865e+00 1.358721e-03 -3.048829e+00 5.598080e+00 -2.410178e+00 2.699402e+00
095912.7 75 4.991835e+00 1.370252e-03 -3.038016e+00 5.637176e+00 -2.406250e+00 2.748575e+00
095926.0 74.6253 4.991858e+00 1.389057e-03 -3.026772e+00 5.681389e+00 -2.392165e+00 2.788407e+00
095937.7 74.2496 4.991831e+00 1.384338e-03 -3.023765e+00 5.687896e+00 -2.382379e+00 2.809127e+00
095946.7 73.8748 4.991831e+00 1.355059e-03 -3.014654e+00 5.681987e+00 -2.357517e+00 2.815933e+00
095954.5 73.5002 4.991812e+00 1.372514e-03 -2.983519e+00 5.714415e+00 -2.339651e+00 2.863436e+00
100002.8 73.1258 4.991800e+00 1.364590e-03 -2.960739e+00 5.752012e+00 -2.327055e+00 2.916457e+00
100011.3 72.7495 4.991814e+00 1.357514e-03 -2.945582e+00 5.770368e+00 -2.315540e+00 2.938338e+00
100019.9 72.375 4.991819e+00 1.386972e-03 -2.933832e+00 5.790204e+00 -2.309191e+00 2.953678e+00
100028.9 72.0002 4.991831e+00 1.446032e-03 -2.931548e+00 5.826264e+00 -2.298344e+00 2.988843e+00
100042.9 71.6258 4.991834e+00 1.482930e-03 -2.933717e+00 5.861754e+00 -2.285803e+00 3.032699e+00
100054.3 71.2501 4.991848e+00 1.469411e-03 -2.913469e+00 5.872245e+00 -2.256849e+00 3.056577e+00
100102.1 70.8752 4.991849e+00 1.448217e-03 -2.893165e+00 5.866784e+00 -2.239474e+00 3.075457e+00
100112.8 70.4997 4.991798e+00 1.441591e-03 -2.866704e+00 5.879109e+00 -2.231668e+00 3.101615e+00
100120.9 70.1257 4.991850e+00 1.447988e-03 -2.860885e+00 5.913167e+00 -2.227025e+00 3.136978e+00
100134.6 69.75 4.991811e+00 1.460167e-03 -2.842180e+00 5.916686e+00 -2.215292e+00 3.145490e+00
100143.7 69.3756 4.991806e+00 1.468609e-03 -2.833650e+00 5.923886e+00 -2.206635e+00 3.153996e+00
100156.9 69.0003 4.991866e+00 1.494724e-03 -2.824934e+00 5.948749e+00 -2.187840e+00 3.179596e+00
100210.0 68.6253 4.991824e+00 1.516080e-03 -2.806279e+00 5.981498e+00 -2.164984e+00 3.212208e+00
100222.6 68.2502 4.991856e+00 1.502244e-03 -2.783586e+00 5.972457e+00 -2.150923e+00 3.224564e+00
100233.4 67.8747 4.991835e+00 1.484597e-03 -2.782606e+00 5.959880e+00 -2.143509e+00 3.234332e+00
100241.1 67.5003 4.991836e+00 1.494940e-03 -2.749351e+00 5.984794e+00 -2.128713e+00 3.259487e+00
100248.7 67.1251 4.991805e+00 1.517484e-03 -2.758980e+00 6.016115e+00 -2.115204e+00 3.293090e+00
100257.2 66.75 4.991870e+00 1.510845e-03 -2.754568e+00 6.008717e+00 -2.102396e+00 3.309816e+00
100306.4 66.3751 4.991873e+00 1.503402e-03 -2.727805e+00 5.997782e+00 -2.076736e+00 3.303283e+00
100316.0 65.9995 4.991835e+00 1.518324e-03 -2.707320e+00 6.013526e+00 -2.059791e+00 3.316974e+00
100327.8 65.6248 4.991820e+00 1.523319e-03 -2.681827e+00 6.022365e+00 -2.052199e+00 3.335230e+00
100339.1 65.25 4.991827e+00 1.522112e-03 -2.668838e+00 6.017605e+00 -2.043212e+00 3.341443e+00
100347.3 64.8756 4.991824e+00 1.514946e-03 -2.655335e+00 6.004787e+00 -2.024699e+00 3.342398e+00
100355.6 64.5005 4.991815e+00 1.510950e-03 -2.653581e+00 6.020404e+00 -2.009150e+00 3.367191e+00
100405.5 64.1251 4.991817e+00 1.502367e-03 -2.646080e+00 6.034193e+00 -1.990216e+00 3.393041e+00
100416.7 63.7497 4.991836e+00 1.492340e-03 -2.628534e+00 6.024551e+00 -1.973133e+00 3.386804e+00
100426.1 63.3748 4.991824e+00 1.480638e-03 -2.606617e+00 6.017837e+00 -1.964575e+00 3.365809e+00
100439.2 62.9999 4.991820e+00 1.515274e-03 -2.594710e+00 6.019544e+00 -1.955786e+00 3.381920e+00
100451.9 62.6247 4.991824e+00 1.516972e-03 -2.579544e+00 6.023203e+00 -1.946258e+00 3.406347e+00
100503.5 62.25 4.991801e+00 1.545940e-03 -2.571894e+00 6.004958e+00 -1.933266e+00 3.398822e+00
100515.8 61.8749 4.991847e+00 1.588369e-03 -2.563786e+00 5.994252e+00 -1.920143e+00 3.399852e+00
100527.9 61.5008 4.991842e+00 1.651709e-03 -2.550157e+00 5.996983e+00 -1.900741e+00 3.414209e+00
100539.8 61.1256 4.991803e+00 1.719629e-03 -2.538094e+00 6.017688e+00 -1.885507e+00 3.435624e+00
100548.6 60.7503 4.991839e+00 1.733605e-03 -2.520581e+00 6.016677e+00 -1.876569e+00 3.427746e+00
100557.5 60.3747 4.991855e+00 1.708101e-03 -2.493336e+00 5.980940e+00 -1.866937e+00 3.410387e+00
100606.8 59.9997 4.991862e+00 1.679812e-03 -2.484838e+00 5.971214e+00 -1.856016e+00 3.412208e+00
100616.2 59.6256 4.991828e+00 1.630811e-03 -2.477097e+00 5.966470e+00 -1.840383e+00 3.416188e+00
100623.7 59.2499 4.991845e+00 1.570195e-03 -2.468538e+00 5.950804e+00 -1.818156e+00 3.406041e+00
100631.2 58.8744 4.991834e+00 1.526502e-03 -2.445623e+00 5.919176e+00 -1.792357e+00 3.384959e+00
100642.2 58.5 4.991850e+00 1.506008e-03 -2.415865e+00 5.916907e+00 -1.778725e+00 3.382949e+00
100649.8 58.1254 4.991828e+00 1.493888e-03 -2.407671e+00 5.915601e+00 -1.769072e+00 3.385508e+00
100658.9 57.75 4.991831e+00 1.479373e-03 -2.387210e+00 5.883338e+00 -1.759045e+00 3.365138e+00
100707.8 57.3752 4.991808e+00 1.451595e-03 -2.384468e+00 5.841228e+00 -1.739788e+00 3.345168e+00
100716.6 57.0008 4.991786e+00 1.436241e-03 -2.383662e+00 5.834568e+00 -1.721234e+00 3.338792e+00
100729.7 56.6257 4.991821e+00 1.419903e-03 -2.359241e+00 5.832672e+00 -1.697416e+00 3.341017e+00
100738.3 56.2508 4.991824e+00 1.400291e-03 -2.322252e+00 5.805532e+00 -1.676414e+00 3.321463e+00
100750.0 55.8749 4.991792e+00 1.382725e-03 -2.299727e+00 5.769565e+00 -1.662834e+00 3.296643e+00
100757.7 55.5003 4.991850e+00 1.395608e-03 -2.292574e+00 5.762137e+00 -1.660515e+00 3.284092e+00
100805.3 55.1252 4.991848e+00 1.423581e-03 -2.286556e+00 5.753967e+00 -1.652502e+00 3.284229e+00
100819.0 54.7509 4.991823e+00 1.433070e-03 -2.280562e+00 5.719081e+00 -1.636792e+00 3.267993e+00
100827.9 54.3752 4.991842e+00 1.426006e-03 -2.279304e+00 5.690801e+00 -1.616729e+00 3.250076e+00
100853.4 53.99 4.991845e+00 1.441624e-03 -2.253226e+00 5.667595e+00 -1.595004e+00 3.246070e+00
100905.7 53.6253 4.991849e+00 1.451828e-03 -2.224410e+00 5.653727e+00 -1.585358e+00 3.241059e+00
100917.9 53.2502 4.991819e+00 1.434493e-03 -2.207596e+00 5.618366e+00 -1.571141e+00 3.209324e+00
100926.6 52.8749 4.991847e+00 1.418590e-03 -2.183639e+00 5.563660e+00 -1.567041e+00 3.165757e+00
100937.6 52.4996 4.991869e+00 1.472797e-03 -2.179970e+00 5.543090e+00 -1.559493e+00 3.157395e+00
100948.7 52.125 4.991830e+00 1.454105e-03 -2.184208e+00 5.531392e+00 -1.544101e+00 3.153155e+00
100956.7 51.7502 4.991857e+00 1.420299e-03 -2.173562e+00 5.492478e+00 -1.513278e+00 3.121654e+00
101004.8 51.3752 4.991826e+00 1.386004e-03 -2.139973e+00 5.446874e+00 -1.494044e+00 3.085594e+00
101014.4 51.0004 4.991835e+00 1.369735e-03 -2.118143e+00 5.424820e+00 -1.481530e+00 3.072824e+00
101027.7 50.6251 4.991849e+00 1.385583e-03 -2.095464e+00 5.403240e+00 -1.479004e+00 3.058907e+00
101035.4 50.2504 4.991814e+00 1.403243e-03 -2.091182e+00 5.367093e+00 -1.473708e+00 3.025235e+00
101043.6 49.8753 4.991823e+00 1.414147e-03 -2.086029e+00 5.315434e+00 -1.454540e+00 2.989899e+00
101051.2 49.5004 4.991850e+00 1.419167e-03 -2.092665e+00 5.288325e+00 -1.434424e+00 2.963673e+00
101058.9 49.1251 4.991837e+00 1.433422e-03 -2.073884e+00 5.256928e+00 -1.409806e+00 2.947568e+00
101113.9 48.7514 4.991837e+00 1.437715e-03 -2.044004e+00 5.221002e+00 -1.394838e+00 2.907409e+00
101122.2 48.3747 4.991811e+00 1.444419e-03 -2.021296e+00 5.174300e+00 -1.384982e+00 2.861375e+00
101132.7 48.0001 4.991817e+00 1.465885e-03 -2.008673e+00 5.135941e+00 -1.380864e+00 2.835632e+00
101145.9 47.6249 4.991831e+00 1.476986e-03 -1.995343e+00 5.113444e+00 -1.375746e+00 2.819323e+00
101158.2 47.2502 4.991871e+00 1.450833e-03 -1.990570e+00 5.055461e+00 -1.354974e+00 2.779404e+00
101205.9 46.875 4.991864e+00 1.444310e-03 -1.983130e+00 4.981416e+00 -1.335209e+00 2.732027e+00
101213.7 46.5004 4.991871e+00 1.449014e-03 -1.945896e+00 4.955367e+00 -1.308083e+00 2.706313e+00
101223.5 46.1253 4.991791e+00 1.455222e-03 -1.942240e+00 4.937934e+00 -1.297417e+00 2.686128e+00
101235.0 45.7493 4.991818e+00 1.442897e-03 -1.929812e+00 4.878628e+00 -1.288757e+00 2.633354e+00
101243.2 45.3748 4.991819e+00 1.420880e-03 -1.913466e+00 4.812425e+00 -1.282841e+00 2.582751e+00
101251.7 45.0009 4.991834e+00 1.410591e-03 -1.901925e+00 4.770785e+00 -1.269573e+00 2.550263e+00
101304.4 44.6258 4.991797e+00 1.409718e-03 -1.905779e+00 4.729567e+00 -1.257392e+00 2.526224e+00
101312.8 44.2502 4.991825e+00 1.408474e-03 -1.883674e+00 4.670193e+00 -1.232932e+00 2.484534e+00
101320.4 43.8751 4.991827e+00 1.399928e-03 -1.849566e+00 4.609725e+00 -1.209820e+00 2.432199e+00
101330.3 43.5 4.991821e+00 1.413918e-03 -1.830926e+00 4.568401e+00 -1.200117e+00 2.392048e+00
101342.0 43.1253 4.991872e+00 1.425947e-03 -1.812498e+00 4.537622e+00 -1.190095e+00 2.359868e+00
101351.0 42.7501 4.991842e+00 1.429107e-03 -1.809096e+00 4.475359e+00 -1.183918e+00 2.306562e+00
101404.2 42.3744 4.991852e+00 1.423477e-03 -1.809138e+00 4.416654e+00 -1.170122e+00 2.235361e+00
101416.6 42.0005 4.991868e+00 1.395036e-03 -1.801908e+00 4.364629e+00 -1.144357e+00 2.195862e+00
101441.7 41.6158 4.991837e+00 1.396963e-03 -1.782693e+00 4.314586e+00 -1.125757e+00 2.174477e+00
101453.8 41.2497 4.991843e+00 1.397548e-03 -1.760673e+00 4.244580e+00 -1.113608e+00 2.116533e+00
101501.7 40.875 4.991871e+00 1.392128e-03 -1.736954e+00 4.173953e+00 -1.107677e+00 2.051618e+00
101513.2 40.4998 4.991825e+00 1.408764e-03 -1.716118e+00 4.124284e+00 -1.100457e+00 2.001819e+00
101521.0 40.1257 4.991856e+00 1.433480e-03 -1.717373e+00 4.078381e+00 -1.087680e+00 1.964636e+00
101530.1 39.7502 4.991831e+00 1.437966e-03 -1.710420e+00 4.012626e+00 -1.069483e+00 1.910496e+00
101540.1 39.3752 4.991854e+00 1.435113e-03 -1.685783e+00 3.943389e+00 -1.046643e+00 1.845256e+00
101549.8 38.9995 4.991858e+00 1.436380e-03 -1.660505e+00 3.878672e+00 -1.024768e+00 1.801929e+00
101602.3 38.625 4.991837e+00 1.425709e-03 -1.645253e+00 3.826499e+00 -1.015625e+00 1.756346e+00
101610.1 38.2499 4.991806e+00 1.392570e-03 -1.628623e+00 3.748466e+00 -1.008817e+00 1.690481e+00
101619.0 37.8751 4.991835e+00 1.359991e-03 -1.608151e+00 3.665853e+00 -9.956103e-01 1.620172e+00
101627.2 37.5005 4.991841e+00 1.344640e-03 -1.604392e+00 3.609712e+00 -9.778487e-01 1.567643e+00
101638.6 37.1249 4.991823e+00 1.351240e-03 -1.600898e+00 3.556790e+00 -9.648395e-01 1.527352e+00
101647.7 36.7498 4.991859e+00 1.375021e-03 -1.582631e+00 3.477566e+00 -9.444530e-01 1.458381e+00
101656.9 36.375 4.991845e+00 1.394250e-03 -1.557365e+00 3.387744e+00 -9.264498e-01 1.383783e+00
101705.7 35.9999 4.991882e+00 1.419877e-03 -1.545622e+00 3.328315e+00 -9.238546e-01 1.330420e+00
101713.9 35.6251 4.991826e+00 1.439848e-03 -1.517386e+00 3.281877e+00 -9.187218e-01 1.282377e+00
101722.0 35.2504 4.991836e+00 1.430392e-03 -1.517833e+00 3.205349e+00 -9.037675e-01 1.214142e+00
101730.5 34.8755 4.991819e+00 1.416691e-03 -1.514359e+00 3.122902e+00 -8.833392e-01 1.140686e+00
101738.5 34.5001 4.991816e+00 1.430994e-03 -1.504129e+00 3.053806e+00 -8.601944e-01 1.078533e+00
101745.9 34.1255 4.991847e+00 1.456528e-03 -1.487417e+00 2.996332e+00 -8.409003e-01 1.023835e+00
101754.0 33.7505 4.991836e+00 1.477857e-03 -1.459987e+00 2.920455e+00 -8.308617e-01 9.490914e-01
101802.2 33.375 4.991831e+00 1.511827e-03 -1.445660e+00 2.831515e+00 -8.267910e-01 8.759326e-01
101810.7 33.0001 4.991862e+00 1.573903e-03 -1.436048e+00 2.771821e+00 -8.190520e-01 8.161097e-01
101825.3 32.626 4.991829e+00 1.611364e-03 -1.429950e+00 2.716544e+00 -8.109192e-01 7.673001e-01
101833.8 32.2504 4.991847e+00 1.605643e-03 -1.426545e+00 2.622071e+00 -7.921066e-01 6.921366e-01
101842.0 31.8746 4.991825e+00 1.591614e-03 -1.404827e+00 2.522015e+00 -7.696113e-01 6.002656e-01
101850.3 31.5007 4.991867e+00 1.606074e-03 -1.375815e+00 2.447420e+00 -7.535123e-01 5.312047e-01
101857.9 31.1251 4.991799e+00 1.578837e-03 -1.353172e+00 2.379761e+00 -7.446066e-01 4.742189e-01
101906.2 30.75 4.991842e+00 1.538734e-03 -1.337046e+00 2.281555e+00 -7.367785e-01 3.888227e-01
101915.1 30.375 4.991797e+00 1.503599e-03 -1.314667e+00 2.185663e+00 -7.150548e-01 2.972356e-01
101927.1 30.0003 4.991793e+00 1.491640e-03 -1.307223e+00 2.106981e+00 -6.979019e-01 2.252628e-01
101942.2 29.6251 4.991864e+00 1.509706e-03 -1.306719e+00 2.041392e+00 -6.843081e-01 1.641116e-01
101954.1 29.2504 4.991865e+00 1.520265e-03 -1.281156e+00 1.941603e+00 -6.593401e-01 8.054616e-02
102002.9 28.8743 4.991851e+00 1.503274e-03 -1.256050e+00 1.833744e+00 -6.412792e-01 -9.363423e-03
102011.3 28.5001 4.991825e+00 1.495312e-03 -1.234201e+00 1.745270e+00 -6.336050e-01 -8.408156e-02
102022.3 28.1244 4.991837e+00 1.501551e-03 -1.220224e+00 1.667353e+00 -6.221090e-01 -1.578855e-01
102034.0 27.7496 4.991853e+00 1.492884e-03 -1.215950e+00 1.569707e+00 -6.060092e-01 -2.430799e-01
102042.5 27.375 4.991854e+00 1.491307e-03 -1.217818e+00 1.470184e+00 -5.932053e-01 -3.384291e-01
102050.7 26.9997 4.991855e+00 1.503065e-03 -1.207843e+00 1.383930e+00 -5.711979e-01 -4.146674e-01
102103.8 26.6245 4.991859e+00 1.520417e-03 -1.184644e+00 1.311513e+00 -5.500971e-01 -4.879339e-01
102111.9 26.251 4.991849e+00 1.517303e-03 -1.156250e+00 1.209834e+00 -5.447599e-01 -5.802919e-01
102119.4 25.8755 4.991850e+00 1.510086e-03 -1.136820e+00 1.087248e+00 -5.342413e-01 -6.830352e-01
102130.7 25.4998 4.991855e+00 1.512471e-03 -1.110829e+00 1.008606e+00 -5.144418e-01 -7.663111e-01
102141.6 25.1248 4.991844e+00 1.517754e-03 -1.108833e+00 9.264822e-01 -5.023428e-01 -8.363478e-01
102149.8 24.7498 4.991824e+00 1.518448e-03 -1.103875e+00 8.205630e-01 -4.843138e-01 -9.352899e-01
102158.3 24.3748 4.991837e+00 1.513464e-03 -1.073912e+00 7.017157e-01 -4.603991e-01 -1.044831e+00
102207.3 24.0003 4.991836e+00 1.528785e-03 -1.056835e+00 6.074337e-01 -4.451894e-01 -1.137390e+00
102220.8 23.6253 4.991862e+00 1.550549e-03 -1.036840e+00 5.201698e-01 -4.397763e-01 -1.219557e+00
102232.1 23.2497 4.991834e+00 1.554140e-03 -1.018289e+00 4.107257e-01 -4.302750e-01 -1.319248e+00
102243.2 22.875 4.991871e+00 1.532771e-03 -1.014068e+00 2.955086e-01 -4.111600e-01 -1.420519e+00
102255.7 22.5008 4.991853e+00 1.527327e-03 -1.004990e+00 2.071321e-01 -3.977396e-01 -1.498807e+00
102307.6 22.1245 4.991781e+00 1.546260e-03 -9.861040e-01 1.129978e-01 -3.795576e-01 -1.580827e+00
102316.8 21.7503 4.991864e+00 1.580902e-03 -9.753944e-01 -5.378887e-03 -3.649559e-01 -1.682827e+00
102326.7 21.3747 4.991860e+00 1.604019e-03 -9.618001e-01 -1.236287e-01 -3.634278e-01 -1.798526e+00
102340.1 21.0002 4.991877e+00 1.656055e-03 -9.520014e-01 -2.203991e-01 -3.511841e-01 -1.887515e+00
102353.9 20.6256 4.991806e+00 1.724158e-03 -9.486015e-01 -3.047275e-01 -3.421618e-01 -1.963215e+00
102401.7 20.2508 4.991855e+00 1.769891e-03 -9.459717e-01 -4.047579e-01 -3.324174e-01 -2.068498e+00
102409.5 19.8753 4.991872e+00 1.821846e-03 -9.334354e-01 -4.946169e-01 -3.141876e-01 -2.171835e+00
102421.3 19.5001 4.991863e+00 1.881603e-03 -9.141129e-01 -6.117786e-01 -2.949807e-01 -2.265011e+00
102432.9 19.1254 4.991831e+00 1.926886e-03 -8.970142e-01 -7.080928e-01 -2.841287e-01 -2.357367e+00
102441.4 18.7497 4.991800e+00 1.923441e-03 -8.770907e-01 -8.341031e-01 -2.772975e-01 -2.471915e+00
102450.6 18.3743 4.991836e+00 1.876318e-03 -8.624004e-01 -9.793933e-01 -2.639245e-01 -2.591196e+00
102500.0 17.9999 4.991785e+00 1.809086e-03 -8.539824e-01 -1.097023e+00 -2.412350e-01 -2.692613e+00
102508.3 17.6243 4.991839e+00 1.760546e-03 -8.522544e-01 -1.204389e+00 -2.246227e-01 -2.790960e+00
102516.1 17.2501 4.991832e+00 1.721022e-03 -8.273251e-01 -1.325376e+00 -2.039085e-01 -2.915988e+00
102523.5 16.8749 4.991814e+00 1.674339e-03 -7.968376e-01 -1.456819e+00 -1.804915e-01 -3.048186e+00
102531.4 16.5001 4.991841e+00 1.636354e-03 -7.616372e-01 -1.560882e+00 -1.592639e-01 -3.157323e+00
102539.2 16.1253 4.991797e+00 1.608758e-03 -7.510008e-01 -1.672098e+00 -1.641162e-01 -3.259568e+00
102548.1 15.7507 4.991838e+00 1.575693e-03 -7.361013e-01 -1.807950e+00 -1.456854e-01 -3.381369e+00
102557.1 15.375 4.991843e+00 1.527950e-03 -7.294705e-01 -1.958162e+00 -1.235495e-01 -3.504204e+00
102606.4 15 4.991828e+00 1.494849e-03 -7.170934e-01 -2.068308e+00 -9.992487e-02 -3.610133e+00
102618.3 14.625 4.991808e+00 1.490997e-03 -6.937968e-01 -2.167654e+00 -7.083176e-02 -3.709023e+00
102627.9 14.2503 4.991854e+00 1.501327e-03 -6.658054e-01 -2.294937e+00 -5.583719e-02 -3.840845e+00
102636.5 13.8754 4.991853e+00 1.518950e-03 -6.433716e-01 -2.432076e+00 -5.346808e-02 -3.971496e+00
102647.5 13.5003 4.991821e+00 1.549152e-03 -6.313365e-01 -2.556893e+00 -4.718156e-02 -4.087615e+00
102659.7 13.1257 4.991859e+00 1.568948e-03 -6.193668e-01 -2.669683e+00 -3.494197e-02 -4.190966e+00
102713.5 12.7495 4.991843e+00 1.551486e-03 -6.186722e-01 -2.804745e+00 -2.627774e-02 -4.311396e+00
102721.5 12.3747 4.991810e+00 1.525937e-03 -6.119588e-01 -2.954027e+00 -3.156185e-03 -4.440759e+00
102743.3 11.9904 4.991807e+00 1.525928e-03 -5.811220e-01 -3.073732e+00 2.081337e-02 -4.559289e+00
102755.9 11.625 4.991803e+00 1.538959e-03 -5.651669e-01 -3.177326e+00 2.801731e-02 -4.662206e+00
102807.7 11.2503 4.991830e+00 1.559860e-03 -5.447629e-01 -3.325162e+00 3.031547e-02 -4.795847e+00
102818.7 10.8748 4.991848e+00 1.575868e-03 -5.242351e-01 -3.464289e+00 4.431767e-02 -4.945030e+00
102832.9 10.5002 4.991814e+00 1.529790e-03 -5.139149e-01 -3.600334e+00 6.491434e-02 -5.058860e+00
102844.3 10.1254 4.991803e+00 1.541758e-03 -5.105003e-01 -3.714320e+00 8.131605e-02 -5.157336e+00
102852.1 9.75016 4.991822e+00 1.544158e-03 -5.121450e-01 -3.869622e+00 1.047138e-01 -5.285937e+00
102900.7 9.37459 4.991832e+00 1.545007e-03 -4.767574e-01 -4.020547e+00 1.239710e-01 -5.427113e+00
102913.2 8.99967 4.991811e+00 1.560416e-03 -4.575074e-01 -4.139025e+00 1.300677e-01 -5.553320e+00
102921.4 8.62455 4.991863e+00 1.579132e-03 -4.416332e-01 -4.253907e+00 1.359907e-01 -5.675505e+00
102933.7 8.25064 4.991853e+00 1.577076e-03 -4.304788e-01 -4.375710e+00 1.480293e-01 -5.809279e+00
102945.6 7.87546 4.991874e+00 1.561994e-03 -4.191870e-01 -4.495974e+00 1.628329e-01 -5.954649e+00
102957.4 7.50072 4.991880e+00 1.553103e-03 -3.818671e-01 -4.584527e+00 1.864578e-01 -6.068039e+00
103005.6 7.12553 4.991866e+00 1.544259e-03 -3.406922e-01 -4.679377e+00 2.118368e-01 -6.184755e+00
103014.0 6.75035 4.991863e+00 1.525918e-03 -3.312813e-01 -4.811451e+00 2.262253e-01 -6.322025e+00
103026.9 6.3751 4.991852e+00 1.510919e-03 -3.197697e-01 -4.968116e+00 2.355008e-01 -6.469790e+00
103039.1 6.00054 4.991844e+00 1.523219e-03 -3.042842e-01 -5.112495e+00 2.534493e-01 -6.609478e+00
103054.7 5.62472 4.991849e+00 1.553266e-03 -3.119841e-01 -5.239986e+00 2.660001e-01 -6.727444e+00
103107.7 5.24922 4.991781e+00 1.567315e-03 -2.994832e-01 -5.398582e+00 2.701395e-01 -6.868455e+00
103115.2 4.87479 4.991874e+00 1.555239e-03 -3.078038e-01 -5.587663e+00 2.861038e-01 -7.016292e+00
103122.8 4.50037 4.991822e+00 1.567784e-03 -2.535136e-01 -5.705322e+00 3.152689e-01 -7.161370e+00
103134.7 4.12519 4.991815e+00 1.576979e-03 -2.256130e-01 -5.810766e+00 3.221034e-01 -7.268944e+00
103149.0 3.75077 4.991898e+00 1.544262e-03 -1.969448e-01 -5.961159e+00 3.376729e-01 -7.406900e+00
103157.5 3.37501 4.991839e+00 1.454610e-03 -1.704432e-01 -6.122168e+00 3.585855e-01 -7.522828e+00
103210.5 3.0009 4.991855e+00 1.343192e-03 -1.676049e-01 -6.266356e+00 3.998048e-01 -7.628227e+00
103223.7 2.62546 4.991838e+00 1.246580e-03 -1.462004e-01 -6.399880e+00 4.372290e-01 -7.742026e+00
103232.2 2.24939 4.991847e+00 1.183434e-03 -1.256684e-01 -6.560885e+00 4.595191e-01 -7.878519e+00
103243.1 1.87465 4.991822e+00 1.160727e-03 -1.100334e-01 -6.743693e+00 4.720469e-01 -8.035728e+00
103255.3 1.5001 4.991831e+00 1.187684e-03 -1.085288e-01 -6.892642e+00 4.713634e-01 -8.183841e+00
103305.2 1.12517 4.991824e+00 1.211140e-03 -1.059371e-01 -7.055601e+00 4.757571e-01 -8.332013e+00
