% Fogale DL Rail Calibration results.
% DL=3, Date=2016-03-11T09:03:57
% Tunnel Temperature=17.88 oC
% Scan Range: 1.125 - 118.875 mOPL
% Metrology used: ENCODERS
% Sensors: CALIBRATED
% Name=ara
% Comment=
% WPS-Sensor tunnel center: WPS-2D-7D0-011
% WPS-Sensor tunnel end: WPS-2D-7D0-012
% DOMS-Sensor: DOM-7D2-003 S-330
% INCLINOMETER-Sensor: Inclinix
% TIMESTAMP[hhmmss.s] OPL-POSITION[m] DOMS[mm] INCL[rad] WPSTctrY[mm] WPSTctrZ[mm] WPSTendY[mm] WPSTendZ[mm]
090433.8 1.12829 4.991821e+00 1.207886e-03 -1.160602e-01 -7.061923e+00 4.750933e-01 -8.333214e+00
090445.0 1.49991 4.991862e+00 1.186377e-03 -1.169800e-01 -6.891886e+00 4.578695e-01 -8.185604e+00
090456.3 1.87497 4.991828e+00 1.159676e-03 -1.264565e-01 -6.748944e+00 4.559098e-01 -8.038153e+00
090504.0 2.2499 4.991830e+00 1.182913e-03 -1.360497e-01 -6.560189e+00 4.356680e-01 -7.878497e+00
090512.5 2.62477 4.991825e+00 1.244956e-03 -1.538659e-01 -6.399513e+00 4.249496e-01 -7.740534e+00
090521.7 2.99989 4.991808e+00 1.341244e-03 -1.758775e-01 -6.267320e+00 3.905935e-01 -7.629487e+00
090530.2 3.37482 4.991830e+00 1.453944e-03 -1.867428e-01 -6.127879e+00 3.445509e-01 -7.523036e+00
090539.8 3.75019 4.991825e+00 1.543655e-03 -1.988042e-01 -5.954307e+00 3.189903e-01 -7.405966e+00
090549.3 4.12506 4.991845e+00 1.576832e-03 -2.311180e-01 -5.804339e+00 2.971475e-01 -7.266523e+00
090557.5 4.49974 4.991823e+00 1.569623e-03 -2.588242e-01 -5.702229e+00 2.884093e-01 -7.160689e+00
090607.7 4.87518 4.991827e+00 1.556633e-03 -3.063593e-01 -5.575831e+00 2.659046e-01 -7.014992e+00
090620.0 5.24909 4.991806e+00 1.569493e-03 -3.160733e-01 -5.395648e+00 2.336419e-01 -6.868778e+00
090628.9 5.6258 4.991806e+00 1.554619e-03 -3.200256e-01 -5.231695e+00 2.296446e-01 -6.724657e+00
090640.1 6.00009 4.991838e+00 1.522760e-03 -3.160125e-01 -5.110088e+00 2.194004e-01 -6.610023e+00
090652.4 6.37446 4.991862e+00 1.513038e-03 -3.272860e-01 -4.964359e+00 2.026009e-01 -6.471135e+00
090705.1 6.74952 4.991841e+00 1.526902e-03 -3.459149e-01 -4.804998e+00 1.864980e-01 -6.319350e+00
090713.3 7.12426 4.991841e+00 1.545935e-03 -3.498279e-01 -4.675143e+00 1.767368e-01 -6.182819e+00
090721.1 7.4997 4.991859e+00 1.554558e-03 -3.874525e-01 -4.576985e+00 1.553395e-01 -6.067087e+00
090728.9 7.87507 4.991812e+00 1.562061e-03 -4.311474e-01 -4.496637e+00 1.324743e-01 -5.951317e+00
090739.5 8.25013 4.991819e+00 1.576813e-03 -4.371726e-01 -4.369085e+00 1.172285e-01 -5.806541e+00
090750.5 8.625 4.991824e+00 1.578555e-03 -4.415296e-01 -4.241110e+00 1.053837e-01 -5.669647e+00
090801.1 9.00025 4.991837e+00 1.560958e-03 -4.653475e-01 -4.133937e+00 9.421074e-02 -5.545949e+00
090813.7 9.37402 4.991839e+00 1.547658e-03 -4.883308e-01 -4.017068e+00 8.609211e-02 -5.421625e+00
090827.4 9.74965 4.991795e+00 1.546633e-03 -5.199842e-01 -3.864522e+00 7.690808e-02 -5.281091e+00
090835.2 10.1247 4.991814e+00 1.540200e-03 -5.279513e-01 -3.714413e+00 5.388096e-02 -5.152199e+00
090845.5 10.4998 4.991832e+00 1.529885e-03 -5.235247e-01 -3.593810e+00 3.449766e-02 -5.052703e+00
090857.1 10.8742 4.991830e+00 1.577017e-03 -5.419527e-01 -3.462031e+00 1.166743e-02 -4.939322e+00
090909.4 11.2498 4.991806e+00 1.561032e-03 -5.543236e-01 -3.316541e+00 -4.063622e-03 -4.789897e+00
090917.6 11.6247 4.991847e+00 1.541145e-03 -5.761933e-01 -3.169560e+00 -1.098003e-02 -4.654036e+00
090926.4 11.9999 4.991788e+00 1.524562e-03 -5.973076e-01 -3.069854e+00 -1.528842e-02 -4.548897e+00
090940.1 12.3741 4.991824e+00 1.527246e-03 -6.217588e-01 -2.946749e+00 -3.185379e-02 -4.432782e+00
090952.3 12.7503 4.991805e+00 1.550986e-03 -6.373816e-01 -2.802246e+00 -5.548489e-02 -4.302009e+00
091000.6 13.1248 4.991838e+00 1.572814e-03 -6.418478e-01 -2.664181e+00 -6.880582e-02 -4.184956e+00
091009.1 13.4998 4.991842e+00 1.563006e-03 -6.419398e-01 -2.543175e+00 -8.271875e-02 -4.084566e+00
091019.7 13.8751 4.991813e+00 1.537126e-03 -6.582472e-01 -2.419404e+00 -9.324651e-02 -3.970001e+00
091031.4 14.2497 4.991847e+00 1.523150e-03 -6.765798e-01 -2.283169e+00 -9.452288e-02 -3.843076e+00
091040.9 14.6251 4.991805e+00 1.512678e-03 -7.045700e-01 -2.152286e+00 -9.921666e-02 -3.712282e+00
091052.2 14.9997 4.991821e+00 1.513829e-03 -7.302140e-01 -2.056004e+00 -1.225669e-01 -3.612436e+00
091105.5 15.3742 4.991814e+00 1.541724e-03 -7.441855e-01 -1.946671e+00 -1.479080e-01 -3.501898e+00
091116.9 15.7496 4.991843e+00 1.582880e-03 -7.501767e-01 -1.796566e+00 -1.721040e-01 -3.377458e+00
091124.7 16.1242 4.991850e+00 1.611833e-03 -7.613481e-01 -1.656432e+00 -1.938220e-01 -3.255248e+00
091132.9 16.4996 4.991827e+00 1.637095e-03 -7.749206e-01 -1.550771e+00 -1.957175e-01 -3.149278e+00
091145.1 16.8742 4.991839e+00 1.674002e-03 -8.080895e-01 -1.445557e+00 -2.162638e-01 -3.039493e+00
091157.7 17.2499 4.991818e+00 1.722974e-03 -8.352797e-01 -1.308776e+00 -2.337569e-01 -2.908403e+00
091206.9 17.6251 4.991795e+00 1.760138e-03 -8.604283e-01 -1.190026e+00 -2.519874e-01 -2.785366e+00
091215.8 18 4.991822e+00 1.807738e-03 -8.585531e-01 -1.088644e+00 -2.696826e-01 -2.683726e+00
091320.8 18.3742 4.991837e+00 1.876804e-03 -8.744696e-01 -9.767813e-01 -2.940228e-01 -2.584177e+00
091334.7 18.7493 4.991806e+00 1.927654e-03 -8.867082e-01 -8.313751e-01 -3.109865e-01 -2.465833e+00
091343.0 19.1249 4.991845e+00 1.927663e-03 -9.023531e-01 -7.052782e-01 -3.196460e-01 -2.350813e+00
091352.8 19.5001 4.991828e+00 1.883255e-03 -9.280223e-01 -6.123358e-01 -3.281147e-01 -2.258286e+00
091402.5 19.8751 4.991823e+00 1.821036e-03 -9.480698e-01 -4.906542e-01 -3.430486e-01 -2.163990e+00
091411.0 20.2497 4.991867e+00 1.769579e-03 -9.568332e-01 -3.985559e-01 -3.620919e-01 -2.057687e+00
091421.2 20.6249 4.991831e+00 1.723819e-03 -9.584997e-01 -2.897348e-01 -3.732524e-01 -1.954523e+00
091429.8 20.9999 4.991828e+00 1.657863e-03 -9.608897e-01 -2.073611e-01 -3.816661e-01 -1.877570e+00
091442.4 21.3746 4.991820e+00 1.605652e-03 -9.714110e-01 -1.081414e-01 -4.011400e-01 -1.788147e+00
091451.0 21.7493 4.991811e+00 1.580986e-03 -9.821390e-01 1.239969e-02 -4.021684e-01 -1.672812e+00
091458.8 22.125 4.991830e+00 1.547144e-03 -1.001264e+00 1.250443e-01 -4.152138e-01 -1.570458e+00
091507.0 22.4996 4.991872e+00 1.528328e-03 -1.024015e+00 2.162941e-01 -4.336116e-01 -1.489954e+00
091515.2 22.8744 4.991845e+00 1.534634e-03 -1.020819e+00 3.120208e-01 -4.490725e-01 -1.408713e+00
091523.1 23.2499 4.991863e+00 1.555970e-03 -1.036786e+00 4.179748e-01 -4.669974e-01 -1.306392e+00
091536.4 23.6243 4.991814e+00 1.552831e-03 -1.055103e+00 5.285208e-01 -4.791046e-01 -1.207856e+00
091544.9 23.9997 4.991810e+00 1.529616e-03 -1.068303e+00 6.149928e-01 -4.847340e-01 -1.123475e+00
091557.5 24.3743 4.991839e+00 1.515999e-03 -1.087633e+00 7.112272e-01 -4.959116e-01 -1.031445e+00
091611.2 24.7498 4.991831e+00 1.519760e-03 -1.111934e+00 8.334928e-01 -5.133178e-01 -9.212899e-01
091619.4 25.1246 4.991789e+00 1.518497e-03 -1.125627e+00 9.442157e-01 -5.356803e-01 -8.260186e-01
091627.9 25.5003 4.991814e+00 1.515452e-03 -1.127806e+00 1.019659e+00 -5.457842e-01 -7.527775e-01
091638.6 25.8753 4.991825e+00 1.512214e-03 -1.150308e+00 1.105140e+00 -5.676494e-01 -6.715005e-01
091646.4 26.2496 4.991810e+00 1.517561e-03 -1.177408e+00 1.219442e+00 -5.800746e-01 -5.676928e-01
091656.0 26.6256 4.991827e+00 1.520998e-03 -1.193597e+00 1.332115e+00 -5.849163e-01 -4.766427e-01
091704.2 26.9999 4.991831e+00 1.504664e-03 -1.213851e+00 1.400443e+00 -5.994606e-01 -4.020939e-01
091717.1 27.375 4.991849e+00 1.493246e-03 -1.235792e+00 1.480321e+00 -6.233999e-01 -3.244797e-01
091726.3 27.7503 4.991847e+00 1.494282e-03 -1.236115e+00 1.581921e+00 -6.378745e-01 -2.300130e-01
091733.9 28.1251 4.991828e+00 1.503701e-03 -1.232623e+00 1.686176e+00 -6.534910e-01 -1.453238e-01
091745.5 28.4997 4.991844e+00 1.497541e-03 -1.254429e+00 1.758480e+00 -6.718446e-01 -7.180582e-02
091755.1 28.8748 4.991859e+00 1.503666e-03 -1.270417e+00 1.849110e+00 -6.818397e-01 3.253187e-03
091807.7 29.25 4.991841e+00 1.521827e-03 -1.299291e+00 1.953989e+00 -6.929855e-01 9.348165e-02
091816.6 29.6258 4.991837e+00 1.510248e-03 -1.321207e+00 2.053707e+00 -7.150193e-01 1.772148e-01
091827.5 30.0001 4.991878e+00 1.491627e-03 -1.329099e+00 2.118021e+00 -7.322619e-01 2.391651e-01
091840.5 30.374 4.991848e+00 1.505486e-03 -1.330027e+00 2.206856e+00 -7.503861e-01 3.091722e-01
091853.8 30.75 4.991822e+00 1.542192e-03 -1.348767e+00 2.297402e+00 -7.705845e-01 4.019330e-01
091905.7 31.1246 4.991869e+00 1.580815e-03 -1.365428e+00 2.397547e+00 -7.840241e-01 4.871799e-01
091917.6 31.4991 4.991834e+00 1.607773e-03 -1.392974e+00 2.459420e+00 -7.942640e-01 5.447382e-01
091929.9 31.8744 4.991828e+00 1.594464e-03 -1.411774e+00 2.539502e+00 -8.039380e-01 6.130468e-01
091937.7 32.2492 4.991825e+00 1.607984e-03 -1.440780e+00 2.635160e+00 -8.249023e-01 7.069818e-01
091946.7 32.6249 4.991842e+00 1.611666e-03 -1.448885e+00 2.728018e+00 -8.457943e-01 7.816235e-01
091956.9 33.0006 4.991813e+00 1.574844e-03 -1.443675e+00 2.792490e+00 -8.529277e-01 8.289327e-01
092009.1 33.3752 4.991872e+00 1.514432e-03 -1.459161e+00 2.853892e+00 -8.699183e-01 8.890213e-01
092017.3 33.7498 4.991837e+00 1.481368e-03 -1.477308e+00 2.931329e+00 -8.718018e-01 9.644434e-01
092025.8 34.1243 4.991814e+00 1.458030e-03 -1.494277e+00 3.013827e+00 -8.780803e-01 1.037798e+00
092036.7 34.5005 4.991803e+00 1.435114e-03 -1.517006e+00 3.071198e+00 -8.924249e-01 1.092860e+00
092045.0 34.8743 4.991873e+00 1.419293e-03 -1.527491e+00 3.143421e+00 -9.150460e-01 1.153971e+00
092052.8 35.2497 4.991804e+00 1.430900e-03 -1.527552e+00 3.220893e+00 -9.347449e-01 1.228845e+00
092101.0 35.6251 4.991834e+00 1.441122e-03 -1.536423e+00 3.300525e+00 -9.515390e-01 1.297255e+00
092110.6 35.9999 4.991835e+00 1.421934e-03 -1.553691e+00 3.349666e+00 -9.615207e-01 1.345564e+00
092123.8 36.3748 4.991820e+00 1.395590e-03 -1.565289e+00 3.406265e+00 -9.670013e-01 1.397839e+00
092133.4 36.7495 4.991822e+00 1.376600e-03 -1.592344e+00 3.496029e+00 -9.774243e-01 1.473380e+00
092141.6 37.1253 4.991802e+00 1.355054e-03 -1.615527e+00 3.576614e+00 -9.981979e-01 1.541786e+00
092149.1 37.5001 4.991838e+00 1.344481e-03 -1.616493e+00 3.626926e+00 -1.015257e+00 1.583614e+00
092159.4 37.8751 4.991804e+00 1.362024e-03 -1.618324e+00 3.687047e+00 -1.032943e+00 1.635613e+00
092207.9 38.2497 4.991833e+00 1.395128e-03 -1.635402e+00 3.771473e+00 -1.049112e+00 1.705993e+00
092220.5 38.6249 4.991862e+00 1.428532e-03 -1.656747e+00 3.847120e+00 -1.057934e+00 1.771787e+00
092229.0 38.9998 4.991844e+00 1.437073e-03 -1.671680e+00 3.901281e+00 -1.062746e+00 1.816879e+00
092242.0 39.3749 4.991843e+00 1.436514e-03 -1.701672e+00 3.959339e+00 -1.080164e+00 1.862209e+00
092252.3 39.7498 4.991836e+00 1.438389e-03 -1.723173e+00 4.037138e+00 -1.101747e+00 1.926248e+00
092300.4 40.1248 4.991818e+00 1.433748e-03 -1.732863e+00 4.097905e+00 -1.121055e+00 1.981691e+00
092311.3 40.4999 4.991815e+00 1.411574e-03 -1.739007e+00 4.143552e+00 -1.138528e+00 2.020321e+00
092319.3 40.8745 4.991814e+00 1.393404e-03 -1.746992e+00 4.192932e+00 -1.149612e+00 2.068760e+00
092327.8 41.2495 4.991842e+00 1.399074e-03 -1.770735e+00 4.269438e+00 -1.153505e+00 2.133289e+00
092336.7 41.6251 4.991802e+00 1.399351e-03 -1.794554e+00 4.340311e+00 -1.162737e+00 2.192165e+00
092345.3 42 4.991831e+00 1.395953e-03 -1.818769e+00 4.383757e+00 -1.177653e+00 2.214095e+00
092357.3 42.3752 4.991836e+00 1.425784e-03 -1.831395e+00 4.433242e+00 -1.203572e+00 2.255171e+00
092408.7 42.7495 4.991825e+00 1.429105e-03 -1.815829e+00 4.497486e+00 -1.216659e+00 2.323205e+00
092417.2 43.1243 4.991841e+00 1.427216e-03 -1.826498e+00 4.558671e+00 -1.226511e+00 2.377653e+00
092428.4 43.4989 4.991830e+00 1.414767e-03 -1.847916e+00 4.588309e+00 -1.240641e+00 2.410181e+00
092440.0 43.8754 4.991850e+00 1.403695e-03 -1.865687e+00 4.629638e+00 -1.245921e+00 2.450284e+00
092449.5 44.2504 4.991817e+00 1.409543e-03 -1.894379e+00 4.696209e+00 -1.263266e+00 2.501611e+00
092459.1 44.6251 4.991822e+00 1.411570e-03 -1.918855e+00 4.746020e+00 -1.288436e+00 2.544585e+00
092508.0 44.9995 4.991835e+00 1.414195e-03 -1.924843e+00 4.788987e+00 -1.303645e+00 2.568839e+00
092517.9 45.3747 4.991826e+00 1.424036e-03 -1.927071e+00 4.831744e+00 -1.319765e+00 2.600528e+00
092531.6 45.7503 4.991823e+00 1.444834e-03 -1.940708e+00 4.898434e+00 -1.327318e+00 2.652048e+00
092540.2 46.1243 4.991833e+00 1.456139e-03 -1.962144e+00 4.958732e+00 -1.337802e+00 2.704791e+00
092548.7 46.4998 4.991815e+00 1.451570e-03 -1.966993e+00 4.974521e+00 -1.342015e+00 2.725687e+00
092559.2 46.8752 4.991818e+00 1.443976e-03 -2.003966e+00 5.006001e+00 -1.367989e+00 2.750461e+00
092613.9 47.2499 4.991834e+00 1.452625e-03 -2.009021e+00 5.077279e+00 -1.388194e+00 2.798547e+00
092625.1 47.6253 4.991854e+00 1.477990e-03 -2.004655e+00 5.138610e+00 -1.409325e+00 2.837434e+00
092634.3 48.0009 4.991814e+00 1.467527e-03 -2.022672e+00 5.158442e+00 -1.418281e+00 2.853899e+00
092647.0 48.3743 4.991815e+00 1.445658e-03 -2.040480e+00 5.196130e+00 -1.429715e+00 2.880628e+00
092657.6 48.7496 4.991788e+00 1.437023e-03 -2.055093e+00 5.240545e+00 -1.434291e+00 2.926195e+00
092707.5 49.1254 4.991822e+00 1.435218e-03 -2.085189e+00 5.284057e+00 -1.445514e+00 2.966139e+00
092716.0 49.5003 4.991820e+00 1.423116e-03 -2.104318e+00 5.312246e+00 -1.469465e+00 2.981745e+00
092723.6 49.8746 4.991800e+00 1.415081e-03 -2.103566e+00 5.331672e+00 -1.489611e+00 3.010485e+00
092735.9 50.2499 4.991816e+00 1.406609e-03 -2.106663e+00 5.389576e+00 -1.509578e+00 3.045604e+00
092745.1 50.625 4.991801e+00 1.385699e-03 -2.111642e+00 5.421615e+00 -1.518506e+00 3.079446e+00
092754.3 50.9999 4.991845e+00 1.374131e-03 -2.133735e+00 5.446758e+00 -1.525025e+00 3.092467e+00
092802.8 51.3744 4.991799e+00 1.387857e-03 -2.154935e+00 5.467628e+00 -1.533502e+00 3.105202e+00
092811.7 51.7506 4.991802e+00 1.425273e-03 -2.183370e+00 5.516706e+00 -1.550987e+00 3.141087e+00
092819.5 52.1243 4.991815e+00 1.455929e-03 -2.208096e+00 5.549627e+00 -1.578926e+00 3.175196e+00
092827.3 52.4993 4.991831e+00 1.475430e-03 -2.197604e+00 5.563872e+00 -1.597742e+00 3.178249e+00
092840.3 52.8746 4.991827e+00 1.421794e-03 -2.206733e+00 5.584457e+00 -1.611738e+00 3.187701e+00
092851.9 53.2497 4.991828e+00 1.438379e-03 -2.230218e+00 5.639462e+00 -1.619141e+00 3.231485e+00
092902.5 53.6248 4.991838e+00 1.456528e-03 -2.243451e+00 5.679167e+00 -1.631077e+00 3.262260e+00
092914.7 54.0002 4.991839e+00 1.444086e-03 -2.265546e+00 5.693161e+00 -1.637854e+00 3.266692e+00
092925.0 54.3746 4.991876e+00 1.429490e-03 -2.291407e+00 5.713177e+00 -1.657967e+00 3.270962e+00
092933.9 54.75 4.991815e+00 1.436339e-03 -2.302248e+00 5.742964e+00 -1.673317e+00 3.290278e+00
092945.2 55.125 4.991863e+00 1.426118e-03 -2.299831e+00 5.776998e+00 -1.690425e+00 3.305494e+00
092953.0 55.4998 4.991831e+00 1.398596e-03 -2.312043e+00 5.786770e+00 -1.699951e+00 3.306122e+00
093002.9 55.875 4.991868e+00 1.383660e-03 -2.324475e+00 5.795898e+00 -1.705140e+00 3.318306e+00
093010.7 56.2496 4.991831e+00 1.401994e-03 -2.345410e+00 5.823946e+00 -1.713222e+00 3.344246e+00
093020.0 56.6251 4.991849e+00 1.424448e-03 -2.370051e+00 5.856713e+00 -1.731387e+00 3.360949e+00
093028.5 56.9999 4.991836e+00 1.436851e-03 -2.395427e+00 5.856136e+00 -1.752792e+00 3.359376e+00
093041.8 57.3745 4.991841e+00 1.455234e-03 -2.397723e+00 5.866496e+00 -1.772412e+00 3.365818e+00
093049.9 57.7503 4.991833e+00 1.480716e-03 -2.409072e+00 5.907779e+00 -1.792834e+00 3.386269e+00
093058.3 58.1242 4.991822e+00 1.497751e-03 -2.426482e+00 5.934641e+00 -1.805615e+00 3.405345e+00
093106.8 58.5001 4.991798e+00 1.512244e-03 -2.440436e+00 5.941047e+00 -1.815028e+00 3.401949e+00
093119.5 58.8749 4.991839e+00 1.535547e-03 -2.461335e+00 5.949303e+00 -1.826984e+00 3.402689e+00
093127.3 59.2499 4.991844e+00 1.577771e-03 -2.488658e+00 5.971234e+00 -1.846543e+00 3.425008e+00
093141.3 59.6244 4.991821e+00 1.631355e-03 -2.497843e+00 5.993980e+00 -1.867910e+00 3.436789e+00
093156.9 59.9998 4.991841e+00 1.672379e-03 -2.495997e+00 5.994034e+00 -1.886484e+00 3.434458e+00
093221.1 60.3651 4.991861e+00 1.701062e-03 -2.508238e+00 6.004565e+00 -1.899734e+00 3.432430e+00
093232.3 60.7501 4.991839e+00 1.726141e-03 -2.540531e+00 6.035372e+00 -1.914033e+00 3.451206e+00
093240.6 61.1247 4.991795e+00 1.710370e-03 -2.558457e+00 6.040810e+00 -1.923036e+00 3.458623e+00
093248.1 61.5002 4.991800e+00 1.646784e-03 -2.568053e+00 6.025329e+00 -1.934241e+00 3.436252e+00
093255.9 61.8751 4.991836e+00 1.583842e-03 -2.589606e+00 6.016371e+00 -1.950409e+00 3.421852e+00
093303.4 62.2494 4.991823e+00 1.544591e-03 -2.579586e+00 6.026826e+00 -1.960252e+00 3.418031e+00
093313.4 62.6249 4.991827e+00 1.521796e-03 -2.587011e+00 6.043577e+00 -1.976234e+00 3.423703e+00
093324.0 62.9999 4.991829e+00 1.525227e-03 -2.614375e+00 6.037488e+00 -1.987471e+00 3.398742e+00
093336.6 63.3751 4.991843e+00 1.487615e-03 -2.622843e+00 6.033999e+00 -2.001221e+00 3.383123e+00
093347.9 63.7497 4.991816e+00 1.498986e-03 -2.631049e+00 6.047773e+00 -2.011555e+00 3.403162e+00
093356.5 64.1243 4.991818e+00 1.508372e-03 -2.653330e+00 6.056747e+00 -2.027124e+00 3.411131e+00
093404.3 64.4998 4.991801e+00 1.513406e-03 -2.662463e+00 6.048304e+00 -2.044228e+00 3.387515e+00
093416.2 64.8744 4.991837e+00 1.516511e-03 -2.665729e+00 6.030523e+00 -2.061606e+00 3.362686e+00
093426.5 65.2503 4.991857e+00 1.522167e-03 -2.680367e+00 6.042812e+00 -2.083111e+00 3.361119e+00
093435.0 65.6253 4.991792e+00 1.525130e-03 -2.695848e+00 6.045442e+00 -2.093338e+00 3.356695e+00
093444.6 66.0005 4.991848e+00 1.519120e-03 -2.721030e+00 6.036935e+00 -2.102006e+00 3.337654e+00
093457.2 66.3745 4.991860e+00 1.507059e-03 -2.739970e+00 6.022190e+00 -2.115885e+00 3.323035e+00
093510.9 66.7489 4.991839e+00 1.514366e-03 -2.758762e+00 6.032288e+00 -2.139105e+00 3.329273e+00
093518.8 67.1248 4.991819e+00 1.517902e-03 -2.762965e+00 6.039536e+00 -2.152276e+00 3.313058e+00
093526.7 67.4997 4.991812e+00 1.498537e-03 -2.766749e+00 6.005005e+00 -2.168736e+00 3.281261e+00
093538.6 67.8752 4.991848e+00 1.486422e-03 -2.790888e+00 5.981206e+00 -2.186994e+00 3.253178e+00
093550.2 68.2499 4.991835e+00 1.503348e-03 -2.801106e+00 5.997190e+00 -2.193725e+00 3.245755e+00
093558.7 68.6249 4.991834e+00 1.519861e-03 -2.820228e+00 6.003102e+00 -2.203879e+00 3.232250e+00
093606.9 69 4.991865e+00 1.498429e-03 -2.842789e+00 5.972245e+00 -2.223455e+00 3.200159e+00
093620.8 69.3755 4.991809e+00 1.472195e-03 -2.852818e+00 5.945718e+00 -2.244161e+00 3.174619e+00
093632.1 69.75 4.991834e+00 1.463908e-03 -2.859033e+00 5.940754e+00 -2.256292e+00 3.165700e+00
093640.4 70.1247 4.991854e+00 1.452500e-03 -2.876481e+00 5.936982e+00 -2.270589e+00 3.157606e+00
093650.6 70.5001 4.991832e+00 1.441649e-03 -2.892052e+00 5.898276e+00 -2.276367e+00 3.122490e+00
093659.1 70.8742 4.991851e+00 1.451068e-03 -2.912692e+00 5.888096e+00 -2.284626e+00 3.095863e+00
093706.9 71.2492 4.991848e+00 1.472058e-03 -2.938760e+00 5.893014e+00 -2.298613e+00 3.077854e+00
093715.5 71.6256 4.991830e+00 1.482956e-03 -2.960334e+00 5.886077e+00 -2.322263e+00 3.053757e+00
093725.1 71.9999 4.991803e+00 1.448895e-03 -2.956031e+00 5.848049e+00 -2.334860e+00 3.010869e+00
093736.4 72.3755 4.991829e+00 1.390166e-03 -2.959136e+00 5.809468e+00 -2.350423e+00 2.974537e+00
093744.6 72.7498 4.991841e+00 1.361085e-03 -2.969511e+00 5.789695e+00 -2.357347e+00 2.959939e+00
093752.8 73.1246 4.991809e+00 1.366859e-03 -2.986964e+00 5.774211e+00 -2.370450e+00 2.938044e+00
093804.1 73.5009 4.991843e+00 1.374733e-03 -3.010315e+00 5.735480e+00 -2.380478e+00 2.883955e+00
093816.0 73.8754 4.991868e+00 1.356773e-03 -3.031293e+00 5.708615e+00 -2.398115e+00 2.834033e+00
093823.8 74.2493 4.991832e+00 1.386349e-03 -3.050962e+00 5.712434e+00 -2.419465e+00 2.830385e+00
093834.1 74.6256 4.991805e+00 1.388730e-03 -3.045035e+00 5.708961e+00 -2.431672e+00 2.808624e+00
093846.7 75.0004 4.991836e+00 1.370113e-03 -3.056274e+00 5.662095e+00 -2.447383e+00 2.768592e+00
093855.6 75.3747 4.991828e+00 1.358949e-03 -3.067735e+00 5.623654e+00 -2.454513e+00 2.718512e+00
093905.2 75.7502 4.991798e+00 1.368186e-03 -3.078732e+00 5.602243e+00 -2.461894e+00 2.696646e+00
093913.1 76.1246 4.991856e+00 1.374508e-03 -3.101020e+00 5.576295e+00 -2.475994e+00 2.663477e+00
093920.7 76.5 4.991859e+00 1.364872e-03 -3.129399e+00 5.541945e+00 -2.499527e+00 2.614969e+00
093930.9 76.8752 4.991809e+00 1.354629e-03 -3.133313e+00 5.513621e+00 -2.519305e+00 2.569305e+00
093938.4 77.2497 4.991841e+00 1.347316e-03 -3.138336e+00 5.495042e+00 -2.530816e+00 2.542553e+00
093948.0 77.6252 4.991823e+00 1.337497e-03 -3.157736e+00 5.475298e+00 -2.543642e+00 2.508344e+00
093957.2 78.0003 4.991795e+00 1.332855e-03 -3.161750e+00 5.405468e+00 -2.554832e+00 2.451581e+00
094010.2 78.375 4.991857e+00 1.338452e-03 -3.190469e+00 5.360729e+00 -2.560941e+00 2.395081e+00
094023.9 78.7487 4.991873e+00 1.350081e-03 -3.207760e+00 5.340559e+00 -2.577658e+00 2.363557e+00
094032.4 79.1251 4.991853e+00 1.349812e-03 -3.224163e+00 5.324569e+00 -2.596339e+00 2.329304e+00
094042.6 79.5003 4.991821e+00 1.345653e-03 -3.223393e+00 5.269821e+00 -2.611128e+00 2.267611e+00
094053.2 79.8751 4.991838e+00 1.337219e-03 -3.235163e+00 5.226677e+00 -2.629095e+00 2.217338e+00
094101.7 80.2494 4.991839e+00 1.335471e-03 -3.246143e+00 5.198282e+00 -2.638388e+00 2.186639e+00
094111.3 80.6253 4.991845e+00 1.311498e-03 -3.262440e+00 5.163477e+00 -2.638054e+00 2.145049e+00
094120.1 80.9999 4.991806e+00 1.289465e-03 -3.274899e+00 5.106398e+00 -2.646883e+00 2.078445e+00
094134.1 81.3744 4.991836e+00 1.290438e-03 -3.307637e+00 5.063485e+00 -2.666542e+00 2.017478e+00
094143.3 81.7496 4.991793e+00 1.303895e-03 -3.313921e+00 5.033628e+00 -2.690179e+00 1.978442e+00
094151.1 82.1245 4.991838e+00 1.297621e-03 -3.319883e+00 4.995821e+00 -2.703977e+00 1.932726e+00
094203.7 82.4998 4.991863e+00 1.269257e-03 -3.321824e+00 4.934703e+00 -2.712744e+00 1.859363e+00
094212.6 82.8746 4.991843e+00 1.252671e-03 -3.340780e+00 4.875713e+00 -2.724350e+00 1.806849e+00
094221.1 83.2495 4.991836e+00 1.255087e-03 -3.354929e+00 4.840980e+00 -2.736035e+00 1.767008e+00
094230.7 83.6252 4.991813e+00 1.243834e-03 -3.381812e+00 4.800352e+00 -2.752939e+00 1.719560e+00
094239.2 84.0001 4.991809e+00 1.236885e-03 -3.391994e+00 4.735766e+00 -2.769479e+00 1.641275e+00
094252.6 84.3745 4.991829e+00 1.166165e-03 -3.392058e+00 4.671680e+00 -2.779049e+00 1.556294e+00
094305.6 84.7498 4.991822e+00 1.181498e-03 -3.394989e+00 4.637085e+00 -2.801025e+00 1.523649e+00
094313.4 85.1248 4.991792e+00 1.184762e-03 -3.423410e+00 4.603141e+00 -2.811534e+00 1.478947e+00
094324.0 85.4995 4.991827e+00 1.176607e-03 -3.429816e+00 4.544748e+00 -2.819661e+00 1.405658e+00
094332.9 85.8744 4.991859e+00 1.173568e-03 -3.439462e+00 4.466798e+00 -2.826455e+00 1.334266e+00
094340.7 86.25 4.991826e+00 1.180375e-03 -3.463837e+00 4.427049e+00 -2.846125e+00 1.284958e+00
094349.6 86.6252 4.991836e+00 1.179082e-03 -3.478266e+00 4.376072e+00 -2.863543e+00 1.226863e+00
094358.4 86.9995 4.991838e+00 1.156595e-03 -3.479441e+00 4.307218e+00 -2.882168e+00 1.146322e+00
094409.3 87.375 4.991848e+00 1.119070e-03 -3.493814e+00 4.240488e+00 -2.893980e+00 1.073977e+00
094417.3 87.7498 4.991850e+00 1.096852e-03 -3.509399e+00 4.194566e+00 -2.902720e+00 1.022711e+00
094424.9 88.1253 4.991845e+00 1.082000e-03 -3.525155e+00 4.152528e+00 -2.911761e+00 9.570641e-01
094433.2 88.5002 4.991808e+00 1.091716e-03 -3.546513e+00 4.064528e+00 -2.922932e+00 8.763935e-01
094444.8 88.8746 4.991852e+00 1.135117e-03 -3.577370e+00 3.991255e+00 -2.944490e+00 7.954883e-01
094456.7 89.2497 4.991832e+00 1.194619e-03 -3.574594e+00 3.957017e+00 -2.961798e+00 7.362113e-01
094505.2 89.6246 4.991845e+00 1.214272e-03 -3.588388e+00 3.908383e+00 -2.974234e+00 6.754931e-01
094514.8 90.0005 4.991854e+00 1.197524e-03 -3.595993e+00 3.834397e+00 -2.985594e+00 5.913036e-01
094523.4 90.3753 4.991816e+00 1.180825e-03 -3.616156e+00 3.761737e+00 -2.995717e+00 5.150579e-01
094535.7 90.7505 4.991819e+00 1.171310e-03 -3.628607e+00 3.703991e+00 -3.002365e+00 4.557047e-01
094543.8 91.125 4.991869e+00 1.168184e-03 -3.653812e+00 3.650021e+00 -3.021623e+00 3.912293e-01
094554.1 91.5003 4.991807e+00 1.163548e-03 -3.662936e+00 3.569599e+00 -3.041222e+00 3.012627e-01
094605.0 91.8753 4.991858e+00 1.169025e-03 -3.662441e+00 3.494593e+00 -3.052686e+00 2.121358e-01
094613.5 92.2499 4.991836e+00 1.173148e-03 -3.677668e+00 3.432266e+00 -3.067301e+00 1.453845e-01
094622.4 92.6244 4.991831e+00 1.157112e-03 -3.700233e+00 3.371032e+00 -3.077279e+00 7.368551e-02
094632.6 92.9993 4.991818e+00 1.149754e-03 -3.705386e+00 3.279896e+00 -3.078061e+00 -1.563629e-02
094646.6 93.3744 4.991831e+00 1.164372e-03 -3.723634e+00 3.199654e+00 -3.098328e+00 -1.006484e-01
094658.9 93.7496 4.991823e+00 1.204498e-03 -3.748439e+00 3.142258e+00 -3.120613e+00 -1.704967e-01
094707.1 94.1252 4.991808e+00 1.238679e-03 -3.749578e+00 3.081218e+00 -3.148029e+00 -2.455874e-01
094717.7 94.4998 4.991843e+00 1.261157e-03 -3.761183e+00 2.991538e+00 -3.160711e+00 -3.471900e-01
094727.9 94.8752 4.991825e+00 1.283799e-03 -3.771687e+00 2.910648e+00 -3.173464e+00 -4.307849e-01
094739.5 95.2497 4.991848e+00 1.325284e-03 -3.792575e+00 2.854573e+00 -3.186966e+00 -4.862989e-01
094748.4 95.6251 4.991806e+00 1.364602e-03 -3.823871e+00 2.790109e+00 -3.197698e+00 -5.576080e-01
094757.2 95.9995 4.991814e+00 1.390341e-03 -3.844310e+00 2.702550e+00 -3.217523e+00 -6.598226e-01
094810.2 96.3744 4.991827e+00 1.403297e-03 -3.859229e+00 2.613299e+00 -3.235481e+00 -7.579435e-01
094819.7 96.7502 4.991801e+00 1.411829e-03 -3.856606e+00 2.543754e+00 -3.250332e+00 -8.390529e-01
094827.9 97.1253 4.991798e+00 1.395096e-03 -3.857649e+00 2.467428e+00 -3.262648e+00 -9.217478e-01
094835.7 97.4996 4.991835e+00 1.363277e-03 -3.874933e+00 2.375035e+00 -3.273064e+00 -1.022467e+00
094843.3 97.8749 4.991843e+00 1.343471e-03 -3.895698e+00 2.281586e+00 -3.278929e+00 -1.119622e+00
094855.5 98.2498 4.991823e+00 1.345030e-03 -3.922533e+00 2.215407e+00 -3.290828e+00 -1.196102e+00
094906.4 98.6256 4.991800e+00 1.360690e-03 -3.942839e+00 2.135599e+00 -3.309127e+00 -1.281657e+00
094914.7 99.0005 4.991828e+00 1.366136e-03 -3.940602e+00 2.030050e+00 -3.331142e+00 -1.396527e+00
094956.9 99.3548 4.991823e+00 1.356653e-03 -3.931401e+00 1.934995e+00 -3.342527e+00 -1.495978e+00
095006.1 99.7495 4.991808e+00 1.346069e-03 -3.947186e+00 1.866433e+00 -3.364383e+00 -1.581885e+00
095013.9 100.124 4.991830e+00 1.340120e-03 -3.964654e+00 1.785209e+00 -3.367213e+00 -1.668819e+00
095023.8 100.501 4.991809e+00 1.326461e-03 -3.986513e+00 1.668728e+00 -3.372018e+00 -1.781576e+00
095035.7 100.875 4.991805e+00 1.332611e-03 -4.006749e+00 1.570964e+00 -3.383096e+00 -1.884936e+00
095047.0 101.25 4.991855e+00 1.356335e-03 -4.028190e+00 1.495547e+00 -3.409271e+00 -1.976968e+00
095058.7 101.625 4.991849e+00 1.374357e-03 -4.024166e+00 1.418281e+00 -3.418298e+00 -2.065157e+00
095110.6 102.001 4.991793e+00 1.372304e-03 -4.027212e+00 1.314538e+00 -3.435962e+00 -2.181180e+00
095119.5 102.375 4.991824e+00 1.362424e-03 -4.049944e+00 1.214564e+00 -3.449550e+00 -2.289856e+00
095127.7 102.75 4.991847e+00 1.371341e-03 -4.056379e+00 1.135301e+00 -3.457008e+00 -2.381863e+00
095135.8 103.125 4.991830e+00 1.388285e-03 -4.094121e+00 1.048142e+00 -3.472824e+00 -2.479537e+00
095143.7 103.499 4.991844e+00 1.386674e-03 -4.104962e+00 9.390842e-01 -3.490331e+00 -2.594892e+00
095156.4 103.874 4.991848e+00 1.386154e-03 -4.109289e+00 8.350725e-01 -3.507509e+00 -2.704933e+00
095206.6 104.25 4.991842e+00 1.396345e-03 -4.118917e+00 7.434837e-01 -3.521991e+00 -2.802637e+00
095215.8 104.625 4.991847e+00 1.390799e-03 -4.133855e+00 6.490137e-01 -3.533266e+00 -2.906437e+00
095227.1 105 4.991816e+00 1.373274e-03 -4.140410e+00 5.286558e-01 -3.540294e+00 -3.033526e+00
095241.1 105.375 4.991835e+00 1.364747e-03 -4.162940e+00 4.157441e-01 -3.546607e+00 -3.152810e+00
095254.8 105.749 4.991819e+00 1.387528e-03 -4.186104e+00 3.292970e-01 -3.566391e+00 -3.242082e+00
095303.0 106.125 4.991851e+00 1.414774e-03 -4.196390e+00 2.450526e-01 -3.586034e+00 -3.337351e+00
095314.9 106.5 4.991816e+00 1.423499e-03 -4.201758e+00 1.291790e-01 -3.599983e+00 -3.467303e+00
095322.8 106.874 4.991835e+00 1.428780e-03 -4.205866e+00 1.342403e-02 -3.613799e+00 -3.585595e+00
095331.4 107.25 4.991786e+00 1.441824e-03 -4.230121e+00 -8.117222e-02 -3.629866e+00 -3.692364e+00
095341.2 107.625 4.991822e+00 1.446228e-03 -4.239336e+00 -1.814198e-01 -3.635976e+00 -3.800398e+00
095349.8 108 4.991825e+00 1.445439e-03 -4.255130e+00 -2.970177e-01 -3.653735e+00 -3.933100e+00
095403.4 108.375 4.991772e+00 1.451487e-03 -4.279962e+00 -4.106702e-01 -3.674569e+00 -4.053218e+00
095411.9 108.751 4.991823e+00 1.468579e-03 -4.292156e+00 -5.104021e-01 -3.690980e+00 -4.160097e+00
095419.8 109.124 4.991831e+00 1.479776e-03 -4.292759e+00 -6.105340e-01 -3.705938e+00 -4.274390e+00
095431.1 109.5 4.991792e+00 1.477135e-03 -4.293228e+00 -7.444336e-01 -3.719719e+00 -4.402921e+00
095439.0 109.875 4.991850e+00 1.486101e-03 -4.316425e+00 -8.725127e-01 -3.724787e+00 -4.530704e+00
095446.9 110.25 4.991819e+00 1.502043e-03 -4.339904e+00 -9.565196e-01 -3.737273e+00 -4.643962e+00
095456.5 110.625 4.991839e+00 1.503857e-03 -4.357264e+00 -1.055739e+00 -3.750595e+00 -4.757983e+00
095504.7 111 4.991822e+00 1.476317e-03 -4.372107e+00 -1.192401e+00 -3.767681e+00 -4.894414e+00
095526.4 111.364 4.991841e+00 1.466438e-03 -4.368262e+00 -1.313906e+00 -3.783708e+00 -5.029870e+00
095538.5 111.75 4.991820e+00 1.471996e-03 -4.380908e+00 -1.424319e+00 -3.805542e+00 -5.145788e+00
095546.0 112.125 4.991819e+00 1.477740e-03 -4.395145e+00 -1.528141e+00 -3.819781e+00 -5.265986e+00
095554.9 112.5 4.991797e+00 1.480367e-03 -4.415203e+00 -1.666227e+00 -3.825016e+00 -5.408810e+00
095607.9 112.873 4.991802e+00 1.485547e-03 -4.433918e+00 -1.794955e+00 -3.826544e+00 -5.538845e+00
095619.8 113.25 4.991803e+00 1.500224e-03 -4.449711e+00 -1.899213e+00 -3.845135e+00 -5.657603e+00
095629.3 113.625 4.991851e+00 1.509201e-03 -4.469070e+00 -2.017266e+00 -3.864187e+00 -5.783983e+00
095643.0 114 4.991824e+00 1.486845e-03 -4.466285e+00 -2.154652e+00 -3.880661e+00 -5.919860e+00
095655.3 114.375 4.991805e+00 1.434393e-03 -4.463819e+00 -2.286829e+00 -3.903894e+00 -6.043237e+00
095705.5 114.75 4.991823e+00 1.393601e-03 -4.480139e+00 -2.408579e+00 -3.914620e+00 -6.147520e+00
095714.4 115.125 4.991784e+00 1.350982e-03 -4.495405e+00 -2.527656e+00 -3.927948e+00 -6.259437e+00
095722.9 115.5 4.991824e+00 1.320492e-03 -4.513956e+00 -2.663640e+00 -3.936564e+00 -6.397817e+00
095744.1 115.865 4.991837e+00 1.315511e-03 -4.540996e+00 -2.800054e+00 -3.963067e+00 -6.549520e+00
095753.7 116.25 4.991795e+00 1.343128e-03 -4.537694e+00 -2.902574e+00 -3.985099e+00 -6.670641e+00
095804.6 116.625 4.991807e+00 1.355643e-03 -4.538817e+00 -3.025357e+00 -3.990737e+00 -6.781496e+00
095813.1 117 4.991807e+00 1.342964e-03 -4.548136e+00 -3.174305e+00 -4.009768e+00 -6.937634e+00
095826.8 117.374 4.991807e+00 1.334669e-03 -4.554392e+00 -3.314617e+00 -4.020303e+00 -7.082810e+00
095836.3 117.75 4.991821e+00 1.353908e-03 -4.577705e+00 -3.436911e+00 -4.027471e+00 -7.191584e+00
095847.9 118.124 4.991807e+00 1.364853e-03 -4.607799e+00 -3.554880e+00 -4.053857e+00 -7.321904e+00
095857.5 118.5 4.991852e+00 1.364033e-03 -4.630019e+00 -3.688999e+00 -4.071420e+00 -7.432618e+00
095920.0 118.865 4.991821e+00 1.375948e-03 -4.624693e+00 -3.795580e+00 -4.080888e+00 -7.531441e+00
