% Fogale DL Rail Calibration results.
% DL=3, Date=2016-03-10T09:34:46
% Tunnel Temperature=17.94 oC
% Scan Range: 1.125 - 118.875 mOPL
% Metrology used: ENCODERS
% Sensors: CALIBRATED
% Name=ara
% Comment=
% WPS-Sensor tunnel center: WPS-2D-7D0-011
% WPS-Sensor tunnel end: WPS-2D-7D0-012
% DOMS-Sensor: DOM-7D2-003 S-330
% INCLINOMETER-Sensor: Inclinix
% TIMESTAMP[hhmmss.s] OPL-POSITION[m] DOMS[mm] INCL[rad] WPSTctrY[mm] WPSTctrZ[mm] WPSTendY[mm] WPSTendZ[mm]
093602.5 1.12511 4.991857e+00 1.208543e-03 -1.143701e-01 -7.063563e+00 4.752674e-01 -8.334041e+00
093613.5 1.50017 4.991829e+00 1.185546e-03 -1.227250e-01 -6.895619e+00 4.580508e-01 -8.181832e+00
093624.6 1.87516 4.991834e+00 1.160048e-03 -1.197930e-01 -6.742969e+00 4.562465e-01 -8.035043e+00
093636.4 2.25022 4.991837e+00 1.183156e-03 -1.341274e-01 -6.559771e+00 4.354690e-01 -7.876376e+00
093644.6 2.62527 4.991819e+00 1.244785e-03 -1.558335e-01 -6.403504e+00 4.238231e-01 -7.741439e+00
093652.8 3.00014 4.991838e+00 1.340518e-03 -1.764614e-01 -6.266101e+00 3.899348e-01 -7.625740e+00
093701.1 3.37501 4.991845e+00 1.451133e-03 -1.785485e-01 -6.119975e+00 3.449365e-01 -7.521000e+00
093714.0 3.75096 4.991847e+00 1.543030e-03 -2.042613e-01 -5.957437e+00 3.177655e-01 -7.401544e+00
093721.9 4.12493 4.991816e+00 1.575433e-03 -2.283534e-01 -5.801399e+00 2.971737e-01 -7.266209e+00
093729.9 4.49974 4.991808e+00 1.565694e-03 -2.680405e-01 -5.710406e+00 2.893268e-01 -7.159537e+00
093739.9 4.87524 4.991807e+00 1.556056e-03 -3.085953e-01 -5.578863e+00 2.653389e-01 -7.014167e+00
093750.4 5.25011 4.991795e+00 1.566840e-03 -3.192102e-01 -5.395487e+00 2.319336e-01 -6.863399e+00
093800.9 5.62485 4.991828e+00 1.552502e-03 -3.229823e-01 -5.234312e+00 2.289686e-01 -6.724447e+00
093812.8 5.9999 4.991814e+00 1.520287e-03 -3.179792e-01 -5.109103e+00 2.180108e-01 -6.607277e+00
093823.4 6.37504 4.991810e+00 1.510644e-03 -3.296008e-01 -4.963408e+00 2.010682e-01 -6.464823e+00
093832.8 6.74946 4.991822e+00 1.524820e-03 -3.491082e-01 -4.808337e+00 1.861717e-01 -6.316058e+00
093840.5 7.12439 4.991845e+00 1.544801e-03 -3.533687e-01 -4.678861e+00 1.770762e-01 -6.181620e+00
093850.4 7.50021 4.991836e+00 1.551808e-03 -3.878005e-01 -4.575818e+00 1.564872e-01 -6.064160e+00
093904.1 7.87495 4.991816e+00 1.561236e-03 -4.339179e-01 -4.495856e+00 1.316598e-01 -5.946721e+00
093912.6 8.25064 4.991789e+00 1.576324e-03 -4.334630e-01 -4.361927e+00 1.141564e-01 -5.801353e+00
093925.2 8.62474 4.991835e+00 1.577618e-03 -4.419801e-01 -4.241121e+00 1.033826e-01 -5.665821e+00
093933.6 9.00012 4.991863e+00 1.560147e-03 -4.621203e-01 -4.126393e+00 9.123587e-02 -5.543751e+00
093946.3 9.37453 4.991834e+00 1.544954e-03 -4.834326e-01 -4.010449e+00 8.532114e-02 -5.417132e+00
093959.9 9.74863 4.991817e+00 1.544764e-03 -5.197541e-01 -3.862249e+00 7.672962e-02 -5.278816e+00
094007.6 10.1246 4.991823e+00 1.541794e-03 -5.225380e-01 -3.707853e+00 5.420128e-02 -5.147282e+00
094018.3 10.4994 4.991842e+00 1.529258e-03 -5.280691e-01 -3.596131e+00 3.400419e-02 -5.050460e+00
094030.1 10.8748 4.991825e+00 1.574535e-03 -5.426985e-01 -3.463200e+00 1.032144e-02 -4.934721e+00
094040.4 11.2498 4.991819e+00 1.561392e-03 -5.541246e-01 -3.315986e+00 -5.369392e-03 -4.787340e+00
094051.6 11.6251 4.991813e+00 1.538385e-03 -5.846874e-01 -3.175880e+00 -1.166564e-02 -4.650699e+00
094059.7 11.9999 4.991836e+00 1.523690e-03 -5.958518e-01 -3.067202e+00 -1.550920e-02 -4.545147e+00
094121.9 12.3655 4.991832e+00 1.525284e-03 -6.181447e-01 -2.948771e+00 -2.945694e-02 -4.432953e+00
094135.0 12.7495 4.991828e+00 1.546909e-03 -6.302952e-01 -2.792035e+00 -5.682226e-02 -4.299338e+00
094144.3 13.1248 4.991823e+00 1.572629e-03 -6.367988e-01 -2.657908e+00 -6.958847e-02 -4.180461e+00
094153.3 13.4999 4.991828e+00 1.560782e-03 -6.443030e-01 -2.543365e+00 -8.374572e-02 -4.077898e+00
094204.9 13.8749 4.991810e+00 1.535706e-03 -6.632296e-01 -2.423099e+00 -9.370402e-02 -3.964812e+00
094212.7 14.2496 4.991824e+00 1.522246e-03 -6.767577e-01 -2.281695e+00 -9.604991e-02 -3.837716e+00
094220.8 14.6249 4.991812e+00 1.511261e-03 -7.043459e-01 -2.149177e+00 -1.003176e-01 -3.707719e+00
094229.1 14.9997 4.991834e+00 1.511815e-03 -7.298495e-01 -2.053398e+00 -1.236441e-01 -3.607966e+00
094242.4 15.3741 4.991837e+00 1.542560e-03 -7.467571e-01 -1.948519e+00 -1.496529e-01 -3.495830e+00
094250.5 15.7495 4.991861e+00 1.581158e-03 -7.455468e-01 -1.794337e+00 -1.731888e-01 -3.371600e+00
094259.1 16.1245 4.991805e+00 1.611610e-03 -7.649523e-01 -1.656666e+00 -1.951448e-01 -3.248708e+00
094310.5 16.5 4.991864e+00 1.635349e-03 -7.823331e-01 -1.553543e+00 -1.969785e-01 -3.145153e+00
094323.5 16.8739 4.991867e+00 1.671524e-03 -8.036886e-01 -1.439862e+00 -2.164923e-01 -3.035213e+00
094333.3 17.2494 4.991817e+00 1.720750e-03 -8.382367e-01 -1.309519e+00 -2.350767e-01 -2.904437e+00
094344.4 17.6251 4.991851e+00 1.757272e-03 -8.605382e-01 -1.186843e+00 -2.543455e-01 -2.780858e+00
094355.3 18 4.991848e+00 1.807003e-03 -8.622595e-01 -1.081892e+00 -2.727614e-01 -2.682776e+00
094407.3 18.375 4.991843e+00 1.874611e-03 -8.735863e-01 -9.700234e-01 -2.961087e-01 -2.580109e+00
094420.4 18.7495 4.991823e+00 1.926396e-03 -8.845748e-01 -8.279842e-01 -3.125683e-01 -2.460693e+00
094428.0 19.1251 4.991782e+00 1.925319e-03 -9.063856e-01 -7.023613e-01 -3.220998e-01 -2.347752e+00
094435.9 19.4997 4.991884e+00 1.882062e-03 -9.261255e-01 -6.058854e-01 -3.286094e-01 -2.256330e+00
094444.2 19.8748 4.991831e+00 1.819766e-03 -9.446244e-01 -4.824597e-01 -3.432220e-01 -2.161287e+00
094455.4 20.2506 4.991815e+00 1.768870e-03 -9.565205e-01 -3.927412e-01 -3.635263e-01 -2.054104e+00
094504.6 20.6259 4.991820e+00 1.722520e-03 -9.589088e-01 -2.892054e-01 -3.746816e-01 -1.948014e+00
094513.6 21 4.991835e+00 1.655323e-03 -9.656457e-01 -2.047655e-01 -3.837111e-01 -1.873418e+00
094526.4 21.3747 4.991836e+00 1.605061e-03 -9.713173e-01 -1.025000e-01 -4.026418e-01 -1.784371e+00
094540.3 21.75 4.991829e+00 1.578951e-03 -9.829386e-01 1.740705e-02 -4.042218e-01 -1.667355e+00
094549.1 22.125 4.991835e+00 1.545897e-03 -1.004423e+00 1.265769e-01 -4.164454e-01 -1.565839e+00
094557.9 22.4998 4.991836e+00 1.527302e-03 -1.026336e+00 2.184932e-01 -4.352762e-01 -1.484054e+00
094605.9 22.8747 4.991831e+00 1.534773e-03 -1.029106e+00 3.088787e-01 -4.507146e-01 -1.402454e+00
094617.0 23.2502 4.991845e+00 1.556408e-03 -1.037570e+00 4.228298e-01 -4.689618e-01 -1.302555e+00
094633.1 23.6249 4.991815e+00 1.550554e-03 -1.056390e+00 5.291379e-01 -4.800083e-01 -1.200954e+00
094641.4 23.9997 4.991816e+00 1.528785e-03 -1.072720e+00 6.171935e-01 -4.868943e-01 -1.118652e+00
094654.2 24.3738 4.991851e+00 1.514705e-03 -1.084524e+00 7.187079e-01 -4.980121e-01 -1.027378e+00
094704.6 24.7494 4.991845e+00 1.519802e-03 -1.110631e+00 8.388289e-01 -5.154855e-01 -9.171828e-01
094712.3 25.1247 4.991834e+00 1.518432e-03 -1.126818e+00 9.488154e-01 -5.376116e-01 -8.208720e-01
094720.0 25.5 4.991836e+00 1.514959e-03 -1.131494e+00 1.022249e+00 -5.486788e-01 -7.465798e-01
094731.5 25.8751 4.991827e+00 1.511013e-03 -1.151625e+00 1.111089e+00 -5.705554e-01 -6.687584e-01
094744.1 26.2501 4.991829e+00 1.517882e-03 -1.176110e+00 1.224274e+00 -5.833307e-01 -5.615926e-01
094759.7 26.6255 4.991854e+00 1.520021e-03 -1.192765e+00 1.336249e+00 -5.877798e-01 -4.704546e-01
094808.3 26.9998 4.991806e+00 1.503330e-03 -1.213417e+00 1.405731e+00 -6.022694e-01 -3.967838e-01
094817.0 27.3745 4.991842e+00 1.493704e-03 -1.236156e+00 1.484797e+00 -6.262074e-01 -3.190268e-01
094826.6 27.75 4.991785e+00 1.493418e-03 -1.233023e+00 1.592547e+00 -6.405908e-01 -2.254989e-01
094837.6 28.1257 4.991867e+00 1.502561e-03 -1.234052e+00 1.691747e+00 -6.568538e-01 -1.404160e-01
094847.7 28.5001 4.991827e+00 1.498056e-03 -1.254706e+00 1.764562e+00 -6.747747e-01 -6.562498e-02
094855.4 28.8743 4.991797e+00 1.502521e-03 -1.267898e+00 1.852981e+00 -6.830915e-01 1.049705e-02
094907.8 29.25 4.991854e+00 1.519436e-03 -1.301176e+00 1.960355e+00 -6.965624e-01 9.854938e-02
094918.1 29.6261 4.991800e+00 1.508740e-03 -1.318828e+00 2.059431e+00 -7.165336e-01 1.830525e-01
094927.1 29.9999 4.991858e+00 1.490823e-03 -1.327994e+00 2.122145e+00 -7.339380e-01 2.441767e-01
094940.2 30.3747 4.991863e+00 1.505732e-03 -1.332209e+00 2.207066e+00 -7.525522e-01 3.160047e-01
094953.7 30.75 4.991807e+00 1.539882e-03 -1.346448e+00 2.308678e+00 -7.744251e-01 4.057854e-01
095001.2 31.1245 4.991795e+00 1.581247e-03 -1.373404e+00 2.397730e+00 -7.876017e-01 4.932147e-01
095013.4 31.4997 4.991818e+00 1.608130e-03 -1.386805e+00 2.469910e+00 -7.967231e-01 5.490093e-01
095025.6 31.8745 4.991843e+00 1.593269e-03 -1.420209e+00 2.541177e+00 -8.059528e-01 6.187727e-01
095034.0 32.2497 4.991839e+00 1.607439e-03 -1.446217e+00 2.641313e+00 -8.278669e-01 7.121827e-01
095043.2 32.6251 4.991849e+00 1.610402e-03 -1.445324e+00 2.737752e+00 -8.480913e-01 7.865256e-01
095051.9 33 4.991822e+00 1.572630e-03 -1.447063e+00 2.794399e+00 -8.549497e-01 8.355876e-01
095105.3 33.3752 4.991843e+00 1.514585e-03 -1.458683e+00 2.855718e+00 -8.707394e-01 8.949938e-01
095113.9 33.7499 4.991815e+00 1.478634e-03 -1.479650e+00 2.937677e+00 -8.764202e-01 9.700590e-01
095122.4 34.1248 4.991819e+00 1.456834e-03 -1.500779e+00 3.015998e+00 -8.803051e-01 1.044191e+00
095133.6 34.5 4.991834e+00 1.434793e-03 -1.521558e+00 3.075350e+00 -8.957061e-01 1.099244e+00
095141.1 34.8748 4.991871e+00 1.419328e-03 -1.531498e+00 3.144184e+00 -9.187495e-01 1.161388e+00
095148.7 35.2501 4.991821e+00 1.430023e-03 -1.526235e+00 3.231112e+00 -9.381838e-01 1.233873e+00
095158.0 35.6251 4.991858e+00 1.441447e-03 -1.540834e+00 3.301318e+00 -9.544136e-01 1.304825e+00
095207.3 36.0004 4.991805e+00 1.420146e-03 -1.552749e+00 3.355713e+00 -9.648470e-01 1.351073e+00
095220.4 36.3744 4.991837e+00 1.396897e-03 -1.567496e+00 3.408763e+00 -9.692817e-01 1.405489e+00
095229.3 36.7491 4.991839e+00 1.376662e-03 -1.597627e+00 3.503238e+00 -9.823687e-01 1.478807e+00
095239.8 37.1254 4.991828e+00 1.353645e-03 -1.619874e+00 3.582396e+00 -1.001154e+00 1.548165e+00
095247.5 37.4997 4.991825e+00 1.342766e-03 -1.620967e+00 3.635907e+00 -1.018711e+00 1.589435e+00
095258.7 37.8747 4.991803e+00 1.360758e-03 -1.621005e+00 3.691933e+00 -1.034796e+00 1.642244e+00
095308.7 38.2496 4.991842e+00 1.392659e-03 -1.640213e+00 3.776178e+00 -1.052794e+00 1.712260e+00
095317.2 38.6242 4.991837e+00 1.425970e-03 -1.657512e+00 3.855688e+00 -1.061714e+00 1.777653e+00
095327.8 39.0001 4.991821e+00 1.435131e-03 -1.673063e+00 3.907343e+00 -1.065399e+00 1.823304e+00
095340.8 39.3744 4.991829e+00 1.437007e-03 -1.707181e+00 3.967997e+00 -1.082934e+00 1.869034e+00
095350.6 39.7505 4.991839e+00 1.436852e-03 -1.729155e+00 4.038209e+00 -1.104690e+00 1.933709e+00
095358.6 40.1248 4.991850e+00 1.433987e-03 -1.736373e+00 4.104486e+00 -1.124522e+00 1.987831e+00
095410.2 40.4999 4.991800e+00 1.411165e-03 -1.732491e+00 4.152672e+00 -1.141161e+00 2.025199e+00
095421.2 40.8745 4.991879e+00 1.393018e-03 -1.753590e+00 4.193462e+00 -1.151726e+00 2.076026e+00
095429.8 41.2499 4.991878e+00 1.397225e-03 -1.775397e+00 4.274304e+00 -1.156232e+00 2.139058e+00
095438.9 41.625 4.991826e+00 1.399086e-03 -1.799885e+00 4.339008e+00 -1.165252e+00 2.200050e+00
095448.0 42.0004 4.991834e+00 1.394539e-03 -1.817209e+00 4.385738e+00 -1.179089e+00 2.220645e+00
095500.6 42.3751 4.991807e+00 1.426026e-03 -1.827564e+00 4.437436e+00 -1.205767e+00 2.260655e+00
095511.4 42.7495 4.991842e+00 1.427851e-03 -1.826649e+00 4.498269e+00 -1.219410e+00 2.330949e+00
095519.7 43.1243 4.991842e+00 1.426224e-03 -1.834767e+00 4.561239e+00 -1.227922e+00 2.384943e+00
095527.3 43.4994 4.991857e+00 1.412826e-03 -1.850746e+00 4.597442e+00 -1.243409e+00 2.415351e+00
095539.3 43.8748 4.991845e+00 1.402807e-03 -1.871398e+00 4.632977e+00 -1.247715e+00 2.456613e+00
095547.5 44.2506 4.991826e+00 1.408633e-03 -1.897613e+00 4.700880e+00 -1.266371e+00 2.508014e+00
095555.9 44.6251 4.991830e+00 1.408931e-03 -1.921019e+00 4.752523e+00 -1.292007e+00 2.550178e+00
095604.4 44.9999 4.991873e+00 1.411042e-03 -1.924898e+00 4.795924e+00 -1.306203e+00 2.575181e+00
095618.1 45.3741 4.991823e+00 1.423261e-03 -1.922439e+00 4.840122e+00 -1.323003e+00 2.606128e+00
095630.7 45.75 4.991805e+00 1.444169e-03 -1.941733e+00 4.905151e+00 -1.331307e+00 2.658267e+00
095641.1 46.1253 4.991843e+00 1.456576e-03 -1.962421e+00 4.964836e+00 -1.341594e+00 2.710732e+00
095650.1 46.5001 4.991829e+00 1.449415e-03 -1.967737e+00 4.984341e+00 -1.346249e+00 2.731560e+00
095658.4 46.8743 4.991799e+00 1.445360e-03 -1.998962e+00 5.009701e+00 -1.370605e+00 2.756447e+00
095720.5 47.2409 4.991865e+00 1.449079e-03 -2.008304e+00 5.082707e+00 -1.389669e+00 2.804184e+00
095733.7 47.6246 4.991841e+00 1.475638e-03 -2.012595e+00 5.143070e+00 -1.412094e+00 2.844541e+00
095742.4 48 4.991837e+00 1.467423e-03 -2.022222e+00 5.167783e+00 -1.422691e+00 2.858765e+00
095754.3 48.3747 4.991774e+00 1.444712e-03 -2.048550e+00 5.199593e+00 -1.432703e+00 2.888099e+00
095802.7 48.7497 4.991838e+00 1.436811e-03 -2.062279e+00 5.247032e+00 -1.437710e+00 2.932979e+00
095810.3 49.1247 4.991794e+00 1.433951e-03 -2.092430e+00 5.286553e+00 -1.447220e+00 2.973725e+00
095818.0 49.5003 4.991881e+00 1.420438e-03 -2.111958e+00 5.315525e+00 -1.472281e+00 2.988393e+00
095826.7 49.875 4.991839e+00 1.413472e-03 -2.105008e+00 5.343887e+00 -1.492724e+00 3.015557e+00
095838.0 50.2496 4.991850e+00 1.403830e-03 -2.105778e+00 5.393767e+00 -1.513108e+00 3.051628e+00
095847.2 50.6253 4.991843e+00 1.382980e-03 -2.119522e+00 5.428873e+00 -1.521396e+00 3.086318e+00
095856.8 50.9997 4.991841e+00 1.372510e-03 -2.131511e+00 5.448758e+00 -1.526070e+00 3.098939e+00
095909.7 51.3745 4.991834e+00 1.386685e-03 -2.150496e+00 5.474513e+00 -1.536601e+00 3.110666e+00
095931.2 51.7404 4.991800e+00 1.421265e-03 -2.183363e+00 5.517314e+00 -1.549433e+00 3.146999e+00
095939.7 52.125 4.991801e+00 1.455069e-03 -2.211122e+00 5.555403e+00 -1.582294e+00 3.181625e+00
095947.8 52.4994 4.991824e+00 1.474766e-03 -2.205122e+00 5.572084e+00 -1.599680e+00 3.185093e+00
095959.9 52.8741 4.991811e+00 1.419849e-03 -2.209914e+00 5.587258e+00 -1.613449e+00 3.194071e+00
100010.7 53.2501 4.991843e+00 1.435609e-03 -2.229929e+00 5.648340e+00 -1.621286e+00 3.237880e+00
100024.0 53.6244 4.991837e+00 1.451389e-03 -2.243836e+00 5.681353e+00 -1.632308e+00 3.268278e+00
100032.2 53.9997 4.991854e+00 1.442876e-03 -2.271818e+00 5.693740e+00 -1.639840e+00 3.273442e+00
100043.4 54.375 4.991839e+00 1.428701e-03 -2.296841e+00 5.719693e+00 -1.659463e+00 3.277852e+00
100052.4 54.7505 4.991820e+00 1.432639e-03 -2.303956e+00 5.748179e+00 -1.676555e+00 3.296207e+00
100104.2 55.1249 4.991812e+00 1.425456e-03 -2.300509e+00 5.782820e+00 -1.693379e+00 3.311722e+00
100112.7 55.4997 4.991821e+00 1.398075e-03 -2.317765e+00 5.786673e+00 -1.702630e+00 3.313045e+00
100121.2 55.8746 4.991837e+00 1.383895e-03 -2.324902e+00 5.803309e+00 -1.709254e+00 3.324466e+00
100128.9 56.2495 4.991843e+00 1.400607e-03 -2.340128e+00 5.833777e+00 -1.717922e+00 3.349252e+00
100138.7 56.6251 4.991845e+00 1.421198e-03 -2.371533e+00 5.861689e+00 -1.735487e+00 3.367659e+00
100150.8 57 4.991814e+00 1.436090e-03 -2.397900e+00 5.861626e+00 -1.755797e+00 3.366436e+00
100203.6 57.3742 4.991838e+00 1.454037e-03 -2.400832e+00 5.866637e+00 -1.774473e+00 3.372377e+00
100212.0 57.7501 4.991822e+00 1.479942e-03 -2.409351e+00 5.916656e+00 -1.796846e+00 3.392220e+00
100219.8 58.1246 4.991828e+00 1.494680e-03 -2.421908e+00 5.944733e+00 -1.809797e+00 3.410693e+00
100230.7 58.5005 4.991820e+00 1.511960e-03 -2.444689e+00 5.949486e+00 -1.819189e+00 3.408413e+00
100242.4 58.8746 4.991817e+00 1.535536e-03 -2.469080e+00 5.951696e+00 -1.828102e+00 3.409449e+00
100250.2 59.2496 4.991819e+00 1.577641e-03 -2.484299e+00 5.979629e+00 -1.850375e+00 3.429740e+00
100301.9 59.6249 4.991847e+00 1.629160e-03 -2.499393e+00 6.000130e+00 -1.871510e+00 3.443197e+00
100314.0 59.9997 4.991839e+00 1.673261e-03 -2.504303e+00 6.000921e+00 -1.891573e+00 3.440207e+00
100337.7 60.3649 4.991836e+00 1.698595e-03 -2.511001e+00 6.012707e+00 -1.903701e+00 3.438704e+00
100346.1 60.75 4.991857e+00 1.724252e-03 -2.540806e+00 6.040556e+00 -1.916150e+00 3.457075e+00
100353.9 61.1255 4.991847e+00 1.710950e-03 -2.559241e+00 6.049933e+00 -1.927202e+00 3.464629e+00
100401.5 61.5004 4.991859e+00 1.644954e-03 -2.569073e+00 6.030092e+00 -1.938123e+00 3.441819e+00
100410.0 61.8752 4.991826e+00 1.582207e-03 -2.590048e+00 6.022534e+00 -1.954446e+00 3.427911e+00
100418.1 62.2494 4.991841e+00 1.543722e-03 -2.582421e+00 6.032582e+00 -1.964024e+00 3.424403e+00
100427.1 62.6251 4.991874e+00 1.520853e-03 -2.589971e+00 6.053544e+00 -1.980955e+00 3.429174e+00
100438.5 62.9999 4.991807e+00 1.523120e-03 -2.615570e+00 6.044878e+00 -1.991599e+00 3.405464e+00
100451.2 63.3747 4.991851e+00 1.486991e-03 -2.620788e+00 6.042474e+00 -2.005101e+00 3.388701e+00
100500.4 63.7493 4.991808e+00 1.497091e-03 -2.637252e+00 6.055618e+00 -2.014169e+00 3.409676e+00
100508.1 64.1248 4.991827e+00 1.506823e-03 -2.657225e+00 6.064606e+00 -2.029921e+00 3.417153e+00
100516.1 64.4998 4.991820e+00 1.512087e-03 -2.663366e+00 6.049846e+00 -2.046970e+00 3.394044e+00
100527.5 64.8747 4.991871e+00 1.515750e-03 -2.675018e+00 6.036176e+00 -2.065182e+00 3.369846e+00
100539.5 65.2499 4.991808e+00 1.521011e-03 -2.690080e+00 6.047770e+00 -2.086554e+00 3.369481e+00
100550.1 65.6258 4.991824e+00 1.523847e-03 -2.700208e+00 6.049176e+00 -2.097898e+00 3.362363e+00
100558.0 65.9998 4.991877e+00 1.519247e-03 -2.727218e+00 6.041066e+00 -2.104067e+00 3.344478e+00
100611.0 66.375 4.991848e+00 1.506042e-03 -2.743480e+00 6.025005e+00 -2.118782e+00 3.330123e+00
100623.9 66.7498 4.991816e+00 1.512100e-03 -2.768312e+00 6.038613e+00 -2.143209e+00 3.335727e+00
100631.8 67.1248 4.991844e+00 1.517618e-03 -2.767541e+00 6.045866e+00 -2.157033e+00 3.319161e+00
100640.0 67.4999 4.991836e+00 1.496191e-03 -2.770211e+00 6.008034e+00 -2.171556e+00 3.287221e+00
100654.7 67.8747 4.991857e+00 1.486884e-03 -2.798907e+00 5.983205e+00 -2.190185e+00 3.260661e+00
100702.7 68.2496 4.991850e+00 1.503527e-03 -2.800982e+00 6.001808e+00 -2.196961e+00 3.251414e+00
100712.6 68.6253 4.991813e+00 1.516927e-03 -2.823590e+00 6.004164e+00 -2.206128e+00 3.238360e+00
100723.5 69.0002 4.991836e+00 1.498379e-03 -2.847536e+00 5.976578e+00 -2.228691e+00 3.206527e+00
100736.2 69.3749 4.991881e+00 1.470075e-03 -2.855991e+00 5.950968e+00 -2.247975e+00 3.179517e+00
100744.4 69.7497 4.991841e+00 1.462967e-03 -2.868083e+00 5.945452e+00 -2.259592e+00 3.173164e+00
100752.5 70.1247 4.991807e+00 1.449350e-03 -2.877773e+00 5.943055e+00 -2.273824e+00 3.163855e+00
100801.1 70.4997 4.991853e+00 1.441557e-03 -2.892602e+00 5.908177e+00 -2.281902e+00 3.127661e+00
100813.4 70.8748 4.991816e+00 1.449903e-03 -2.905936e+00 5.892084e+00 -2.286912e+00 3.101510e+00
100822.2 71.2503 4.991812e+00 1.470395e-03 -2.935269e+00 5.901130e+00 -2.302455e+00 3.083523e+00
100831.5 71.6254 4.991818e+00 1.482163e-03 -2.954475e+00 5.892955e+00 -2.327365e+00 3.058971e+00
100840.9 71.9997 4.991827e+00 1.447719e-03 -2.953985e+00 5.851684e+00 -2.338669e+00 3.016522e+00
100854.4 72.3748 4.991803e+00 1.388541e-03 -2.955763e+00 5.813463e+00 -2.352813e+00 2.980559e+00
100917.4 72.7399 4.991849e+00 1.359536e-03 -2.961085e+00 5.796722e+00 -2.357929e+00 2.965104e+00
100925.7 73.1243 4.991842e+00 1.366775e-03 -2.988857e+00 5.779830e+00 -2.373977e+00 2.943659e+00
100934.1 73.4996 4.991831e+00 1.374999e-03 -3.013633e+00 5.740259e+00 -2.382437e+00 2.889923e+00
100945.8 73.8746 4.991819e+00 1.357796e-03 -3.035497e+00 5.713883e+00 -2.400470e+00 2.840454e+00
100957.7 74.2498 4.991828e+00 1.384461e-03 -3.046700e+00 5.719065e+00 -2.424186e+00 2.834636e+00
101021.0 74.6152 4.991827e+00 1.388112e-03 -3.049686e+00 5.710446e+00 -2.432477e+00 2.816541e+00
101032.3 74.9994 4.991841e+00 1.368600e-03 -3.061853e+00 5.666325e+00 -2.450582e+00 2.774535e+00
101048.4 75.3747 4.991812e+00 1.358988e-03 -3.076474e+00 5.629292e+00 -2.456939e+00 2.725795e+00
101102.0 75.7502 4.991786e+00 1.368079e-03 -3.091775e+00 5.606945e+00 -2.466477e+00 2.703588e+00
101110.0 76.125 4.991829e+00 1.371638e-03 -3.103931e+00 5.583026e+00 -2.480381e+00 2.668941e+00
101118.0 76.5001 4.991848e+00 1.363581e-03 -3.135655e+00 5.544814e+00 -2.502962e+00 2.621453e+00
101126.6 76.8743 4.991808e+00 1.353936e-03 -3.136957e+00 5.514336e+00 -2.520631e+00 2.575873e+00
101134.1 77.2497 4.991787e+00 1.348196e-03 -3.141972e+00 5.502243e+00 -2.534575e+00 2.547952e+00
101143.6 77.6253 4.991832e+00 1.335461e-03 -3.158814e+00 5.484376e+00 -2.548784e+00 2.513946e+00
101152.1 78.0005 4.991837e+00 1.330765e-03 -3.174399e+00 5.407313e+00 -2.556862e+00 2.458383e+00
101205.1 78.3751 4.991849e+00 1.336611e-03 -3.191285e+00 5.362446e+00 -2.563297e+00 2.401566e+00
101217.5 78.7498 4.991832e+00 1.346614e-03 -3.212586e+00 5.347984e+00 -2.581124e+00 2.369017e+00
101225.4 79.1245 4.991847e+00 1.349478e-03 -3.233390e+00 5.329318e+00 -2.600069e+00 2.335820e+00
101233.7 79.4996 4.991860e+00 1.344048e-03 -3.221223e+00 5.279449e+00 -2.614968e+00 2.272414e+00
101244.4 79.8748 4.991811e+00 1.337493e-03 -3.238607e+00 5.232020e+00 -2.632381e+00 2.222899e+00
101252.4 80.2499 4.991800e+00 1.333888e-03 -3.256305e+00 5.200225e+00 -2.641017e+00 2.192154e+00
101301.7 80.6259 4.991850e+00 1.311540e-03 -3.263229e+00 5.169609e+00 -2.643782e+00 2.150657e+00
101310.8 81 4.991824e+00 1.288565e-03 -3.278790e+00 5.111201e+00 -2.650493e+00 2.083489e+00
101325.0 81.3748 4.991838e+00 1.288353e-03 -3.306639e+00 5.063633e+00 -2.668418e+00 2.022503e+00
101333.2 81.7498 4.991832e+00 1.303812e-03 -3.312580e+00 5.041436e+00 -2.694400e+00 1.982867e+00
101341.6 82.1248 4.991808e+00 1.296616e-03 -3.324866e+00 5.001599e+00 -2.707758e+00 1.937716e+00
101352.1 82.5003 4.991844e+00 1.267218e-03 -3.323523e+00 4.939858e+00 -2.716277e+00 1.864403e+00
101400.7 82.8744 4.991809e+00 1.251589e-03 -3.337192e+00 4.880118e+00 -2.727775e+00 1.810738e+00
101409.0 83.2501 4.991822e+00 1.253526e-03 -3.366534e+00 4.843190e+00 -2.739323e+00 1.773373e+00
101417.1 83.6253 4.991826e+00 1.246203e-03 -3.382591e+00 4.800686e+00 -2.754911e+00 1.725014e+00
101425.4 84.0001 4.991805e+00 1.233167e-03 -3.397546e+00 4.736822e+00 -2.772072e+00 1.647174e+00
101439.0 84.3739 4.991830e+00 1.165927e-03 -3.401363e+00 4.674678e+00 -2.782279e+00 1.562865e+00
101451.7 84.7498 4.991848e+00 1.180275e-03 -3.404843e+00 4.636221e+00 -2.803409e+00 1.529418e+00
101500.6 85.1248 4.991817e+00 1.185398e-03 -3.424559e+00 4.608725e+00 -2.816774e+00 1.483481e+00
101508.9 85.4995 4.991808e+00 1.177053e-03 -3.437815e+00 4.545510e+00 -2.821679e+00 1.411203e+00
101518.8 85.8751 4.991837e+00 1.172841e-03 -3.441982e+00 4.472303e+00 -2.830504e+00 1.338836e+00
101528.5 86.2498 4.991804e+00 1.179809e-03 -3.474643e+00 4.429265e+00 -2.849250e+00 1.290713e+00
101537.6 86.6249 4.991834e+00 1.178245e-03 -3.478482e+00 4.383188e+00 -2.867881e+00 1.231819e+00
101545.8 87.0004 4.991856e+00 1.153805e-03 -3.486954e+00 4.308798e+00 -2.884333e+00 1.151471e+00
101558.2 87.3749 4.991838e+00 1.118736e-03 -3.500307e+00 4.247229e+00 -2.898330e+00 1.078048e+00
101606.5 87.7502 4.991841e+00 1.094056e-03 -3.513479e+00 4.201087e+00 -2.907393e+00 1.027321e+00
101616.7 88.1256 4.991819e+00 1.082369e-03 -3.534561e+00 4.151690e+00 -2.914007e+00 9.634252e-01
101625.0 88.5004 4.991820e+00 1.088977e-03 -3.548682e+00 4.068191e+00 -2.925935e+00 8.808262e-01
101635.8 88.8748 4.991812e+00 1.135860e-03 -3.573107e+00 3.995700e+00 -2.947114e+00 7.996791e-01
101647.1 89.2495 4.991845e+00 1.194423e-03 -3.587046e+00 3.958053e+00 -2.965017e+00 7.426688e-01
101655.0 89.6253 4.991831e+00 1.212252e-03 -3.585176e+00 3.915534e+00 -2.980236e+00 6.800161e-01
101703.3 90 4.991839e+00 1.196743e-03 -3.595644e+00 3.842336e+00 -2.990806e+00 5.948683e-01
101712.7 90.3752 4.991809e+00 1.178085e-03 -3.616207e+00 3.762145e+00 -2.997475e+00 5.205320e-01
101721.1 90.7494 4.991789e+00 1.168820e-03 -3.628948e+00 3.710731e+00 -3.006251e+00 4.596285e-01
101729.2 91.1248 4.991834e+00 1.167392e-03 -3.653974e+00 3.658728e+00 -3.027304e+00 3.945354e-01
101737.0 91.4996 4.991810e+00 1.163121e-03 -3.672579e+00 3.570528e+00 -3.044593e+00 3.068887e-01
101744.7 91.8746 4.991832e+00 1.168009e-03 -3.667736e+00 3.495109e+00 -3.055397e+00 2.172077e-01
101754.7 92.2499 4.991832e+00 1.171157e-03 -3.682054e+00 3.440797e+00 -3.074009e+00 1.486067e-01
101803.5 92.6249 4.991815e+00 1.158122e-03 -3.699105e+00 3.372370e+00 -3.078364e+00 7.834892e-02
101811.6 92.9999 4.991844e+00 1.149706e-03 -3.711565e+00 3.282584e+00 -3.083330e+00 -1.060200e-02
101825.5 93.3744 4.991862e+00 1.163321e-03 -3.735943e+00 3.202512e+00 -3.103302e+00 -9.760494e-02
101834.5 93.7504 4.991822e+00 1.204600e-03 -3.746566e+00 3.147791e+00 -3.126145e+00 -1.665298e-01
101843.2 94.1248 4.991819e+00 1.238499e-03 -3.751381e+00 3.081670e+00 -3.151328e+00 -2.402194e-01
101850.8 94.4993 4.991825e+00 1.260591e-03 -3.760988e+00 2.996291e+00 -3.165603e+00 -3.434032e-01
101858.7 94.8748 4.991824e+00 1.281824e-03 -3.780682e+00 2.914079e+00 -3.177430e+00 -4.265017e-01
101910.4 95.2499 4.991826e+00 1.323481e-03 -3.790980e+00 2.857790e+00 -3.189828e+00 -4.815621e-01
101918.8 95.6244 4.991828e+00 1.361671e-03 -3.818678e+00 2.797409e+00 -3.203002e+00 -5.542502e-01
101927.5 96 4.991785e+00 1.392032e-03 -3.846270e+00 2.705688e+00 -3.220412e+00 -6.567147e-01
101938.0 96.3747 4.991843e+00 1.403613e-03 -3.860862e+00 2.614641e+00 -3.237228e+00 -7.521039e-01
101946.9 96.75 4.991806e+00 1.411758e-03 -3.861577e+00 2.546516e+00 -3.252660e+00 -8.347951e-01
101955.0 97.1252 4.991821e+00 1.394294e-03 -3.863903e+00 2.469915e+00 -3.266472e+00 -9.192952e-01
102003.4 97.5 4.991853e+00 1.360918e-03 -3.876807e+00 2.378012e+00 -3.276805e+00 -1.018439e+00
102013.0 97.8755 4.991850e+00 1.342042e-03 -3.899251e+00 2.284712e+00 -3.282136e+00 -1.116469e+00
102022.8 98.2498 4.991823e+00 1.343708e-03 -3.928153e+00 2.214295e+00 -3.291729e+00 -1.191969e+00
102031.5 98.6249 4.991850e+00 1.360501e-03 -3.941855e+00 2.143373e+00 -3.315343e+00 -1.279395e+00
102041.8 99.0001 4.991830e+00 1.364405e-03 -3.943396e+00 2.032493e+00 -3.334698e+00 -1.393328e+00
102053.7 99.3741 4.991860e+00 1.354972e-03 -3.946251e+00 1.934273e+00 -3.350552e+00 -1.497587e+00
102102.6 99.75 4.991805e+00 1.345101e-03 -3.948912e+00 1.867476e+00 -3.365913e+00 -1.578425e+00
102110.7 100.125 4.991821e+00 1.338321e-03 -3.970419e+00 1.790451e+00 -3.373551e+00 -1.667259e+00
102119.5 100.5 4.991845e+00 1.325172e-03 -3.979914e+00 1.674375e+00 -3.375830e+00 -1.777964e+00
102132.4 100.874 4.991818e+00 1.330092e-03 -4.008156e+00 1.576660e+00 -3.388951e+00 -1.882216e+00
102143.3 101.25 4.991826e+00 1.355266e-03 -4.026919e+00 1.497554e+00 -3.412364e+00 -1.973715e+00
102151.7 101.625 4.991847e+00 1.374674e-03 -4.031493e+00 1.418167e+00 -3.422021e+00 -2.061752e+00
102159.9 102.001 4.991829e+00 1.370882e-03 -4.034711e+00 1.311212e+00 -3.437547e+00 -2.174844e+00
102208.5 102.375 4.991873e+00 1.361633e-03 -4.056433e+00 1.213470e+00 -3.452870e+00 -2.286178e+00
102218.1 102.75 4.991849e+00 1.370382e-03 -4.062893e+00 1.136773e+00 -3.461443e+00 -2.378777e+00
102226.5 103.125 4.991800e+00 1.386556e-03 -4.089125e+00 1.054384e+00 -3.477781e+00 -2.475786e+00
102234.3 103.5 4.991834e+00 1.386272e-03 -4.107724e+00 9.421124e-01 -3.493633e+00 -2.591585e+00
102242.1 103.874 4.991836e+00 1.386051e-03 -4.122145e+00 8.325621e-01 -3.510851e+00 -2.701772e+00
102253.6 104.25 4.991872e+00 1.394694e-03 -4.113908e+00 7.489622e-01 -3.525614e+00 -2.799095e+00
102304.4 104.625 4.991845e+00 1.389494e-03 -4.133425e+00 6.508006e-01 -3.536773e+00 -2.901314e+00
102315.3 105 4.991849e+00 1.373360e-03 -4.150925e+00 5.289533e-01 -3.544952e+00 -3.032935e+00
102330.3 105.374 4.991821e+00 1.365758e-03 -4.162627e+00 4.213932e-01 -3.550765e+00 -3.151510e+00
102342.0 105.75 4.991812e+00 1.385835e-03 -4.183333e+00 3.316906e-01 -3.568769e+00 -3.237140e+00
102350.9 106.125 4.991855e+00 1.413996e-03 -4.207561e+00 2.412150e-01 -3.589602e+00 -3.335129e+00
102402.9 106.499 4.991819e+00 1.424986e-03 -4.203115e+00 1.285721e-01 -3.602201e+00 -3.460959e+00
102411.2 106.874 4.991861e+00 1.428248e-03 -4.207898e+00 1.720378e-02 -3.616758e+00 -3.583328e+00
102420.5 107.25 4.991843e+00 1.443286e-03 -4.235893e+00 -8.202794e-02 -3.631987e+00 -3.689319e+00
102430.5 107.626 4.991839e+00 1.445038e-03 -4.245806e+00 -1.820210e-01 -3.639568e+00 -3.798819e+00
102438.9 108 4.991871e+00 1.444857e-03 -4.262602e+00 -3.016087e-01 -3.654799e+00 -3.927498e+00
102451.6 108.375 4.991862e+00 1.449261e-03 -4.289426e+00 -4.153540e-01 -3.676803e+00 -4.049736e+00
102503.7 108.75 4.991850e+00 1.470001e-03 -4.292055e+00 -5.079645e-01 -3.694490e+00 -4.155945e+00
102511.8 109.125 4.991856e+00 1.480988e-03 -4.292647e+00 -6.113771e-01 -3.707391e+00 -4.268610e+00
102522.6 109.5 4.991823e+00 1.476306e-03 -4.302934e+00 -7.465308e-01 -3.723867e+00 -4.403171e+00
102530.2 109.875 4.991844e+00 1.487531e-03 -4.316004e+00 -8.684526e-01 -3.729018e+00 -4.528924e+00
102538.2 110.249 4.991860e+00 1.502508e-03 -4.338368e+00 -9.541082e-01 -3.739841e+00 -4.638630e+00
102548.3 110.626 4.991864e+00 1.500205e-03 -4.361828e+00 -1.057390e+00 -3.755608e+00 -4.754639e+00
102557.5 110.999 4.991849e+00 1.476241e-03 -4.375949e+00 -1.189552e+00 -3.777482e+00 -4.895470e+00
102619.3 111.365 4.991828e+00 1.463615e-03 -4.378808e+00 -1.317031e+00 -3.793829e+00 -5.027548e+00
102631.3 111.75 4.991862e+00 1.469585e-03 -4.389677e+00 -1.425559e+00 -3.817554e+00 -5.144414e+00
102639.4 112.125 4.991851e+00 1.475832e-03 -4.406634e+00 -1.532965e+00 -3.835283e+00 -5.264526e+00
102647.5 112.499 4.991831e+00 1.474206e-03 -4.420629e+00 -1.666634e+00 -3.839439e+00 -5.407975e+00
102657.9 112.875 4.991814e+00 1.480664e-03 -4.432579e+00 -1.786771e+00 -3.843228e+00 -5.541295e+00
102705.5 113.25 4.991787e+00 1.497514e-03 -4.456036e+00 -1.899119e+00 -3.857272e+00 -5.659766e+00
102714.5 113.625 4.991851e+00 1.508015e-03 -4.471971e+00 -2.017374e+00 -3.872299e+00 -5.782008e+00
102723.4 114 4.991843e+00 1.484905e-03 -4.459051e+00 -2.147245e+00 -3.889206e+00 -5.917698e+00
102732.4 114.374 4.991846e+00 1.434036e-03 -4.465501e+00 -2.284473e+00 -3.909974e+00 -6.042970e+00
102741.2 114.75 4.991841e+00 1.391984e-03 -4.481236e+00 -2.406753e+00 -3.918973e+00 -6.143681e+00
102748.8 115.125 4.991799e+00 1.348930e-03 -4.496425e+00 -2.521970e+00 -3.934841e+00 -6.260637e+00
102757.1 115.5 4.991821e+00 1.320284e-03 -4.529576e+00 -2.670282e+00 -3.939083e+00 -6.392382e+00
102818.0 115.865 4.991827e+00 1.314868e-03 -4.548214e+00 -2.792915e+00 -3.969414e+00 -6.550440e+00
102825.9 116.249 4.991821e+00 1.343140e-03 -4.553703e+00 -2.901690e+00 -3.990477e+00 -6.670459e+00
102838.2 116.625 4.991836e+00 1.355006e-03 -4.557029e+00 -3.023892e+00 -3.996792e+00 -6.780828e+00
102847.4 117 4.991834e+00 1.342049e-03 -4.562378e+00 -3.172914e+00 -4.014226e+00 -6.937938e+00
102858.4 117.374 4.991830e+00 1.334002e-03 -4.573628e+00 -3.321564e+00 -4.022976e+00 -7.079034e+00
102907.6 117.75 4.991807e+00 1.350067e-03 -4.584013e+00 -3.433425e+00 -4.031642e+00 -7.193226e+00
102919.4 118.124 4.991866e+00 1.363822e-03 -4.610517e+00 -3.553538e+00 -4.056011e+00 -7.318713e+00
102930.6 118.5 4.991820e+00 1.362064e-03 -4.635405e+00 -3.688093e+00 -4.076626e+00 -7.436637e+00
102954.7 118.864 4.991824e+00 1.374811e-03 -4.630857e+00 -3.797382e+00 -4.084055e+00 -7.532150e+00
