% Fogale DL Rail Calibration results.
% DL=4, Date=2016-03-11T09:03:58
% Tunnel Temperature=17.88 oC
% Scan Range: 1.125 - 118.875 mOPL
% Metrology used: ENCODERS
% Sensors: CALIBRATED
% Name=NSC
% Comment=
% WPS-Sensor tunnel center: WPS-7D6-005
% WPS-Sensor tunnel end: WPS-7D6-006
% DOMS-Sensor: DOM-7D2-003 S-330
% INCLINOMETER-Sensor: Inclinix
% TIMESTAMP[hhmmss.s] OPL-POSITION[m] DOMS[mm] INCL[rad] WPSTctrY[mm] WPSTctrZ[mm] WPSTendY[mm] WPSTendZ[mm]
090548.7 1.12498 4.997761e+00 -3.559141e-04 1.548113e+00 -1.018469e+01 -5.869009e-01 -9.738722e+00
090556.7 1.50099 4.997777e+00 -2.396751e-04 1.529367e+00 -1.000050e+01 -6.136617e-01 -9.641283e+00
090605.5 1.87548 4.997771e+00 -1.159055e-04 1.507801e+00 -9.865269e+00 -6.385484e-01 -9.547840e+00
090616.4 2.24939 4.997754e+00 4.020268e-06 1.477596e+00 -9.733444e+00 -6.648305e-01 -9.442137e+00
090631.4 2.62597 4.997751e+00 5.105570e-05 1.464504e+00 -9.589372e+00 -6.810827e-01 -9.307321e+00
090656.9 2.99302 4.997740e+00 2.505505e-05 1.468858e+00 -9.461608e+00 -6.918517e-01 -9.185599e+00
090708.6 3.37482 4.997769e+00 -1.046253e-05 1.472324e+00 -9.287750e+00 -7.047481e-01 -9.024691e+00
090722.1 3.74911 4.997776e+00 -3.075300e-05 1.463578e+00 -9.093188e+00 -7.227562e-01 -8.836383e+00
090733.2 4.12506 4.997773e+00 -4.647433e-05 1.448993e+00 -8.939471e+00 -7.315806e-01 -8.679716e+00
090741.4 4.49999 4.997782e+00 -6.253754e-05 1.437451e+00 -8.832123e+00 -7.448875e-01 -8.541129e+00
090750.0 4.87518 4.997734e+00 -5.392285e-05 1.420128e+00 -8.697429e+00 -7.535425e-01 -8.412143e+00
090758.3 5.25042 4.997746e+00 -3.495008e-05 1.440144e+00 -8.583141e+00 -7.708838e-01 -8.273197e+00
090807.9 5.62542 4.997733e+00 -4.580910e-05 1.458321e+00 -8.496432e+00 -7.692962e-01 -8.124714e+00
090817.8 6.00048 4.997739e+00 -8.257706e-05 1.444553e+00 -8.426828e+00 -7.899516e-01 -8.012708e+00
090827.9 6.37504 4.997760e+00 -9.464509e-05 1.422093e+00 -8.357198e+00 -8.046959e-01 -7.903712e+00
090839.4 6.74984 4.997711e+00 -6.949103e-05 1.392921e+00 -8.245785e+00 -8.276022e-01 -7.767590e+00
090848.2 7.12521 4.997740e+00 -5.273925e-05 1.380253e+00 -8.110748e+00 -8.407299e-01 -7.625279e+00
090855.7 7.5004 4.997749e+00 -7.057749e-05 1.375779e+00 -7.998356e+00 -8.432364e-01 -7.502670e+00
090904.5 7.87526 4.997693e+00 -8.953727e-05 1.360615e+00 -7.853050e+00 -8.528151e-01 -7.374394e+00
090917.0 8.24867 4.997782e+00 -7.712357e-05 1.359184e+00 -7.676307e+00 -8.612764e-01 -7.227698e+00
090930.0 8.62392 4.997767e+00 -5.355104e-05 1.363446e+00 -7.496995e+00 -8.729444e-01 -7.081798e+00
090938.8 9.00044 4.997753e+00 -4.703542e-05 1.365077e+00 -7.357435e+00 -8.865050e-01 -6.965643e+00
090950.2 9.37478 4.997775e+00 -5.207487e-05 1.338248e+00 -7.240190e+00 -9.047064e-01 -6.839827e+00
091001.1 9.74984 4.997774e+00 -4.563871e-05 1.315683e+00 -7.099409e+00 -9.136553e-01 -6.696906e+00
091009.7 10.1246 4.997742e+00 -4.875559e-05 1.330551e+00 -6.948588e+00 -9.221250e-01 -6.550472e+00
091017.4 10.4996 4.997772e+00 -5.075066e-05 1.322547e+00 -6.804635e+00 -9.243943e-01 -6.428148e+00
091030.5 10.8747 4.997737e+00 -4.228299e-05 1.317527e+00 -6.672061e+00 -9.361833e-01 -6.317637e+00
091043.8 11.25 4.997771e+00 -1.516002e-05 1.298738e+00 -6.529216e+00 -9.525639e-01 -6.173791e+00
091052.6 11.6245 4.997762e+00 1.602016e-05 1.280989e+00 -6.388652e+00 -1.039790e+00 -6.154621e+00
091101.2 12.0004 4.997748e+00 2.952679e-05 1.267712e+00 -6.263231e+00 -9.803052e-01 -5.931853e+00
091112.2 12.375 4.997719e+00 2.723275e-05 1.262135e+00 -6.146770e+00 -9.937733e-01 -5.818187e+00
091120.5 12.7498 4.997773e+00 2.241357e-05 1.261138e+00 -5.997009e+00 -9.976693e-01 -5.697709e+00
091128.4 13.1249 4.997725e+00 8.803071e-06 1.264533e+00 -5.865393e+00 -1.006156e+00 -5.564203e+00
091136.3 13.5003 4.997799e+00 -1.639238e-05 1.253279e+00 -5.754941e+00 -1.018290e+00 -5.465876e+00
091158.6 13.8652 4.997725e+00 -2.104076e-05 1.243160e+00 -5.638631e+00 -1.025778e+00 -5.347290e+00
091209.1 14.2494 4.997865e+00 -4.636530e-06 1.227977e+00 -5.490124e+00 -1.040273e+00 -5.207765e+00
091221.7 14.6254 4.997741e+00 3.409607e-05 1.212920e+00 -5.335986e+00 -1.052852e+00 -5.081250e+00
091230.3 15.0007 4.997730e+00 6.132898e-05 1.194983e+00 -5.258102e+00 -1.061891e+00 -4.976281e+00
091244.0 15.375 4.997793e+00 7.957650e-05 1.204626e+00 -5.115232e+00 -1.071977e+00 -4.870156e+00
091322.9 15.7304 4.997768e+00 1.101036e-04 1.200266e+00 -4.978680e+00 -1.090394e+00 -4.746622e+00
091331.4 16.125 4.997754e+00 1.496110e-04 1.188027e+00 -4.837625e+00 -1.106043e+00 -4.605279e+00
091341.8 16.4998 4.997790e+00 1.807121e-04 1.170087e+00 -4.723701e+00 -1.122267e+00 -4.500958e+00
091349.6 16.8748 4.997713e+00 2.184847e-04 1.150143e+00 -4.625669e+00 -1.137723e+00 -4.392941e+00
091401.6 17.2495 4.997745e+00 2.751614e-04 1.129277e+00 -4.489904e+00 -1.149116e+00 -4.260600e+00
091412.2 17.625 4.997724e+00 3.524537e-04 1.118252e+00 -4.348889e+00 -1.158108e+00 -4.134883e+00
091421.7 17.9997 4.997786e+00 4.245301e-04 1.119791e+00 -4.232590e+00 -1.172863e+00 -4.037145e+00
091432.3 18.3749 4.997775e+00 4.675567e-04 1.111599e+00 -4.107263e+00 -1.188306e+00 -3.923096e+00
091446.9 18.7493 4.997742e+00 4.930607e-04 1.100032e+00 -3.970292e+00 -1.206085e+00 -3.801869e+00
091455.5 19.125 4.997759e+00 4.936976e-04 1.085883e+00 -3.851412e+00 -1.218947e+00 -3.687276e+00
091503.8 19.5 4.997827e+00 4.569401e-04 1.068016e+00 -3.762305e+00 -1.234328e+00 -3.589858e+00
091512.3 19.875 4.997754e+00 3.948788e-04 1.056888e+00 -3.668655e+00 -1.233869e+00 -3.499448e+00
091520.3 20.2499 4.997739e+00 3.551944e-04 1.056185e+00 -3.545918e+00 -1.241990e+00 -3.390737e+00
091529.4 20.6254 4.997833e+00 3.181306e-04 1.058288e+00 -3.422047e+00 -1.245999e+00 -3.277773e+00
091538.2 20.9999 4.997788e+00 2.682990e-04 1.056658e+00 -3.329429e+00 -1.255773e+00 -3.200826e+00
091550.1 21.3745 4.997787e+00 2.362951e-04 1.051480e+00 -3.236131e+00 -1.269234e+00 -3.112601e+00
091602.9 21.751 4.997791e+00 2.113435e-04 1.040274e+00 -3.108356e+00 -1.284882e+00 -2.997934e+00
091610.8 22.1248 4.997739e+00 1.869943e-04 1.031167e+00 -2.996181e+00 -1.290073e+00 -2.886219e+00
091620.1 22.5008 4.997789e+00 1.499834e-04 1.032066e+00 -2.912899e+00 -1.296902e+00 -2.797959e+00
091628.4 22.8749 4.997830e+00 1.153756e-04 1.031771e+00 -2.813893e+00 -1.303484e+00 -2.704848e+00
091640.1 23.2501 4.997746e+00 1.016234e-04 1.027628e+00 -2.702578e+00 -1.310586e+00 -2.600762e+00
091649.6 23.6249 4.997829e+00 9.981924e-05 1.016358e+00 -2.582594e+00 -1.323898e+00 -2.500523e+00
091700.4 24.0002 4.997742e+00 8.620722e-05 1.003687e+00 -2.486276e+00 -1.338468e+00 -2.418869e+00
091712.3 24.374 4.997820e+00 7.296370e-05 9.894793e-01 -2.397540e+00 -1.350698e+00 -2.329624e+00
091720.9 24.7496 4.997811e+00 7.917436e-05 9.758848e-01 -2.278751e+00 -1.359571e+00 -2.217980e+00
091728.5 25.125 4.997833e+00 8.866729e-05 9.754540e-01 -2.170296e+00 -1.363677e+00 -2.118619e+00
091736.3 25.5001 4.997760e+00 8.840379e-05 9.693362e-01 -2.091180e+00 -1.374979e+00 -2.042792e+00
091744.1 25.8744 4.997705e+00 9.687653e-05 9.447661e-01 -2.003154e+00 -1.388505e+00 -1.960497e+00
091752.1 26.2492 4.997789e+00 1.202368e-04 9.268222e-01 -1.873649e+00 -1.405138e+00 -1.851255e+00
091800.2 26.6253 4.997768e+00 1.316927e-04 9.162627e-01 -1.765273e+00 -1.413870e+00 -1.751377e+00
091809.6 27.0006 4.997753e+00 1.268798e-04 9.043363e-01 -1.680622e+00 -1.425992e+00 -1.681953e+00
091821.3 27.3749 4.997767e+00 1.162529e-04 9.009535e-01 -1.593419e+00 -1.434401e+00 -1.597701e+00
091834.9 27.7498 4.997788e+00 1.170342e-04 9.011499e-01 -1.482840e+00 -1.440963e+00 -1.494640e+00
091843.7 28.1244 4.997840e+00 1.266624e-04 8.893415e-01 -1.373826e+00 -1.459046e+00 -1.393684e+00
091852.4 28.5002 4.997782e+00 1.268372e-04 8.809543e-01 -1.295797e+00 -1.469663e+00 -1.324015e+00
091901.9 28.875 4.997798e+00 1.350919e-04 8.654025e-01 -1.215470e+00 -1.484911e+00 -1.247944e+00
091912.3 29.2496 4.997737e+00 1.504946e-04 8.450397e-01 -1.111334e+00 -1.498251e+00 -1.157882e+00
091920.8 29.6249 4.997793e+00 1.490266e-04 8.308126e-01 -1.007667e+00 -1.508177e+00 -1.066152e+00
091929.3 30.0006 4.997744e+00 1.191625e-04 8.357059e-01 -9.355234e-01 -1.516797e+00 -9.941673e-01
091941.4 30.3749 4.997795e+00 1.068221e-04 8.360877e-01 -8.569969e-01 -1.526903e+00 -9.215431e-01
091955.5 30.7487 4.997752e+00 1.307170e-04 8.277735e-01 -7.499602e-01 -1.540571e+00 -8.317921e-01
092007.4 31.1243 4.997781e+00 1.627894e-04 8.108826e-01 -6.510115e-01 -1.560971e+00 -7.442140e-01
092015.9 31.5001 4.997734e+00 1.653558e-04 7.916083e-01 -5.838863e-01 -1.569751e+00 -6.880593e-01
092023.7 31.8744 4.997778e+00 1.726040e-04 7.768039e-01 -5.070760e-01 -1.577655e+00 -6.189233e-01
092034.7 32.2499 4.997754e+00 2.102504e-04 7.647739e-01 -3.982835e-01 -1.589024e+00 -5.232471e-01
092043.7 32.6251 4.997769e+00 2.417360e-04 7.564582e-01 -2.971465e-01 -1.598723e+00 -4.352041e-01
092054.1 33.0011 4.997801e+00 2.165176e-04 7.527721e-01 -2.327500e-01 -1.607863e+00 -3.794777e-01
092108.6 33.375 4.997772e+00 1.717746e-04 7.403507e-01 -1.688489e-01 -1.618906e+00 -3.229486e-01
092123.2 33.7484 4.997736e+00 1.262869e-04 7.297866e-01 -9.090462e-02 -1.635527e+00 -2.369799e-01
092131.5 34.1247 4.997774e+00 7.168823e-05 7.174089e-01 -3.559625e-03 -1.642667e+00 -1.580508e-01
092139.8 34.5001 4.997760e+00 3.028333e-05 7.052364e-01 6.650392e-02 -1.647180e+00 -9.443624e-02
092147.6 34.8748 4.997766e+00 7.107203e-06 7.056256e-01 1.356017e-01 -1.652738e+00 -3.197655e-02
092200.2 35.2492 4.997765e+00 1.419607e-05 7.074672e-01 2.207389e-01 -1.658056e+00 4.124688e-02
092209.5 35.6248 4.997707e+00 3.016107e-05 6.950104e-01 3.039368e-01 -1.669158e+00 1.165356e-01
092219.8 36.0006 4.997788e+00 3.491987e-05 6.870407e-01 3.602160e-01 -1.681131e+00 1.646926e-01
092231.6 36.374 4.997778e+00 3.097278e-05 6.789204e-01 4.240058e-01 -1.695630e+00 2.267896e-01
092239.7 36.7496 4.997797e+00 4.918311e-05 6.639383e-01 5.154545e-01 -1.702372e+00 3.045400e-01
092247.5 37.1242 4.997822e+00 7.105407e-05 6.530896e-01 6.030155e-01 -1.715002e+00 3.745829e-01
092255.7 37.5 4.997742e+00 7.146814e-05 6.469282e-01 6.548961e-01 -1.719148e+00 4.234057e-01
092303.4 37.8743 4.997744e+00 6.408625e-05 6.374476e-01 7.198114e-01 -1.739584e+00 4.860874e-01
092316.6 38.2491 4.997820e+00 6.725988e-05 6.197970e-01 8.106462e-01 -1.745417e+00 5.609034e-01
092325.4 38.6249 4.997796e+00 6.621641e-05 6.028283e-01 8.947170e-01 -1.759105e+00 6.326537e-01
092333.8 38.9998 4.997753e+00 4.934161e-05 5.924012e-01 9.510573e-01 -1.771282e+00 6.785961e-01
092434.7 39.3651 4.997786e+00 4.353414e-05 5.788029e-01 1.003400e+00 -1.776805e+00 7.266496e-01
092444.2 39.7501 4.997804e+00 5.420994e-05 5.793867e-01 1.081609e+00 -1.785472e+00 7.970840e-01
092452.6 40.1248 4.997804e+00 6.985219e-05 5.819551e-01 1.156884e+00 -1.798776e+00 8.633755e-01
092500.3 40.4999 4.997789e+00 7.515954e-05 5.713913e-01 1.204116e+00 -1.812717e+00 9.038135e-01
092512.3 40.8746 4.997717e+00 7.331029e-05 5.591917e-01 1.258851e+00 -1.822735e+00 9.526062e-01
092524.8 41.2498 4.997776e+00 6.913215e-05 5.407665e-01 1.335854e+00 -1.835242e+00 1.016258e+00
092534.2 41.6257 4.997761e+00 6.443457e-05 5.307933e-01 1.401370e+00 -1.845495e+00 1.079820e+00
092544.0 42.0008 4.997834e+00 3.792785e-05 5.211732e-01 1.445509e+00 -1.852174e+00 1.115928e+00
092555.7 42.3742 4.997821e+00 2.261506e-05 5.171585e-01 1.501333e+00 -1.865895e+00 1.151584e+00
092606.4 42.7496 4.997778e+00 3.082026e-05 5.153346e-01 1.581038e+00 -1.877156e+00 1.225014e+00
092614.3 43.125 4.997782e+00 4.080694e-05 5.041368e-01 1.653327e+00 -1.888802e+00 1.289294e+00
092623.7 43.5008 4.997810e+00 4.085610e-05 4.896308e-01 1.696868e+00 -1.904218e+00 1.326998e+00
092632.6 43.8743 4.997745e+00 5.525294e-05 4.747752e-01 1.743896e+00 -1.915276e+00 1.370507e+00
092642.9 44.2507 4.997780e+00 9.139922e-05 4.563616e-01 1.817410e+00 -1.925720e+00 1.423956e+00
092704.7 44.6157 4.997746e+00 1.115917e-04 4.488509e-01 1.878494e+00 -1.940224e+00 1.479551e+00
092719.0 45.0014 4.997783e+00 1.034477e-04 4.490903e-01 1.913370e+00 -1.944206e+00 1.510466e+00
092731.0 45.375 4.997818e+00 9.883664e-05 4.396475e-01 1.956812e+00 -1.960731e+00 1.552871e+00
092744.5 45.7496 4.997788e+00 1.132946e-04 4.220974e-01 2.023220e+00 -1.973139e+00 1.603878e+00
092752.6 46.1244 4.997787e+00 1.152404e-04 4.071868e-01 2.090175e+00 -1.989846e+00 1.656057e+00
092800.3 46.4997 4.997757e+00 1.073943e-04 3.913491e-01 2.122997e+00 -1.998909e+00 1.678039e+00
092810.3 46.875 4.997771e+00 1.096397e-04 3.728025e-01 2.154501e+00 -2.013056e+00 1.711978e+00
092820.5 47.2497 4.997802e+00 1.269357e-04 3.698464e-01 2.226233e+00 -2.021018e+00 1.764431e+00
092828.8 47.6251 4.997748e+00 1.373178e-04 3.704106e-01 2.286974e+00 -2.029921e+00 1.815299e+00
092837.7 48.0003 4.997838e+00 1.254785e-04 3.630150e-01 2.322762e+00 -2.036281e+00 1.839618e+00
092848.6 48.3744 4.997767e+00 1.212742e-04 3.503006e-01 2.351640e+00 -2.052638e+00 1.871138e+00
092858.0 48.7498 4.997781e+00 1.293088e-04 3.284905e-01 2.407948e+00 -2.064408e+00 1.917301e+00
092906.6 49.1257 4.997768e+00 1.284906e-04 3.182459e-01 2.456034e+00 -2.073417e+00 1.960439e+00
092915.3 49.5003 4.997781e+00 1.145813e-04 3.127287e-01 2.487298e+00 -2.080582e+00 1.983566e+00
092923.9 49.8749 4.997763e+00 1.089076e-04 3.126888e-01 2.520424e+00 -2.090267e+00 2.010581e+00
092936.3 50.2494 4.997773e+00 1.214878e-04 2.990845e-01 2.577422e+00 -2.102359e+00 2.053516e+00
092945.6 50.6249 4.997785e+00 1.304610e-04 2.845920e-01 2.628742e+00 -2.119985e+00 2.092059e+00
092954.8 51.0005 4.997808e+00 1.222625e-04 2.697349e-01 2.650961e+00 -2.130961e+00 2.105767e+00
093005.7 51.375 4.997782e+00 1.059917e-04 2.551384e-01 2.674830e+00 -2.146293e+00 2.131516e+00
093014.2 51.7493 4.997781e+00 9.975666e-05 2.455115e-01 2.724971e+00 -2.157941e+00 2.180143e+00
093022.5 52.125 4.997811e+00 8.807474e-05 2.449943e-01 2.772572e+00 -2.168486e+00 2.219881e+00
093031.6 52.5005 4.997774e+00 8.459703e-05 2.495583e-01 2.796745e+00 -2.173369e+00 2.228054e+00
093043.9 52.8747 4.997750e+00 1.115739e-04 2.367257e-01 2.821594e+00 -2.180558e+00 2.237267e+00
093105.2 53.24 4.997815e+00 1.443107e-04 2.139393e-01 2.867904e+00 -2.199644e+00 2.279199e+00
093113.7 53.6249 4.997738e+00 1.540696e-04 1.970866e-01 2.908876e+00 -2.215175e+00 2.313261e+00
093123.2 54.0007 4.997759e+00 1.494456e-04 1.785739e-01 2.931624e+00 -2.229570e+00 2.328220e+00
093133.6 54.3752 4.997763e+00 1.521301e-04 1.707644e-01 2.955020e+00 -2.231128e+00 2.345781e+00
093146.9 54.7495 4.997776e+00 1.633001e-04 1.695878e-01 2.996950e+00 -2.239670e+00 2.374421e+00
093155.8 55.1255 4.997771e+00 1.779602e-04 1.616697e-01 3.035347e+00 -2.249624e+00 2.399811e+00
093204.4 55.4998 4.997815e+00 1.769612e-04 1.467587e-01 3.054497e+00 -2.260058e+00 2.403585e+00
093217.4 55.8743 4.997821e+00 1.751739e-04 1.297502e-01 3.077623e+00 -2.282544e+00 2.422457e+00
093230.1 56.2491 4.997780e+00 1.873015e-04 1.114480e-01 3.125525e+00 -2.289387e+00 2.448070e+00
093242.0 56.626 4.997816e+00 2.058358e-04 9.324504e-02 3.171717e+00 -2.303647e+00 2.475608e+00
093250.8 57.0002 4.997788e+00 2.143087e-04 9.101527e-02 3.173659e+00 -2.312313e+00 2.478589e+00
093305.3 57.3745 4.997798e+00 2.282057e-04 8.548338e-02 3.176828e+00 -2.321426e+00 2.489673e+00
093318.4 57.7501 4.997815e+00 2.541035e-04 8.475988e-02 3.219736e+00 -2.330320e+00 2.520227e+00
093327.0 58.1246 4.997790e+00 2.776628e-04 6.735837e-02 3.248947e+00 -2.343169e+00 2.549335e+00
093335.2 58.4998 4.997755e+00 2.887403e-04 5.204153e-02 3.259308e+00 -2.364732e+00 2.548895e+00
093342.8 58.8749 4.997789e+00 3.117110e-04 3.158735e-02 3.274276e+00 -2.374467e+00 2.550328e+00
093350.5 59.2493 4.997786e+00 3.572210e-04 1.645377e-02 3.316417e+00 -2.386471e+00 2.573792e+00
093359.5 59.6244 4.997795e+00 3.921350e-04 1.528691e-02 3.341230e+00 -2.403188e+00 2.601408e+00
093411.2 59.9997 4.997750e+00 4.214536e-04 4.168226e-03 3.342709e+00 -2.412387e+00 2.598781e+00
093422.3 60.3745 4.997780e+00 4.536290e-04 -1.516639e-02 3.355498e+00 -2.423860e+00 2.615641e+00
093436.3 60.7499 4.997788e+00 4.971771e-04 -3.652400e-02 3.386260e+00 -2.447069e+00 2.639974e+00
093446.5 61.1252 4.997793e+00 5.206042e-04 -5.006025e-02 3.412169e+00 -2.460750e+00 2.654794e+00
093455.4 61.5008 4.997808e+00 5.108789e-04 -6.133380e-02 3.412509e+00 -2.472084e+00 2.641300e+00
093503.6 61.8749 4.997761e+00 4.741292e-04 -6.565437e-02 3.417595e+00 -2.474187e+00 2.630669e+00
093511.6 62.2498 4.997775e+00 4.441122e-04 -6.177789e-02 3.441339e+00 -2.479906e+00 2.643159e+00
093520.9 62.6251 4.997804e+00 4.030382e-04 -7.000004e-02 3.460765e+00 -2.489938e+00 2.656197e+00
093530.6 63.0006 4.997808e+00 3.462533e-04 -8.372171e-02 3.448311e+00 -2.500271e+00 2.643847e+00
093543.8 63.375 4.997822e+00 3.391715e-04 -9.994215e-02 3.432938e+00 -2.513207e+00 2.620714e+00
093552.0 63.7491 4.997749e+00 3.461568e-04 -1.152897e-01 3.458778e+00 -2.522539e+00 2.634826e+00
093600.7 64.1248 4.997772e+00 3.440911e-04 -1.323823e-01 3.476108e+00 -2.537964e+00 2.649325e+00
093608.8 64.5003 4.997799e+00 3.083806e-04 -1.289444e-01 3.472348e+00 -2.543245e+00 2.633711e+00
093617.0 64.8748 4.997780e+00 2.713389e-04 -1.302542e-01 3.477201e+00 -2.542667e+00 2.625403e+00
093629.6 65.2494 4.997771e+00 2.524608e-04 -1.402915e-01 3.496615e+00 -2.554412e+00 2.631290e+00
093639.0 65.6247 4.997790e+00 2.550120e-04 -1.544556e-01 3.505397e+00 -2.569964e+00 2.633308e+00
093649.4 66.0003 4.997798e+00 2.696113e-04 -1.681302e-01 3.488255e+00 -2.587502e+00 2.614955e+00
093701.4 66.3747 4.997805e+00 2.776882e-04 -1.828587e-01 3.478884e+00 -2.604341e+00 2.611052e+00
093714.9 66.7493 4.997830e+00 2.980472e-04 -1.928959e-01 3.498999e+00 -2.613580e+00 2.616904e+00
093723.1 67.1246 4.997779e+00 3.217334e-04 -1.986865e-01 3.517109e+00 -2.624383e+00 2.620792e+00
093731.4 67.4994 4.997789e+00 3.081049e-04 -2.107576e-01 3.503638e+00 -2.639781e+00 2.600829e+00
093743.8 67.8749 4.997793e+00 2.922386e-04 -2.248509e-01 3.476770e+00 -2.651701e+00 2.568748e+00
093757.2 68.2489 4.997803e+00 3.033288e-04 -2.384437e-01 3.489363e+00 -2.665745e+00 2.568123e+00
093806.4 68.6248 4.997797e+00 3.154331e-04 -2.542366e-01 3.498450e+00 -2.684104e+00 2.571543e+00
093814.5 69.0004 4.997852e+00 3.056139e-04 -2.635431e-01 3.484036e+00 -2.691658e+00 2.550968e+00
093824.4 69.3749 4.997795e+00 2.879013e-04 -2.706327e-01 3.470676e+00 -2.700139e+00 2.534571e+00
093833.0 69.7493 4.997809e+00 2.754063e-04 -2.760904e-01 3.480385e+00 -2.704978e+00 2.529556e+00
093844.2 70.1253 4.997808e+00 2.479922e-04 -2.875524e-01 3.479022e+00 -2.720328e+00 2.517397e+00
093856.0 70.4989 4.997765e+00 2.235078e-04 -3.013937e-01 3.455594e+00 -2.733390e+00 2.483246e+00
093904.3 70.8748 4.997787e+00 2.253626e-04 -3.240191e-01 3.447103e+00 -2.744121e+00 2.456336e+00
093916.8 71.2491 4.997831e+00 2.464362e-04 -3.468967e-01 3.448844e+00 -2.761696e+00 2.449969e+00
093925.3 71.6249 4.997812e+00 2.611860e-04 -3.545811e-01 3.448933e+00 -2.771458e+00 2.439499e+00
093933.4 72.0004 4.997785e+00 2.579452e-04 -3.599062e-01 3.417936e+00 -2.785873e+00 2.410204e+00
093945.8 72.3745 4.997750e+00 2.500500e-04 -3.628183e-01 3.392071e+00 -2.788116e+00 2.385648e+00
094000.3 72.7489 4.997801e+00 2.476072e-04 -3.766761e-01 3.387599e+00 -2.801917e+00 2.376474e+00
094008.3 73.1245 4.997835e+00 2.308552e-04 -3.888425e-01 3.384983e+00 -2.813471e+00 2.364530e+00
094017.3 73.5003 4.997796e+00 2.043285e-04 -4.124642e-01 3.358775e+00 -2.824694e+00 2.330123e+00
094029.6 73.8742 4.997765e+00 1.948771e-04 -4.264636e-01 3.340074e+00 -2.842019e+00 2.289190e+00
094037.8 74.2492 4.997752e+00 1.985549e-04 -4.300255e-01 3.338967e+00 -2.847816e+00 2.285465e+00
094046.6 74.6252 4.997782e+00 1.874358e-04 -4.312384e-01 3.329745e+00 -2.853258e+00 2.265362e+00
094054.8 74.9997 4.997820e+00 1.552125e-04 -4.336722e-01 3.286095e+00 -2.856917e+00 2.216742e+00
094107.2 75.3746 4.997804e+00 1.316088e-04 -4.535355e-01 3.259072e+00 -2.866247e+00 2.180710e+00
094117.9 75.7496 4.997786e+00 1.270460e-04 -4.694263e-01 3.251715e+00 -2.884404e+00 2.159187e+00
094127.0 76.1257 4.997802e+00 1.381177e-04 -4.904460e-01 3.239193e+00 -2.900274e+00 2.142849e+00
094135.3 76.4996 4.997835e+00 1.444029e-04 -5.001754e-01 3.200532e+00 -2.906114e+00 2.099672e+00
094143.7 76.8747 4.997827e+00 1.449330e-04 -4.937902e-01 3.171805e+00 -2.916441e+00 2.063251e+00
094155.9 77.2494 4.997818e+00 1.567434e-04 -5.036006e-01 3.162841e+00 -2.921635e+00 2.049788e+00
094204.8 77.6253 4.997800e+00 1.709034e-04 -5.200409e-01 3.157995e+00 -2.938943e+00 2.023157e+00
094215.3 78.0011 4.997771e+00 1.708592e-04 -5.385669e-01 3.118914e+00 -2.953338e+00 1.968324e+00
094227.0 78.3739 4.997759e+00 1.694805e-04 -5.583752e-01 3.072399e+00 -2.969862e+00 1.925809e+00
094249.6 78.7404 4.997774e+00 1.746654e-04 -5.692290e-01 3.064455e+00 -2.981898e+00 1.904831e+00
094258.1 79.1253 4.997790e+00 1.798521e-04 -5.792892e-01 3.042305e+00 -2.990816e+00 1.878671e+00
094306.5 79.4999 4.997795e+00 1.760154e-04 -5.789994e-01 2.999200e+00 -2.995930e+00 1.826891e+00
094314.8 79.8749 4.997741e+00 1.801563e-04 -5.885323e-01 2.960104e+00 -3.006831e+00 1.783268e+00
094327.0 80.2492 4.997774e+00 1.952075e-04 -6.087361e-01 2.945717e+00 -3.025228e+00 1.755516e+00
094335.4 80.6253 4.997795e+00 1.998935e-04 -6.295778e-01 2.927188e+00 -3.040977e+00 1.726248e+00
094346.1 81.0011 4.997757e+00 1.790396e-04 -6.468042e-01 2.874796e+00 -3.051327e+00 1.670153e+00
094356.2 81.375 4.997766e+00 1.502576e-04 -6.549993e-01 2.829545e+00 -3.054213e+00 1.622788e+00
094406.3 81.7505 4.997748e+00 1.304553e-04 -6.534268e-01 2.814738e+00 -3.061772e+00 1.586501e+00
094415.5 82.1255 4.997795e+00 1.133927e-04 -6.550344e-01 2.785436e+00 -3.067828e+00 1.546214e+00
094423.9 82.4995 4.997831e+00 9.802514e-05 -6.674307e-01 2.727310e+00 -3.081160e+00 1.483690e+00
094432.1 82.8749 4.997810e+00 9.200968e-05 -6.822428e-01 2.677271e+00 -3.098356e+00 1.433081e+00
094445.2 83.2494 4.997803e+00 9.549939e-05 -7.021727e-01 2.653043e+00 -3.110381e+00 1.399230e+00
094454.4 83.6251 4.997767e+00 7.976547e-05 -7.239628e-01 2.626660e+00 -3.119616e+00 1.368505e+00
094504.8 84.0002 4.997761e+00 5.296523e-05 -7.262849e-01 2.570471e+00 -3.130285e+00 1.305612e+00
094516.1 84.3744 4.997784e+00 2.338966e-05 -7.247787e-01 2.515682e+00 -3.133427e+00 1.247166e+00
094530.4 84.7493 4.997767e+00 2.831284e-05 -7.271941e-01 2.492142e+00 -3.145148e+00 1.211550e+00
094538.3 85.1244 4.997786e+00 4.295442e-05 -7.499781e-01 2.453440e+00 -3.155309e+00 1.161072e+00
094546.8 85.4998 4.997766e+00 3.418766e-05 -7.631946e-01 2.392812e+00 -3.170483e+00 1.093377e+00
094554.5 85.8746 4.997804e+00 1.453158e-05 -7.782314e-01 2.339133e+00 -3.182875e+00 1.030565e+00
094606.2 86.2496 4.997839e+00 5.978642e-06 -7.939015e-01 2.309222e+00 -3.206223e+00 9.877994e-01
094614.4 86.6245 4.997757e+00 6.582557e-06 -7.975941e-01 2.270466e+00 -3.209234e+00 9.442139e-01
094622.8 87.0001 4.997769e+00 -5.521019e-06 -7.972723e-01 2.203099e+00 -3.213727e+00 8.718831e-01
094634.8 87.3749 4.997796e+00 -5.606451e-06 -8.124352e-01 2.147429e+00 -3.224720e+00 8.086531e-01
094656.6 87.7398 4.997808e+00 1.098118e-05 -8.300364e-01 2.120823e+00 -3.236753e+00 7.679763e-01
094704.3 88.1248 4.997806e+00 1.052971e-05 -8.529329e-01 2.087605e+00 -3.260531e+00 7.155194e-01
094712.5 88.4998 4.997835e+00 7.107271e-06 -8.649360e-01 2.018179e+00 -3.266586e+00 6.466176e-01
094724.0 88.8748 4.997853e+00 6.588728e-06 -8.815430e-01 1.955032e+00 -3.277363e+00 5.813402e-01
094731.6 89.2501 4.997773e+00 1.974150e-05 -8.789268e-01 1.921524e+00 -3.280718e+00 5.269613e-01
094740.0 89.6252 4.997809e+00 2.820925e-05 -8.900799e-01 1.876553e+00 -3.296708e+00 4.710439e-01
094749.0 90.0007 4.997781e+00 1.343963e-05 -9.012984e-01 1.803197e+00 -3.308944e+00 3.939042e-01
094812.6 90.3652 4.997756e+00 3.556634e-06 -9.165724e-01 1.735925e+00 -3.318845e+00 3.230473e-01
094824.8 90.7502 4.997795e+00 1.381185e-05 -9.417914e-01 1.690601e+00 -3.338674e+00 2.655092e-01
094832.6 91.1248 4.997789e+00 3.033223e-05 -9.554685e-01 1.649060e+00 -3.349057e+00 2.100550e-01
094840.5 91.5 4.997779e+00 4.239304e-05 -9.650603e-01 1.576460e+00 -3.353867e+00 1.306278e-01
094848.2 91.875 4.997795e+00 5.321556e-05 -9.660384e-01 1.510920e+00 -3.363936e+00 6.454929e-02
094858.9 92.2501 4.997824e+00 7.490985e-05 -9.818915e-01 1.466731e+00 -3.373818e+00 8.749062e-03
094907.9 92.6249 4.997797e+00 7.282923e-05 -1.001134e+00 1.414258e+00 -3.392060e+00 -5.441353e-02
094916.8 92.9999 4.997754e+00 6.408682e-05 -1.017693e+00 1.341844e+00 -3.404433e+00 -1.288596e-01
094930.2 93.3754 4.997827e+00 7.450107e-05 -1.037238e+00 1.271722e+00 -3.421529e+00 -2.057549e-01
094942.9 93.7502 4.997760e+00 9.669989e-05 -1.047303e+00 1.223125e+00 -3.431511e+00 -2.575200e-01
094952.0 94.1255 4.997799e+00 9.963550e-05 -1.056638e+00 1.163190e+00 -3.430865e+00 -3.201901e-01
095000.1 94.4994 4.997837e+00 9.977663e-05 -1.059849e+00 1.082477e+00 -3.445099e+00 -4.087193e-01
095011.4 94.875 4.997777e+00 1.317667e-04 -1.080386e+00 1.006591e+00 -3.458060e+00 -4.996763e-01
095024.2 95.2493 4.997773e+00 1.721890e-04 -1.097842e+00 9.578554e-01 -3.476967e+00 -5.560614e-01
095033.2 95.6247 4.997744e+00 2.021241e-04 -1.115269e+00 8.983342e-01 -3.494242e+00 -6.156706e-01
095044.1 96.0014 4.997806e+00 2.042119e-04 -1.130425e+00 8.138386e-01 -3.503697e+00 -7.096344e-01
095055.3 96.3744 4.997808e+00 1.977704e-04 -1.132724e+00 7.414024e-01 -3.509040e+00 -7.986446e-01
095103.8 96.7497 4.997747e+00 1.994884e-04 -1.140692e+00 6.837904e-01 -3.515560e+00 -8.661470e-01
095111.7 97.125 4.997769e+00 1.967800e-04 -1.153949e+00 6.263242e-01 -3.525726e+00 -9.370255e-01
095119.9 97.5 4.997786e+00 1.863923e-04 -1.167350e+00 5.392044e-01 -3.542280e+00 -1.035501e+00
095128.7 97.8744 4.997773e+00 1.774115e-04 -1.183820e+00 4.586733e-01 -3.555989e+00 -1.124504e+00
095140.3 98.2499 4.997801e+00 1.892045e-04 -1.200873e+00 3.977212e-01 -3.573777e+00 -1.196982e+00
095150.0 98.6269 4.997803e+00 1.969418e-04 -1.214662e+00 3.364880e-01 -3.581993e+00 -1.271379e+00
095200.0 99.0012 4.997822e+00 1.869241e-04 -1.219215e+00 2.456049e-01 -3.585921e+00 -1.369992e+00
095212.6 99.3748 4.997794e+00 1.740760e-04 -1.231026e+00 1.481019e-01 -3.594268e+00 -1.462308e+00
095237.5 99.7401 4.997836e+00 1.745518e-04 -1.237141e+00 9.007400e-02 -3.607614e+00 -1.529642e+00
095245.6 100.125 4.997815e+00 1.500215e-04 -1.250427e+00 1.837391e-02 -3.622124e+00 -1.609540e+00
095254.1 100.5 4.997775e+00 1.192728e-04 -1.265688e+00 -8.106839e-02 -3.634388e+00 -1.715035e+00
095302.5 100.875 4.997804e+00 1.107142e-04 -1.283236e+00 -1.765173e-01 -3.645595e+00 -1.809242e+00
095310.8 101.249 4.997756e+00 1.305945e-04 -1.290140e+00 -2.440933e-01 -3.656330e+00 -1.882867e+00
095320.0 101.625 4.997809e+00 1.555780e-04 -1.296173e+00 -3.127959e-01 -3.664787e+00 -1.966762e+00
095328.5 102 4.997719e+00 1.720593e-04 -1.307604e+00 -4.125250e-01 -3.679322e+00 -2.073156e+00
095339.4 102.374 4.997811e+00 1.825426e-04 -1.325460e+00 -5.031275e-01 -3.687068e+00 -2.172597e+00
095350.5 102.75 4.997810e+00 1.851302e-04 -1.343488e+00 -5.784440e-01 -3.709487e+00 -2.256287e+00
095358.4 103.125 4.997800e+00 1.669191e-04 -1.364356e+00 -6.529135e-01 -3.718892e+00 -2.345956e+00
095407.8 103.5 4.997803e+00 1.244347e-04 -1.371968e+00 -7.601263e-01 -3.725098e+00 -2.455982e+00
095415.6 103.875 4.997794e+00 9.877495e-05 -1.373519e+00 -8.601154e-01 -3.727503e+00 -2.556499e+00
095436.5 104.24 4.997773e+00 1.180158e-04 -1.377402e+00 -9.311160e-01 -3.737314e+00 -2.636694e+00
095446.4 104.625 4.997803e+00 1.676089e-04 -1.398339e+00 -1.000470e+00 -3.746916e+00 -2.723297e+00
095501.7 105 4.997736e+00 1.810765e-04 -1.415362e+00 -1.105531e+00 -3.774310e+00 -2.841734e+00
095524.2 105.366 4.997805e+00 1.729342e-04 -1.436540e+00 -1.201694e+00 -3.787159e+00 -2.950236e+00
095547.9 105.74 4.997786e+00 1.683272e-04 -1.451354e+00 -1.278273e+00 -3.794316e+00 -3.021516e+00
095555.8 106.125 4.997793e+00 1.579026e-04 -1.460598e+00 -1.360144e+00 -3.806115e+00 -3.116934e+00
095604.2 106.5 4.997797e+00 1.487521e-04 -1.461490e+00 -1.475621e+00 -3.806161e+00 -3.234161e+00
095616.2 106.875 4.997779e+00 1.627095e-04 -1.471754e+00 -1.583717e+00 -3.823795e+00 -3.348019e+00
095637.1 107.24 4.997802e+00 1.997349e-04 -1.492987e+00 -1.663628e+00 -3.835536e+00 -3.440658e+00
095650.6 107.625 4.997796e+00 2.329516e-04 -1.511021e+00 -1.747685e+00 -3.860335e+00 -3.536187e+00
095700.4 108.001 4.997809e+00 2.449532e-04 -1.529040e+00 -1.858574e+00 -3.873547e+00 -3.655187e+00
095710.8 108.375 4.997768e+00 2.470933e-04 -1.546215e+00 -1.959331e+00 -3.888360e+00 -3.773915e+00
095734.0 108.74 4.997766e+00 2.551745e-04 -1.547976e+00 -2.044906e+00 -3.888753e+00 -3.861486e+00
095744.6 109.125 4.997787e+00 2.547853e-04 -1.549629e+00 -2.132735e+00 -3.896897e+00 -3.966063e+00
095754.8 109.5 4.997759e+00 2.373434e-04 -1.561254e+00 -2.258613e+00 -3.905919e+00 -4.092081e+00
095806.0 109.875 4.997738e+00 2.353472e-04 -1.587167e+00 -2.373003e+00 -3.919032e+00 -4.205682e+00
095816.1 110.25 4.997780e+00 2.525718e-04 -1.612757e+00 -2.447476e+00 -3.937616e+00 -4.298238e+00
095825.3 110.626 4.997829e+00 2.579252e-04 -1.627361e+00 -2.536537e+00 -3.946968e+00 -4.396565e+00
095833.6 111 4.997781e+00 2.380267e-04 -1.637449e+00 -2.658098e+00 -3.953184e+00 -4.521184e+00
095844.8 111.375 4.997803e+00 2.267356e-04 -1.639610e+00 -2.777626e+00 -3.961377e+00 -4.646338e+00
095854.0 111.749 4.997828e+00 2.370108e-04 -1.652389e+00 -2.875491e+00 -3.980962e+00 -4.756026e+00
095902.3 112.125 4.997809e+00 2.393338e-04 -1.669298e+00 -2.972092e+00 -3.990832e+00 -4.874913e+00
095910.3 112.5 4.997783e+00 2.294008e-04 -1.684907e+00 -3.102449e+00 -4.009892e+00 -5.002595e+00
095918.8 112.874 4.997781e+00 2.342434e-04 -1.701455e+00 -3.223692e+00 -4.020058e+00 -5.129901e+00
095942.9 113.24 4.997787e+00 2.583114e-04 -1.715183e+00 -3.313283e+00 -4.031410e+00 -5.225582e+00
095952.4 113.626 4.997842e+00 2.647394e-04 -1.720796e+00 -3.409856e+00 -4.033354e+00 -5.327429e+00
100002.5 114 4.997811e+00 2.351732e-04 -1.719464e+00 -3.537188e+00 -4.048497e+00 -5.454039e+00
100014.5 114.375 4.997820e+00 2.014430e-04 -1.730898e+00 -3.661615e+00 -4.062119e+00 -5.576929e+00
100025.2 114.75 4.997774e+00 1.887707e-04 -1.745887e+00 -3.763562e+00 -4.088057e+00 -5.673472e+00
100033.2 115.125 4.997785e+00 1.716472e-04 -1.766967e+00 -3.869079e+00 -4.120371e+00 -5.782016e+00
100040.7 115.5 4.997792e+00 1.248672e-04 -1.782116e+00 -4.003902e+00 -4.139864e+00 -5.903574e+00
100049.8 115.875 4.997821e+00 7.180457e-05 -1.800918e+00 -4.130870e+00 -4.154516e+00 -6.028020e+00
100101.4 116.25 4.997796e+00 4.928681e-05 -1.810459e+00 -4.247464e+00 -4.173816e+00 -6.130799e+00
100126.1 116.616 4.997741e+00 3.656063e-05 -1.817560e+00 -4.354477e+00 -4.209546e+00 -6.243844e+00
100135.4 117 4.997776e+00 2.525025e-05 -1.826916e+00 -4.484480e+00 -4.223059e+00 -6.364962e+00
100146.1 117.375 4.997743e+00 3.312012e-05 -1.844937e+00 -4.611735e+00 -4.256137e+00 -6.497272e+00
100158.1 117.75 4.997802e+00 7.256093e-05 -1.866941e+00 -4.723426e+00 -4.288472e+00 -6.621348e+00
100207.1 118.126 4.997810e+00 1.333717e-04 -1.890509e+00 -4.818572e+00 -4.318794e+00 -6.757608e+00
100214.9 118.5 4.997773e+00 1.993671e-04 -1.917986e+00 -4.947814e+00 -4.335619e+00 -6.930754e+00
100222.8 118.875 4.997829e+00 2.812825e-04 -1.949167e+00 -5.055711e+00 -4.347988e+00 -7.099969e+00
