% Fogale DL Rail Calibration results.
% DL=4, Date=2016-03-10T09:34:48
% Tunnel Temperature=17.94 oC
% Scan Range: 1.125 - 118.875 mOPL
% Metrology used: ENCODERS
% Sensors: CALIBRATED
% Name=NSC
% Comment=
% WPS-Sensor tunnel center: WPS-7D6-005
% WPS-Sensor tunnel end: WPS-7D6-006
% DOMS-Sensor: DOM-7D2-003 S-330
% INCLINOMETER-Sensor: Inclinix
% TIMESTAMP[hhmmss.s] OPL-POSITION[m] DOMS[mm] INCL[rad] WPSTctrY[mm] WPSTctrZ[mm] WPSTendY[mm] WPSTendZ[mm]
093605.2 1.12504 4.997754e+00 -3.725737e-04 1.549191e+00 -1.018475e+01 -5.876276e-01 -9.738599e+00
093628.2 1.49057 4.997755e+00 -2.587133e-04 1.530720e+00 -1.000379e+01 -6.154475e-01 -9.643072e+00
093638.3 1.87497 4.997740e+00 -1.298503e-04 1.508238e+00 -9.865433e+00 -6.375214e-01 -9.547568e+00
093654.5 2.25003 4.997743e+00 -1.095661e-05 1.478589e+00 -9.732817e+00 -6.643523e-01 -9.440714e+00
093706.7 2.62578 4.997736e+00 3.660948e-05 1.465040e+00 -9.589181e+00 -6.799550e-01 -9.306700e+00
093720.7 3.00001 4.997738e+00 9.834080e-06 1.469819e+00 -9.459351e+00 -6.909292e-01 -9.181707e+00
093732.6 3.37476 4.997774e+00 -2.539070e-05 1.472893e+00 -9.287172e+00 -7.035223e-01 -9.024171e+00
093741.1 3.74937 4.997773e+00 -4.759681e-05 1.464996e+00 -9.093331e+00 -7.222547e-01 -8.836287e+00
093749.1 4.12481 4.997787e+00 -6.067060e-05 1.450303e+00 -8.938964e+00 -7.302759e-01 -8.679621e+00
093756.8 4.50006 4.997777e+00 -7.708098e-05 1.438959e+00 -8.831175e+00 -7.443778e-01 -8.541037e+00
093808.0 4.87518 4.997757e+00 -6.916239e-05 1.421780e+00 -8.696850e+00 -7.499734e-01 -8.411276e+00
093817.6 5.24985 4.997716e+00 -5.044525e-05 1.441586e+00 -8.582618e+00 -7.694262e-01 -8.272548e+00
093842.7 5.61519 4.997763e+00 -6.037769e-05 1.459680e+00 -8.499318e+00 -7.697637e-01 -8.128310e+00
093851.9 6.00022 4.997766e+00 -9.964104e-05 1.445356e+00 -8.425682e+00 -7.869210e-01 -8.011622e+00
093919.2 6.36608 4.997769e+00 -1.089805e-04 1.424096e+00 -8.360352e+00 -8.062087e-01 -7.905523e+00
093927.8 6.74952 4.997696e+00 -8.352802e-05 1.394619e+00 -8.245512e+00 -8.218577e-01 -7.766047e+00
093935.9 7.12496 4.997786e+00 -6.661257e-05 1.381110e+00 -8.110377e+00 -8.357118e-01 -7.623769e+00
093944.8 7.49995 4.997736e+00 -8.526113e-05 1.377430e+00 -7.997184e+00 -8.416513e-01 -7.500691e+00
093952.5 7.87488 4.997681e+00 -1.034948e-04 1.361991e+00 -7.852280e+00 -8.499470e-01 -7.372996e+00
094004.9 8.24918 4.997725e+00 -9.282587e-05 1.360534e+00 -7.675000e+00 -8.574559e-01 -7.225829e+00
094016.1 8.62532 4.997752e+00 -6.819827e-05 1.365047e+00 -7.495315e+00 -8.706673e-01 -7.080572e+00
094026.9 9.00031 4.997682e+00 -6.078572e-05 1.365547e+00 -7.355566e+00 -8.851519e-01 -6.964341e+00
094038.9 9.37516 4.997743e+00 -6.675819e-05 1.339399e+00 -7.239350e+00 -9.022506e-01 -6.838602e+00
094052.7 9.74914 4.997839e+00 -5.809065e-05 1.317129e+00 -7.098481e+00 -9.106510e-01 -6.695559e+00
094101.1 10.1248 4.997827e+00 -6.475829e-05 1.331331e+00 -6.947604e+00 -9.205469e-01 -6.549448e+00
094109.3 10.5 4.997769e+00 -6.592888e-05 1.323666e+00 -6.802933e+00 -9.231300e-01 -6.426453e+00
094122.7 10.8751 4.997809e+00 -5.858441e-05 1.318736e+00 -6.670579e+00 -9.338471e-01 -6.316207e+00
094138.7 11.2499 4.997800e+00 -2.995412e-05 1.300141e+00 -6.527949e+00 -9.494580e-01 -6.172160e+00
094146.7 11.6243 4.997742e+00 4.270388e-08 1.282368e+00 -6.387452e+00 -1.035550e+00 -6.153371e+00
094155.9 12.0001 4.997706e+00 1.381770e-05 1.269101e+00 -6.261304e+00 -9.793736e-01 -5.929416e+00
094207.7 12.375 4.997726e+00 1.176793e-05 1.262918e+00 -6.145513e+00 -9.903380e-01 -5.816116e+00
094218.4 12.7499 4.997804e+00 7.271982e-06 1.261879e+00 -5.995700e+00 -9.940963e-01 -5.695749e+00
094226.6 13.1249 4.997871e+00 -6.051902e-06 1.265148e+00 -5.863445e+00 -1.004304e+00 -5.562780e+00
094235.2 13.4995 4.997761e+00 -3.166204e-05 1.253689e+00 -5.752738e+00 -1.014977e+00 -5.463713e+00
094258.7 13.865 4.997779e+00 -3.648167e-05 1.244075e+00 -5.637264e+00 -1.023467e+00 -5.345077e+00
094311.6 14.2491 4.997746e+00 -1.817967e-05 1.228685e+00 -5.487896e+00 -1.039469e+00 -5.205063e+00
094322.1 14.6251 4.997774e+00 1.719147e-05 1.213470e+00 -5.334524e+00 -1.051046e+00 -5.079509e+00
094330.6 15.0002 4.997763e+00 4.785288e-05 1.196128e+00 -5.255291e+00 -1.060865e+00 -4.974554e+00
094343.7 15.3746 4.997692e+00 6.414069e-05 1.204921e+00 -5.112783e+00 -1.069329e+00 -4.867439e+00
094356.1 15.7489 4.997814e+00 9.508504e-05 1.198080e+00 -4.967920e+00 -1.086417e+00 -4.736066e+00
094405.1 16.1245 4.997807e+00 1.353431e-04 1.188517e+00 -4.835800e+00 -1.104807e+00 -4.603420e+00
094417.8 16.5001 4.997804e+00 1.659248e-04 1.170280e+00 -4.720833e+00 -1.123954e+00 -4.498067e+00
094430.0 16.8753 4.997828e+00 2.015164e-04 1.149411e+00 -4.623353e+00 -1.139718e+00 -4.390375e+00
094442.5 17.2494 4.997817e+00 2.594307e-04 1.129520e+00 -4.487565e+00 -1.147376e+00 -4.258181e+00
094450.7 17.6247 4.997691e+00 3.350457e-04 1.118090e+00 -4.346250e+00 -1.159428e+00 -4.132405e+00
094459.2 18.0003 4.997791e+00 4.091986e-04 1.118456e+00 -4.229415e+00 -1.175246e+00 -4.034498e+00
094509.9 18.3748 4.997742e+00 4.529065e-04 1.111644e+00 -4.104008e+00 -1.187847e+00 -3.920040e+00
094524.3 18.7494 4.997761e+00 4.758654e-04 1.100674e+00 -3.967739e+00 -1.206013e+00 -3.798684e+00
094532.1 19.1251 4.997711e+00 4.774203e-04 1.085988e+00 -3.848149e+00 -1.219777e+00 -3.684236e+00
094539.9 19.5 4.997743e+00 4.405667e-04 1.068940e+00 -3.758527e+00 -1.235504e+00 -3.586675e+00
094548.6 19.8751 4.997748e+00 3.782115e-04 1.057750e+00 -3.665416e+00 -1.232765e+00 -3.496486e+00
094556.8 20.2499 4.997807e+00 3.390318e-04 1.056704e+00 -3.542951e+00 -1.240331e+00 -3.387484e+00
094606.3 20.6258 4.997734e+00 3.017275e-04 1.059911e+00 -3.418597e+00 -1.243721e+00 -3.274471e+00
094615.2 21.0002 4.997795e+00 2.512283e-04 1.056301e+00 -3.326444e+00 -1.255869e+00 -3.196986e+00
094730.4 21.3758 4.997767e+00 2.203405e-04 1.051776e+00 -3.232455e+00 -1.271114e+00 -3.108711e+00
094739.4 21.7505 4.997760e+00 1.940657e-04 1.040130e+00 -3.104700e+00 -1.283244e+00 -2.994326e+00
094748.4 22.1256 4.997816e+00 1.715012e-04 1.031102e+00 -2.993219e+00 -1.287597e+00 -2.883381e+00
094758.1 22.501 4.997806e+00 1.332625e-04 1.032283e+00 -2.909838e+00 -1.296814e+00 -2.794697e+00
094807.5 22.8756 4.997748e+00 1.001225e-04 1.032568e+00 -2.810409e+00 -1.301883e+00 -2.701250e+00
094819.1 23.2501 4.997765e+00 8.620133e-05 1.028129e+00 -2.699482e+00 -1.310956e+00 -2.597490e+00
094828.3 23.6244 4.997791e+00 8.145499e-05 1.016464e+00 -2.579527e+00 -1.324484e+00 -2.496549e+00
094838.4 24.0008 4.997788e+00 6.859544e-05 1.003240e+00 -2.482697e+00 -1.338880e+00 -2.414295e+00
094852.0 24.3748 4.997783e+00 5.859639e-05 9.897843e-01 -2.394275e+00 -1.349115e+00 -2.325512e+00
094901.2 24.75 4.997763e+00 6.225679e-05 9.756167e-01 -2.274517e+00 -1.359134e+00 -2.213425e+00
094910.0 25.1253 4.997799e+00 7.111485e-05 9.761966e-01 -2.166631e+00 -1.364550e+00 -2.114532e+00
094917.7 25.5 4.997761e+00 7.195649e-05 9.692425e-01 -2.087349e+00 -1.375212e+00 -2.038301e+00
094930.0 25.8753 4.997789e+00 8.059494e-05 9.448788e-01 -1.998845e+00 -1.388492e+00 -1.956115e+00
094941.1 26.25 4.997790e+00 1.041434e-04 9.261387e-01 -1.869787e+00 -1.404322e+00 -1.846742e+00
094950.1 26.6241 4.997768e+00 1.151670e-04 9.163604e-01 -1.759846e+00 -1.412114e+00 -1.747287e+00
095000.1 27.0012 4.997768e+00 1.103048e-04 9.042642e-01 -1.675816e+00 -1.426973e+00 -1.677440e+00
095011.4 27.375 4.997766e+00 9.864044e-05 9.007688e-01 -1.588865e+00 -1.433255e+00 -1.593458e+00
095025.2 27.7486 4.997786e+00 1.028440e-04 9.006835e-01 -1.478306e+00 -1.437864e+00 -1.490334e+00
095033.0 28.1246 4.997771e+00 1.100970e-04 8.895406e-01 -1.369754e+00 -1.457915e+00 -1.389216e+00
095040.6 28.5 4.997802e+00 1.124526e-04 8.803959e-01 -1.291144e+00 -1.470068e+00 -1.319620e+00
095102.3 28.8652 4.997791e+00 1.181752e-04 8.667838e-01 -1.213287e+00 -1.486484e+00 -1.245591e+00
095115.4 29.2493 4.997783e+00 1.328591e-04 8.443372e-01 -1.106264e+00 -1.497584e+00 -1.152624e+00
095124.5 29.625 4.997781e+00 1.323233e-04 8.308150e-01 -1.003587e+00 -1.505019e+00 -1.061110e+00
095132.7 30.0008 4.997775e+00 1.017398e-04 8.353765e-01 -9.306172e-01 -1.516352e+00 -9.886828e-01
095146.6 30.3748 4.997785e+00 9.115529e-05 8.357222e-01 -8.523373e-01 -1.526662e+00 -9.168029e-01
095208.5 30.7401 4.997741e+00 1.132994e-04 8.285565e-01 -7.474152e-01 -1.543028e+00 -8.293225e-01
095216.4 31.1244 4.997774e+00 1.458348e-04 8.099467e-01 -6.464485e-01 -1.559311e+00 -7.397089e-01
095224.7 31.4999 4.997790e+00 1.495444e-04 7.906122e-01 -5.789754e-01 -1.571274e+00 -6.832309e-01
095234.6 31.8746 4.997804e+00 1.558097e-04 7.760957e-01 -5.018254e-01 -1.578339e+00 -6.141920e-01
095242.3 32.2492 4.997795e+00 1.952812e-04 7.641217e-01 -3.929638e-01 -1.588152e+00 -5.192661e-01
095251.5 32.6246 4.997749e+00 2.257941e-04 7.557961e-01 -2.913520e-01 -1.599031e+00 -4.307315e-01
095300.4 33.0004 4.997787e+00 2.000753e-04 7.515304e-01 -2.272049e-01 -1.609795e+00 -3.751896e-01
095312.8 33.3746 4.997739e+00 1.566623e-04 7.398511e-01 -1.630591e-01 -1.619067e+00 -3.183853e-01
095321.1 33.7498 4.997788e+00 1.092441e-04 7.293708e-01 -8.453211e-02 -1.635789e+00 -2.320935e-01
095330.1 34.1257 4.997814e+00 5.720578e-05 7.172073e-01 1.527328e-03 -1.642416e+00 -1.531146e-01
095339.0 34.5006 4.997787e+00 1.531867e-05 7.044871e-01 7.240006e-02 -1.647564e+00 -8.945441e-02
095346.9 34.8749 4.997768e+00 -9.175308e-06 7.047252e-01 1.410115e-01 -1.654321e+00 -2.704800e-02
095356.8 35.2499 4.997766e+00 -8.662829e-07 7.062417e-01 2.263321e-01 -1.660308e+00 4.608306e-02
095407.0 35.6254 4.997748e+00 1.425710e-05 6.940588e-01 3.096764e-01 -1.669615e+00 1.211268e-01
095417.0 36.0006 4.997803e+00 1.722815e-05 6.865964e-01 3.651869e-01 -1.683321e+00 1.694013e-01
095428.6 36.3745 4.997779e+00 1.545888e-05 6.780351e-01 4.293627e-01 -1.696782e+00 2.320760e-01
095437.0 36.75 4.997753e+00 3.216840e-05 6.635223e-01 5.209552e-01 -1.701558e+00 3.099041e-01
095445.6 37.1243 4.997725e+00 5.473420e-05 6.523950e-01 6.085737e-01 -1.715019e+00 3.803820e-01
095453.5 37.5 4.997773e+00 5.481997e-05 6.457874e-01 6.599282e-01 -1.722442e+00 4.290062e-01
095501.1 37.8745 4.997803e+00 4.610863e-05 6.364786e-01 7.251107e-01 -1.741968e+00 4.911230e-01
095514.0 38.2494 4.997767e+00 5.151937e-05 6.189174e-01 8.155098e-01 -1.745526e+00 5.664001e-01
095526.0 38.6249 4.997787e+00 4.998841e-05 6.024659e-01 9.000263e-01 -1.759836e+00 6.378975e-01
095534.0 38.9995 4.997810e+00 3.323026e-05 5.918715e-01 9.564669e-01 -1.771979e+00 6.838663e-01
095547.9 39.3743 4.997809e+00 2.856924e-05 5.772905e-01 1.011070e+00 -1.777891e+00 7.332159e-01
095556.3 39.7496 4.997773e+00 3.664622e-05 5.781678e-01 1.086992e+00 -1.785748e+00 8.021317e-01
095604.9 40.125 4.997829e+00 5.330155e-05 5.817017e-01 1.161989e+00 -1.799085e+00 8.689497e-01
095613.3 40.4997 4.997784e+00 5.918201e-05 5.704511e-01 1.210152e+00 -1.815375e+00 9.089589e-01
095634.2 40.8649 4.997782e+00 5.316066e-05 5.588923e-01 1.261799e+00 -1.829098e+00 9.561182e-01
095642.0 41.2491 4.997794e+00 5.483849e-05 5.397099e-01 1.341489e+00 -1.836900e+00 1.021878e+00
095653.3 41.6258 4.997810e+00 4.820111e-05 5.304702e-01 1.407362e+00 -1.845034e+00 1.085407e+00
095702.3 42.0001 4.997822e+00 2.214536e-05 5.200675e-01 1.451482e+00 -1.855160e+00 1.121492e+00
095713.0 42.3747 4.997769e+00 6.979081e-06 5.157942e-01 1.507492e+00 -1.867482e+00 1.156534e+00
095735.5 42.7397 4.997786e+00 1.426935e-05 5.157478e-01 1.582975e+00 -1.878905e+00 1.228363e+00
095745.2 43.1256 4.997795e+00 2.622658e-05 5.029059e-01 1.659191e+00 -1.890454e+00 1.294769e+00
095752.9 43.5001 4.997767e+00 2.525029e-05 4.885218e-01 1.702466e+00 -1.904602e+00 1.331852e+00
095801.1 43.8748 4.997780e+00 3.981851e-05 4.727995e-01 1.750174e+00 -1.918266e+00 1.374941e+00
095813.7 44.2496 4.997767e+00 7.559871e-05 4.544735e-01 1.823203e+00 -1.928164e+00 1.429012e+00
095824.1 44.6256 4.997788e+00 9.419379e-05 4.464410e-01 1.885246e+00 -1.939839e+00 1.485959e+00
095838.4 45.0013 4.997803e+00 8.674499e-05 4.475016e-01 1.919695e+00 -1.946129e+00 1.515889e+00
095850.5 45.3748 4.997805e+00 8.270610e-05 4.381918e-01 1.962415e+00 -1.963432e+00 1.557580e+00
095859.9 45.7502 4.997767e+00 9.511393e-05 4.209320e-01 2.029301e+00 -1.976247e+00 1.608992e+00
095908.5 46.1245 4.997772e+00 9.985509e-05 4.057908e-01 2.096757e+00 -1.988138e+00 1.661176e+00
095917.0 46.5002 4.997771e+00 9.086877e-05 3.900659e-01 2.129394e+00 -2.001222e+00 1.682962e+00
095925.5 46.8742 4.997771e+00 9.373554e-05 3.713714e-01 2.160529e+00 -2.015295e+00 1.717021e+00
095935.6 47.2497 4.997802e+00 1.127697e-04 3.681245e-01 2.232237e+00 -2.021602e+00 1.768763e+00
095944.1 47.6254 4.997788e+00 1.224943e-04 3.686416e-01 2.293006e+00 -2.029688e+00 1.819835e+00
095953.2 47.9999 4.997782e+00 1.125679e-04 3.613030e-01 2.328876e+00 -2.037779e+00 1.844375e+00
100006.9 48.3741 4.997796e+00 1.061449e-04 3.488270e-01 2.357723e+00 -2.053802e+00 1.875336e+00
100019.8 48.7498 4.997825e+00 1.148807e-04 3.264494e-01 2.413938e+00 -2.066454e+00 1.921515e+00
100029.0 49.1255 4.997787e+00 1.141121e-04 3.171314e-01 2.461804e+00 -2.077070e+00 1.965077e+00
100036.5 49.4999 4.997797e+00 1.001352e-04 3.111763e-01 2.492925e+00 -2.082466e+00 1.988065e+00
100045.1 49.8752 4.997808e+00 9.288233e-05 3.106154e-01 2.526543e+00 -2.093483e+00 2.015095e+00
100056.0 50.2499 4.997741e+00 1.093404e-04 2.966368e-01 2.583609e+00 -2.105218e+00 2.057912e+00
100105.0 50.6248 4.997785e+00 1.166009e-04 2.826453e-01 2.634758e+00 -2.120469e+00 2.096925e+00
100115.2 51.0007 4.997742e+00 1.062536e-04 2.677019e-01 2.657558e+00 -2.134248e+00 2.110314e+00
100124.9 51.3754 4.997812e+00 9.077765e-05 2.529584e-01 2.679857e+00 -2.150069e+00 2.136511e+00
100137.7 51.7502 4.997782e+00 8.293790e-05 2.437706e-01 2.730535e+00 -2.160567e+00 2.184629e+00
100145.4 52.125 4.997803e+00 7.226205e-05 2.436644e-01 2.777537e+00 -2.169205e+00 2.223993e+00
100211.5 52.4902 4.997781e+00 7.074858e-05 2.491164e-01 2.802783e+00 -2.174706e+00 2.232441e+00
100223.6 52.8744 4.997802e+00 9.694535e-05 2.344985e-01 2.825839e+00 -2.182289e+00 2.241882e+00
100235.7 53.2499 4.997788e+00 1.308152e-04 2.110770e-01 2.873752e+00 -2.199339e+00 2.285344e+00
100244.3 53.6247 4.997801e+00 1.369224e-04 1.949731e-01 2.913790e+00 -2.217296e+00 2.317868e+00
100252.5 54.0003 4.997774e+00 1.348963e-04 1.770440e-01 2.936096e+00 -2.231344e+00 2.332701e+00
100302.4 54.3751 4.997826e+00 1.355074e-04 1.682684e-01 2.959394e+00 -2.233891e+00 2.350581e+00
100316.7 54.7495 4.997765e+00 1.473780e-04 1.673227e-01 3.002107e+00 -2.241799e+00 2.379288e+00
100324.5 55.1248 4.997802e+00 1.631491e-04 1.595491e-01 3.040080e+00 -2.248732e+00 2.404793e+00
100332.6 55.4995 4.997774e+00 1.607871e-04 1.450811e-01 3.059443e+00 -2.262654e+00 2.408291e+00
100345.6 55.8745 4.997796e+00 1.599705e-04 1.275020e-01 3.082415e+00 -2.284832e+00 2.427478e+00
100358.1 56.2491 4.997779e+00 1.728424e-04 1.089181e-01 3.131013e+00 -2.291973e+00 2.453049e+00
100407.7 56.6257 4.997748e+00 1.897028e-04 9.052185e-02 3.177157e+00 -2.304167e+00 2.480826e+00
100417.0 57.0003 4.997750e+00 1.980311e-04 8.902887e-02 3.179342e+00 -2.314075e+00 2.483534e+00
100430.2 57.3752 4.997754e+00 2.121664e-04 8.306601e-02 3.182391e+00 -2.323117e+00 2.496052e+00
100443.9 57.7491 4.997786e+00 2.375457e-04 8.245881e-02 3.225639e+00 -2.332498e+00 2.525977e+00
100451.9 58.1247 4.997782e+00 2.603079e-04 6.606623e-02 3.254886e+00 -2.346678e+00 2.554858e+00
100459.5 58.5001 4.997787e+00 2.732280e-04 5.025441e-02 3.265115e+00 -2.366504e+00 2.554238e+00
100507.6 58.8749 4.997762e+00 2.967746e-04 2.998223e-02 3.279981e+00 -2.375047e+00 2.555407e+00
100518.5 59.2499 4.997800e+00 3.413173e-04 1.394754e-02 3.322469e+00 -2.388379e+00 2.579941e+00
100526.8 59.6251 4.997731e+00 3.764044e-04 1.376449e-02 3.346895e+00 -2.404860e+00 2.607212e+00
100535.7 59.9998 4.997797e+00 4.060088e-04 1.952170e-03 3.348420e+00 -2.414123e+00 2.604624e+00
100552.0 60.3748 4.997809e+00 4.381434e-04 -1.695711e-02 3.360997e+00 -2.428963e+00 2.621846e+00
100600.6 60.7498 4.997800e+00 4.811727e-04 -3.826587e-02 3.391925e+00 -2.450036e+00 2.645360e+00
100609.6 61.1255 4.997791e+00 5.059549e-04 -5.232373e-02 3.418406e+00 -2.460944e+00 2.660117e+00
100617.1 61.5007 4.997788e+00 4.957044e-04 -6.403502e-02 3.419126e+00 -2.475562e+00 2.647402e+00
100625.3 61.8753 4.997801e+00 4.589639e-04 -6.776053e-02 3.423915e+00 -2.478951e+00 2.636148e+00
100632.8 62.2496 4.997822e+00 4.280279e-04 -6.406050e-02 3.447097e+00 -2.484158e+00 2.648965e+00
100642.3 62.6254 4.997774e+00 3.868933e-04 -7.232429e-02 3.467037e+00 -2.492033e+00 2.661877e+00
100723.0 62.9802 4.997757e+00 3.349096e-04 -8.380994e-02 3.454895e+00 -2.507213e+00 2.649435e+00
100734.1 63.375 4.997762e+00 3.238612e-04 -1.023544e-01 3.439283e+00 -2.515628e+00 2.626485e+00
100747.1 63.7492 4.997784e+00 3.305855e-04 -1.174752e-01 3.464803e+00 -2.525239e+00 2.641239e+00
100755.8 64.1251 4.997759e+00 3.267303e-04 -1.346891e-01 3.482836e+00 -2.540304e+00 2.654782e+00
100803.5 64.4999 4.997793e+00 2.941057e-04 -1.309868e-01 3.478377e+00 -2.545511e+00 2.640185e+00
100811.6 64.8744 4.997796e+00 2.556163e-04 -1.326354e-01 3.482805e+00 -2.548471e+00 2.631418e+00
100824.4 65.2491 4.997775e+00 2.387341e-04 -1.434193e-01 3.502432e+00 -2.558504e+00 2.637426e+00
100833.7 65.625 4.997763e+00 2.402174e-04 -1.565997e-01 3.511239e+00 -2.572819e+00 2.639576e+00
100842.9 65.9996 4.997837e+00 2.532944e-04 -1.710300e-01 3.493932e+00 -2.590168e+00 2.620078e+00
100853.9 66.3745 4.997799e+00 2.624129e-04 -1.852505e-01 3.484756e+00 -2.607282e+00 2.616456e+00
100906.4 66.7494 4.997820e+00 2.827656e-04 -1.957050e-01 3.505498e+00 -2.616083e+00 2.622515e+00
100914.7 67.1245 4.997810e+00 3.050505e-04 -2.004372e-01 3.523225e+00 -2.627578e+00 2.626592e+00
100923.7 67.5004 4.997800e+00 2.931226e-04 -2.132014e-01 3.510017e+00 -2.644385e+00 2.606102e+00
100932.0 67.8748 4.997754e+00 2.757593e-04 -2.268096e-01 3.483085e+00 -2.652814e+00 2.574551e+00
100945.1 68.2493 4.997807e+00 2.863103e-04 -2.398830e-01 3.495721e+00 -2.666654e+00 2.573811e+00
100953.7 68.6251 4.997784e+00 3.001017e-04 -2.560732e-01 3.505085e+00 -2.685810e+00 2.577687e+00
101002.3 69.0003 4.997784e+00 2.917378e-04 -2.657955e-01 3.490431e+00 -2.692547e+00 2.556759e+00
101012.7 69.3747 4.997827e+00 2.719800e-04 -2.731810e-01 3.476846e+00 -2.702741e+00 2.540046e+00
101027.3 69.7488 4.997781e+00 2.590023e-04 -2.780716e-01 3.486292e+00 -2.708024e+00 2.535451e+00
101035.0 70.1249 4.997765e+00 2.326515e-04 -2.894776e-01 3.485081e+00 -2.722417e+00 2.523138e+00
101047.0 70.4992 4.997793e+00 2.090008e-04 -3.036982e-01 3.461262e+00 -2.734371e+00 2.488475e+00
101058.2 70.8748 4.997800e+00 2.075191e-04 -3.266501e-01 3.452917e+00 -2.746865e+00 2.462182e+00
101110.6 71.2496 4.997790e+00 2.294685e-04 -3.486795e-01 3.455065e+00 -2.762588e+00 2.456205e+00
101118.8 71.625 4.997814e+00 2.430680e-04 -3.565748e-01 3.454581e+00 -2.772850e+00 2.445162e+00
101127.5 71.9999 4.997787e+00 2.412183e-04 -3.616677e-01 3.424156e+00 -2.788214e+00 2.415775e+00
101137.6 72.3752 4.997793e+00 2.335677e-04 -3.647265e-01 3.397936e+00 -2.790471e+00 2.390832e+00
101145.9 72.7494 4.997755e+00 2.322795e-04 -3.789718e-01 3.393625e+00 -2.804481e+00 2.381995e+00
101153.8 73.1247 4.997808e+00 2.174142e-04 -3.906905e-01 3.391200e+00 -2.816565e+00 2.370621e+00
101201.7 73.4998 4.997818e+00 1.886326e-04 -4.153299e-01 3.364917e+00 -2.826750e+00 2.335960e+00
101214.6 73.8746 4.997841e+00 1.786771e-04 -4.287082e-01 3.345251e+00 -2.844735e+00 2.294333e+00
101227.5 74.2493 4.997788e+00 1.826647e-04 -4.330219e-01 3.344650e+00 -2.852364e+00 2.291532e+00
101236.5 74.6254 4.997795e+00 1.713355e-04 -4.337314e-01 3.335786e+00 -2.855675e+00 2.270779e+00
101245.0 74.9994 4.997791e+00 1.400949e-04 -4.369799e-01 3.292163e+00 -2.858427e+00 2.221675e+00
101258.7 75.3744 4.997771e+00 1.157834e-04 -4.563731e-01 3.265084e+00 -2.869875e+00 2.186405e+00
101309.9 75.7496 4.997761e+00 1.127938e-04 -4.718499e-01 3.257905e+00 -2.885427e+00 2.164041e+00
101318.0 76.125 4.997853e+00 1.233922e-04 -4.933315e-01 3.245248e+00 -2.901992e+00 2.147684e+00
101325.9 76.5 4.997738e+00 1.267571e-04 -5.015319e-01 3.206405e+00 -2.909188e+00 2.105148e+00
101334.6 76.8747 4.997828e+00 1.286016e-04 -4.959828e-01 3.177330e+00 -2.919307e+00 2.068280e+00
101345.6 77.2499 4.997817e+00 1.414307e-04 -5.057622e-01 3.168394e+00 -2.923201e+00 2.055175e+00
101354.7 77.6251 4.997797e+00 1.554322e-04 -5.220630e-01 3.163403e+00 -2.940980e+00 2.028283e+00
101405.2 78.0008 4.997779e+00 1.550105e-04 -5.405939e-01 3.124544e+00 -2.956164e+00 1.973574e+00
101416.6 78.3747 4.997865e+00 1.543165e-04 -5.616003e-01 3.077779e+00 -2.970428e+00 1.930451e+00
101459.5 78.73 4.997797e+00 1.577375e-04 -5.725902e-01 3.070547e+00 -2.987015e+00 1.910382e+00
101508.4 79.1255 4.997831e+00 1.628023e-04 -5.827460e-01 3.048375e+00 -2.994469e+00 1.883853e+00
101516.5 79.4999 4.997778e+00 1.592801e-04 -5.815471e-01 3.005142e+00 -2.998341e+00 1.831797e+00
101524.4 79.8748 4.997794e+00 1.644662e-04 -5.910628e-01 2.965157e+00 -3.009892e+00 1.788405e+00
101537.2 80.2491 4.997794e+00 1.806453e-04 -6.124059e-01 2.951257e+00 -3.027288e+00 1.760372e+00
101550.2 80.6261 4.997803e+00 1.828665e-04 -6.321976e-01 2.932311e+00 -3.042612e+00 1.730463e+00
101558.7 81.0001 4.997812e+00 1.637967e-04 -6.498607e-01 2.880121e+00 -3.053179e+00 1.674340e+00
101610.2 81.3751 4.997810e+00 1.341534e-04 -6.571694e-01 2.834892e+00 -3.059197e+00 1.626999e+00
101619.9 81.7498 4.997814e+00 1.154365e-04 -6.556501e-01 2.820210e+00 -3.064352e+00 1.590821e+00
101628.6 82.1251 4.997795e+00 9.558464e-05 -6.572943e-01 2.791018e+00 -3.070099e+00 1.551313e+00
101637.8 82.5005 4.997818e+00 8.123640e-05 -6.708068e-01 2.732872e+00 -3.085498e+00 1.487913e+00
101649.5 82.8744 4.997815e+00 7.634955e-05 -6.854902e-01 2.682751e+00 -3.099644e+00 1.438029e+00
101657.7 83.2492 4.997747e+00 7.946600e-05 -7.053928e-01 2.658776e+00 -3.114149e+00 1.404509e+00
101722.9 83.6154 4.997781e+00 6.452585e-05 -7.247645e-01 2.632958e+00 -3.124773e+00 1.373832e+00
101731.5 84.0003 4.997782e+00 3.670121e-05 -7.298207e-01 2.575049e+00 -3.132381e+00 1.310039e+00
101742.2 84.3745 4.997779e+00 6.796071e-06 -7.276412e-01 2.520889e+00 -3.134871e+00 1.251582e+00
101805.0 84.7397 4.997793e+00 1.163390e-05 -7.290335e-01 2.497789e+00 -3.147556e+00 1.216614e+00
101813.0 85.1243 4.997781e+00 2.728189e-05 -7.529582e-01 2.458686e+00 -3.156078e+00 1.165632e+00
101820.9 85.4998 4.997803e+00 1.890578e-05 -7.660430e-01 2.397624e+00 -3.171031e+00 1.097818e+00
101829.6 85.8742 4.997817e+00 -8.113837e-07 -7.821686e-01 2.344515e+00 -3.186614e+00 1.035136e+00
101842.7 86.2494 4.997775e+00 -7.528143e-06 -7.964798e-01 2.314629e+00 -3.207234e+00 9.923373e-01
101851.3 86.6248 4.997781e+00 -8.266313e-06 -8.012224e-01 2.275708e+00 -3.212999e+00 9.485116e-01
101903.5 87.0001 4.997765e+00 -2.321882e-05 -8.005360e-01 2.208316e+00 -3.218595e+00 8.760010e-01
101914.0 87.3748 4.997793e+00 -2.210861e-05 -8.158952e-01 2.152803e+00 -3.228018e+00 8.129134e-01
101935.4 87.74 4.997788e+00 -5.167221e-06 -8.328860e-01 2.125447e+00 -3.239879e+00 7.719593e-01
101948.0 88.125 4.997768e+00 -4.807278e-06 -8.559896e-01 2.092295e+00 -3.263099e+00 7.201922e-01
101956.1 88.5001 4.997795e+00 -8.681201e-06 -8.674298e-01 2.023138e+00 -3.268912e+00 6.511469e-01
102004.3 88.8746 4.997798e+00 -1.026122e-05 -8.843512e-01 1.959969e+00 -3.279817e+00 5.854867e-01
102016.2 89.2496 4.997816e+00 3.727490e-06 -8.822086e-01 1.927039e+00 -3.285470e+00 5.307555e-01
102030.7 89.6254 4.997793e+00 1.126172e-05 -8.923424e-01 1.881351e+00 -3.299332e+00 4.755425e-01
102040.7 90.0004 4.997787e+00 -2.086426e-06 -9.042759e-01 1.808437e+00 -3.310623e+00 3.981518e-01
102051.3 90.3742 4.997808e+00 -1.170100e-05 -9.218923e-01 1.740128e+00 -3.323126e+00 3.249220e-01
102100.5 90.7501 4.997771e+00 -1.720363e-06 -9.441096e-01 1.695430e+00 -3.342417e+00 2.701626e-01
102109.0 91.1249 4.997756e+00 1.359205e-05 -9.582867e-01 1.654648e+00 -3.352663e+00 2.146269e-01
102117.4 91.4999 4.997828e+00 2.440269e-05 -9.688184e-01 1.581419e+00 -3.358377e+00 1.353712e-01
102125.3 91.8749 4.997778e+00 3.730511e-05 -9.690347e-01 1.515814e+00 -3.367855e+00 6.866574e-02
102137.2 92.2493 4.997747e+00 5.669280e-05 -9.844821e-01 1.471978e+00 -3.375646e+00 1.299022e-02
102146.3 92.6251 4.997782e+00 5.688204e-05 -1.004108e+00 1.419554e+00 -3.395158e+00 -5.006989e-02
102155.6 93 4.997806e+00 4.818872e-05 -1.021424e+00 1.346543e+00 -3.408538e+00 -1.247307e-01
102206.2 93.3751 4.997826e+00 5.776131e-05 -1.040360e+00 1.277633e+00 -3.424085e+00 -2.017000e-01
102220.1 93.7488 4.997804e+00 7.948514e-05 -1.050188e+00 1.228346e+00 -3.434294e+00 -2.535225e-01
102228.7 94.1249 4.997800e+00 8.366376e-05 -1.059280e+00 1.168267e+00 -3.434471e+00 -3.165004e-01
102236.2 94.4993 4.997792e+00 8.440228e-05 -1.063285e+00 1.087649e+00 -3.447835e+00 -4.046961e-01
102244.0 94.8742 4.997835e+00 1.173705e-04 -1.083697e+00 1.011566e+00 -3.464136e+00 -4.967151e-01
102255.8 95.2498 4.997834e+00 1.536694e-04 -1.101607e+00 9.623806e-01 -3.483371e+00 -5.520312e-01
102305.8 95.6254 4.997799e+00 1.866424e-04 -1.118551e+00 9.032625e-01 -3.496058e+00 -6.127951e-01
102314.8 96.0002 4.997793e+00 1.865385e-04 -1.133595e+00 8.184169e-01 -3.505548e+00 -7.061164e-01
102325.1 96.3747 4.997801e+00 1.824332e-04 -1.135605e+00 7.461882e-01 -3.512792e+00 -7.952671e-01
102336.5 96.75 4.997805e+00 1.827628e-04 -1.144155e+00 6.883812e-01 -3.516294e+00 -8.633172e-01
102344.8 97.1244 4.997778e+00 1.821153e-04 -1.156923e+00 6.313967e-01 -3.529841e+00 -9.339172e-01
102352.5 97.4998 4.997797e+00 1.706953e-04 -1.169781e+00 5.433249e-01 -3.546294e+00 -1.031879e+00
102402.5 97.8749 4.997797e+00 1.620457e-04 -1.187045e+00 4.638050e-01 -3.560138e+00 -1.121920e+00
102410.7 98.2492 4.997765e+00 1.727011e-04 -1.202735e+00 4.016427e-01 -3.577600e+00 -1.192834e+00
102433.2 98.6151 4.997777e+00 1.814693e-04 -1.216485e+00 3.428557e-01 -3.585930e+00 -1.265089e+00
102443.6 99.0007 4.997831e+00 1.704709e-04 -1.222583e+00 2.500189e-01 -3.588181e+00 -1.366973e+00
102456.0 99.3749 4.997778e+00 1.609031e-04 -1.233974e+00 1.522507e-01 -3.596762e+00 -1.459501e+00
102507.5 99.7499 4.997774e+00 1.566998e-04 -1.241447e+00 9.206911e-02 -3.609552e+00 -1.527641e+00
102515.4 100.125 4.997805e+00 1.341039e-04 -1.252755e+00 2.172459e-02 -3.623973e+00 -1.606881e+00
102524.7 100.5 4.997777e+00 1.021487e-04 -1.268073e+00 -7.801167e-02 -3.638521e+00 -1.711190e+00
102532.7 100.875 4.997780e+00 9.468712e-05 -1.285799e+00 -1.729274e-01 -3.650188e+00 -1.805349e+00
102542.8 101.25 4.997788e+00 1.138862e-04 -1.292694e+00 -2.408245e-01 -3.658552e+00 -1.879894e+00
102550.9 101.625 4.997741e+00 1.388914e-04 -1.298662e+00 -3.091282e-01 -3.668219e+00 -1.964094e+00
102600.5 102 4.997818e+00 1.562432e-04 -1.311008e+00 -4.088050e-01 -3.684503e+00 -2.071170e+00
102611.5 102.374 4.997768e+00 1.677970e-04 -1.328994e+00 -4.996005e-01 -3.693411e+00 -2.170221e+00
102620.4 102.749 4.997809e+00 1.722209e-04 -1.347005e+00 -5.744763e-01 -3.717327e+00 -2.254427e+00
102628.3 103.125 4.997829e+00 1.521746e-04 -1.368542e+00 -6.493022e-01 -3.729121e+00 -2.344463e+00
102636.0 103.5 4.997797e+00 1.121419e-04 -1.375541e+00 -7.569727e-01 -3.734947e+00 -2.454283e+00
102646.6 103.875 4.997797e+00 8.141899e-05 -1.377871e+00 -8.564536e-01 -3.738558e+00 -2.554710e+00
102659.9 104.249 4.997777e+00 1.052657e-04 -1.382058e+00 -9.276320e-01 -3.746830e+00 -2.636574e+00
102709.1 104.625 4.997798e+00 1.504236e-04 -1.401679e+00 -9.968237e-01 -3.755661e+00 -2.721087e+00
102718.1 105.001 4.997790e+00 1.619215e-04 -1.418704e+00 -1.101964e+00 -3.780204e+00 -2.839807e+00
102741.7 105.365 4.997777e+00 1.558643e-04 -1.439387e+00 -1.197631e+00 -3.797411e+00 -2.947406e+00
102755.9 105.749 4.997810e+00 1.522840e-04 -1.455780e+00 -1.275774e+00 -3.802187e+00 -3.020750e+00
102804.6 106.125 4.997763e+00 1.414793e-04 -1.466199e+00 -1.356715e+00 -3.811628e+00 -3.115198e+00
102812.4 106.5 4.997816e+00 1.325790e-04 -1.468863e+00 -1.472562e+00 -3.816505e+00 -3.231576e+00
102820.6 106.875 4.997794e+00 1.464460e-04 -1.482710e+00 -1.581498e+00 -3.831741e+00 -3.345707e+00
102841.7 107.24 4.997788e+00 1.830795e-04 -1.505660e+00 -1.660704e+00 -3.842454e+00 -3.438771e+00
102854.6 107.625 4.997828e+00 2.171774e-04 -1.524921e+00 -1.744483e+00 -3.868110e+00 -3.533752e+00
102903.6 108 4.997810e+00 2.289624e-04 -1.542264e+00 -1.855905e+00 -3.877789e+00 -3.653122e+00
102917.4 108.375 4.997769e+00 2.326276e-04 -1.557274e+00 -1.957211e+00 -3.894733e+00 -3.772165e+00
102925.7 108.749 4.997747e+00 2.398813e-04 -1.559012e+00 -2.043534e+00 -3.893549e+00 -3.861204e+00
102933.2 109.125 4.997791e+00 2.412238e-04 -1.554889e+00 -2.129742e+00 -3.901792e+00 -3.964285e+00
102941.0 109.5 4.997777e+00 2.216591e-04 -1.565354e+00 -2.255980e+00 -3.909441e+00 -4.090005e+00
102953.5 109.874 4.997794e+00 2.222145e-04 -1.590664e+00 -2.370166e+00 -3.924639e+00 -4.203645e+00
103006.0 110.249 4.997839e+00 2.358029e-04 -1.616105e+00 -2.444371e+00 -3.942378e+00 -4.296791e+00
103014.5 110.625 4.997799e+00 2.451535e-04 -1.630100e+00 -2.533754e+00 -3.949346e+00 -4.395287e+00
103024.6 111.001 4.997846e+00 2.209787e-04 -1.640187e+00 -2.655658e+00 -3.957884e+00 -4.519976e+00
103036.0 111.375 4.997823e+00 2.105272e-04 -1.642452e+00 -2.775036e+00 -3.966102e+00 -4.645518e+00
103044.2 111.75 4.997839e+00 2.216925e-04 -1.654965e+00 -2.872990e+00 -3.984904e+00 -4.754641e+00
103052.1 112.125 4.997814e+00 2.233082e-04 -1.672076e+00 -2.969528e+00 -3.993656e+00 -4.873925e+00
103059.6 112.5 4.997777e+00 2.124358e-04 -1.687625e+00 -3.100243e+00 -4.011647e+00 -5.001452e+00
103111.6 112.875 4.997773e+00 2.193106e-04 -1.704043e+00 -3.221399e+00 -4.024862e+00 -5.128483e+00
103134.7 113.24 4.997789e+00 2.431585e-04 -1.717980e+00 -3.310509e+00 -4.035928e+00 -5.224318e+00
103144.5 113.625 4.997792e+00 2.486427e-04 -1.723480e+00 -3.407466e+00 -4.037130e+00 -5.326299e+00
103153.3 114 4.997788e+00 2.174624e-04 -1.722068e+00 -3.534376e+00 -4.050331e+00 -5.452476e+00
103203.5 114.375 4.997760e+00 1.847746e-04 -1.734269e+00 -3.658628e+00 -4.067273e+00 -5.575263e+00
103216.9 114.749 4.997786e+00 1.725676e-04 -1.749052e+00 -3.761586e+00 -4.092484e+00 -5.672473e+00
103225.0 115.125 4.997802e+00 1.551264e-04 -1.770899e+00 -3.866523e+00 -4.125960e+00 -5.781297e+00
103232.6 115.5 4.997808e+00 1.090180e-04 -1.785617e+00 -4.002078e+00 -4.143912e+00 -5.903288e+00
103241.2 115.875 4.997815e+00 5.564972e-05 -1.805179e+00 -4.128283e+00 -4.159018e+00 -6.026984e+00
103251.8 116.25 4.997780e+00 3.330312e-05 -1.813843e+00 -4.245499e+00 -4.179234e+00 -6.129696e+00
103300.6 116.625 4.997841e+00 2.214553e-05 -1.823183e+00 -4.354624e+00 -4.212288e+00 -6.245811e+00
103309.8 117.001 4.997793e+00 8.406639e-06 -1.830404e+00 -4.483413e+00 -4.228584e+00 -6.364744e+00
103321.1 117.375 4.997843e+00 1.639859e-05 -1.849537e+00 -4.610047e+00 -4.258901e+00 -6.497340e+00
103330.2 117.75 4.997806e+00 5.732744e-05 -1.870937e+00 -4.721291e+00 -4.293870e+00 -6.621242e+00
103339.1 118.126 4.997773e+00 1.183452e-04 -1.894734e+00 -4.816790e+00 -4.325349e+00 -6.756626e+00
103349.2 118.501 4.997785e+00 1.826820e-04 -1.922048e+00 -4.946774e+00 -4.339892e+00 -6.932259e+00
103357.3 118.875 4.997823e+00 2.660432e-04 -1.952787e+00 -5.054375e+00 -4.353481e+00 -7.099074e+00
