% Fogale DL Rail Calibration results.
% DL=4, Date=2016-03-23T09:42:39
% Tunnel Temperature=17.94 oC
% Scan Range: 118.875 - 1.125 mOPL
% Metrology used: ENCODERS
% Sensors: CALIBRATED
% Name=NSC
% Comment=not executed at night
% WPS-Sensor tunnel center: WPS-7D6-005
% WPS-Sensor tunnel end: WPS-7D6-006
% DOMS-Sensor: DOM-7D2-003 S-330
% INCLINOMETER-Sensor: Inclinix
% TIMESTAMP[hhmmss.s] OPL-POSITION[m] DOMS[mm] INCL[rad] WPSTctrY[mm] WPSTctrZ[mm] WPSTendY[mm] WPSTendZ[mm]
094244.0 118.875 4.997829e+00 2.483578e-04 -1.941815e+00 -5.068374e+00 -4.334766e+00 -7.108367e+00
094254.2 118.5 4.997817e+00 1.663463e-04 -1.908405e+00 -4.960923e+00 -4.308883e+00 -6.940532e+00
094306.7 118.126 4.997815e+00 1.005937e-04 -1.879829e+00 -4.831396e+00 -4.282808e+00 -6.768009e+00
094315.6 117.751 4.997849e+00 3.936782e-05 -1.856724e+00 -4.736802e+00 -4.250003e+00 -6.632141e+00
094324.4 117.375 4.997829e+00 -2.745295e-07 -1.833955e+00 -4.624762e+00 -4.219185e+00 -6.508739e+00
094332.9 117 4.997760e+00 -6.704551e-06 -1.815647e+00 -4.497680e+00 -4.189720e+00 -6.374396e+00
094341.7 116.626 4.997845e+00 3.788518e-06 -1.809007e+00 -4.369487e+00 -4.177515e+00 -6.257193e+00
094350.8 116.25 4.997870e+00 1.449528e-05 -1.799670e+00 -4.260715e+00 -4.146143e+00 -6.140385e+00
094359.4 115.875 4.997782e+00 3.853756e-05 -1.790830e+00 -4.142928e+00 -4.128740e+00 -6.036696e+00
094409.6 115.5 4.997773e+00 8.990432e-05 -1.771868e+00 -4.016120e+00 -4.113320e+00 -5.913968e+00
094417.6 115.125 4.997754e+00 1.387215e-04 -1.757372e+00 -3.881505e+00 -4.095345e+00 -5.792044e+00
094430.9 114.75 4.997788e+00 1.549931e-04 -1.736658e+00 -3.775289e+00 -4.064924e+00 -5.683850e+00
094441.0 114.375 4.997851e+00 1.667251e-04 -1.720988e+00 -3.672983e+00 -4.037762e+00 -5.587194e+00
094449.8 114.001 4.997796e+00 2.011007e-04 -1.708040e+00 -3.549210e+00 -4.014052e+00 -5.464032e+00
094503.3 113.625 4.997789e+00 2.315918e-04 -1.706990e+00 -3.423653e+00 -3.996627e+00 -5.337971e+00
094511.3 113.25 4.997763e+00 2.242206e-04 -1.700187e+00 -3.331535e+00 -3.984446e+00 -5.240204e+00
094521.4 112.875 4.997780e+00 2.000213e-04 -1.681576e+00 -3.244073e+00 -3.965632e+00 -5.142266e+00
094533.5 112.501 4.997821e+00 1.958866e-04 -1.662401e+00 -3.126588e+00 -3.946590e+00 -5.015872e+00
094545.7 112.125 4.997792e+00 2.075624e-04 -1.645456e+00 -3.001531e+00 -3.930555e+00 -4.889328e+00
094611.1 111.741 4.997787e+00 2.041261e-04 -1.629073e+00 -2.905025e+00 -3.921395e+00 -4.768982e+00
094621.0 111.375 4.997781e+00 1.913945e-04 -1.620199e+00 -2.808678e+00 -3.902714e+00 -4.661694e+00
094648.6 110.99 4.997812e+00 2.058845e-04 -1.621015e+00 -2.684843e+00 -3.898270e+00 -4.532492e+00
094710.6 110.615 4.997830e+00 2.248588e-04 -1.612828e+00 -2.560411e+00 -3.881364e+00 -4.408176e+00
094718.5 110.25 4.997752e+00 2.189933e-04 -1.600376e+00 -2.472793e+00 -3.873876e+00 -4.312475e+00
094728.4 109.875 4.997798e+00 2.014183e-04 -1.574810e+00 -2.395680e+00 -3.853617e+00 -4.218376e+00
094740.9 109.501 4.997805e+00 2.041150e-04 -1.549028e+00 -2.278978e+00 -3.840999e+00 -4.105132e+00
094752.3 109.125 4.997807e+00 2.252111e-04 -1.535381e+00 -2.150021e+00 -3.826744e+00 -3.979514e+00
094800.9 108.75 4.997836e+00 2.247549e-04 -1.536300e+00 -2.063041e+00 -3.820696e+00 -3.880109e+00
094814.0 108.377 4.997819e+00 2.225409e-04 -1.532215e+00 -1.975410e+00 -3.814590e+00 -3.793231e+00
094841.1 107.991 4.997830e+00 2.293843e-04 -1.515569e+00 -1.871514e+00 -3.798588e+00 -3.673752e+00
094849.6 107.625 4.997793e+00 2.243627e-04 -1.497412e+00 -1.762763e+00 -3.785972e+00 -3.560427e+00
094857.1 107.25 4.997790e+00 1.943535e-04 -1.480987e+00 -1.681389e+00 -3.765648e+00 -3.468966e+00
094905.2 106.875 4.997823e+00 1.568049e-04 -1.460356e+00 -1.599133e+00 -3.754639e+00 -3.374454e+00
094917.1 106.501 4.997815e+00 1.423282e-04 -1.448726e+00 -1.491583e+00 -3.737682e+00 -3.259630e+00
094925.1 106.125 4.997849e+00 1.474961e-04 -1.449371e+00 -1.377290e+00 -3.736940e+00 -3.142543e+00
094934.2 105.75 4.997777e+00 1.522716e-04 -1.438926e+00 -1.296961e+00 -3.722986e+00 -3.046804e+00
094946.2 105.374 4.997817e+00 1.517112e-04 -1.424804e+00 -1.220561e+00 -3.717350e+00 -2.972066e+00
095017.9 104.991 4.997849e+00 1.538355e-04 -1.401888e+00 -1.120612e+00 -3.705822e+00 -2.856886e+00
095026.3 104.625 4.997833e+00 1.364846e-04 -1.385572e+00 -1.018016e+00 -3.684561e+00 -2.741409e+00
095036.2 104.25 4.997854e+00 8.496474e-05 -1.365054e+00 -9.508374e-01 -3.670351e+00 -2.655560e+00
095046.0 103.875 4.997838e+00 6.362373e-05 -1.360174e+00 -8.797429e-01 -3.663271e+00 -2.574083e+00
095057.9 103.501 4.997803e+00 9.310781e-05 -1.357918e+00 -7.791383e-01 -3.653691e+00 -2.472592e+00
095109.8 103.125 4.997845e+00 1.339953e-04 -1.350333e+00 -6.715885e-01 -3.643248e+00 -2.362723e+00
095119.7 102.75 4.997800e+00 1.537664e-04 -1.329283e+00 -5.972255e-01 -3.634607e+00 -2.274061e+00
095128.7 102.375 4.997796e+00 1.499230e-04 -1.311375e+00 -5.218964e-01 -3.618809e+00 -2.190602e+00
095138.3 102 4.997817e+00 1.388689e-04 -1.294634e+00 -4.309607e-01 -3.612445e+00 -2.090499e+00
095147.0 101.626 4.997803e+00 1.224394e-04 -1.282950e+00 -3.310581e-01 -3.595731e+00 -1.984022e+00
095155.6 101.25 4.997798e+00 9.744584e-05 -1.276119e+00 -2.613480e-01 -3.589595e+00 -1.900624e+00
095207.1 100.875 4.997786e+00 7.610540e-05 -1.268428e+00 -1.932373e-01 -3.574409e+00 -1.826458e+00
095219.1 100.501 4.997804e+00 8.672038e-05 -1.251463e+00 -9.853971e-02 -3.563468e+00 -1.732303e+00
095230.0 100.125 4.997815e+00 1.191329e-04 -1.235335e+00 -5.868672e-05 -3.551730e+00 -1.628001e+00
095239.8 99.75 4.997810e+00 1.408458e-04 -1.221921e+00 6.912744e-02 -3.540740e+00 -1.548988e+00
095249.1 99.3755 4.997845e+00 1.424755e-04 -1.211001e+00 1.269365e-01 -3.528398e+00 -1.480959e+00
095317.1 98.991 4.997804e+00 1.541805e-04 -1.197670e+00 2.262198e-01 -3.517971e+00 -1.385949e+00
095325.4 98.6248 4.997827e+00 1.659935e-04 -1.192029e+00 3.127439e-01 -3.506170e+00 -1.289999e+00
095334.5 98.2497 4.997844e+00 1.557501e-04 -1.178264e+00 3.726036e-01 -3.501025e+00 -1.215492e+00
095342.4 97.8758 4.997828e+00 1.458420e-04 -1.162883e+00 4.360299e-01 -3.483525e+00 -1.143070e+00
095354.9 97.5006 4.997780e+00 1.535222e-04 -1.148417e+00 5.167229e-01 -3.475416e+00 -1.053020e+00
095403.0 97.1253 4.997751e+00 1.639837e-04 -1.138178e+00 6.049512e-01 -3.460341e+00 -9.545322e-01
095415.8 96.7503 4.997789e+00 1.639175e-04 -1.124998e+00 6.622881e-01 -3.446205e+00 -8.834109e-01
095424.3 96.3757 4.997822e+00 1.630652e-04 -1.117318e+00 7.197382e-01 -3.442896e+00 -8.156456e-01
095435.9 96.0001 4.997798e+00 1.705375e-04 -1.114573e+00 7.925212e-01 -3.430447e+00 -7.261149e-01
095449.3 95.6255 4.997782e+00 1.694135e-04 -1.098857e+00 8.764022e-01 -3.420453e+00 -6.322382e-01
095457.1 95.2498 4.997818e+00 1.376741e-04 -1.080586e+00 9.364606e-01 -3.408885e+00 -5.745380e-01
095506.5 94.8749 4.997845e+00 1.005513e-04 -1.062786e+00 9.856385e-01 -3.393758e+00 -5.201930e-01
095518.9 94.5003 4.997801e+00 7.336040e-05 -1.041930e+00 1.060493e+00 -3.378896e+00 -4.289921e-01
095526.6 94.1259 4.997808e+00 7.415954e-05 -1.038398e+00 1.141563e+00 -3.362311e+00 -3.422482e-01
095536.6 93.7496 4.997853e+00 6.888315e-05 -1.027934e+00 1.201142e+00 -3.357462e+00 -2.802056e-01
095545.4 93.3757 4.997769e+00 4.580950e-05 -1.017737e+00 1.250075e+00 -3.344364e+00 -2.275046e-01
095601.8 93 4.997803e+00 3.413321e-05 -1.001051e+00 1.319937e+00 -3.327651e+00 -1.501068e-01
095613.4 92.6248 4.997804e+00 4.041679e-05 -9.847341e-01 1.391823e+00 -3.320025e+00 -7.461042e-02
095622.2 92.2493 4.997792e+00 4.125858e-05 -9.662814e-01 1.443542e+00 -3.304205e+00 -1.214940e-02
095634.2 91.8756 4.997835e+00 1.637425e-05 -9.503601e-01 1.487749e+00 -3.292968e+00 4.324913e-02
095644.5 91.4998 4.997815e+00 5.881011e-06 -9.489687e-01 1.553295e+00 -3.282664e+00 1.101057e-01
095655.2 91.125 4.997784e+00 -3.263842e-06 -9.393700e-01 1.626200e+00 -3.269345e+00 1.896566e-01
095705.0 90.7498 4.997770e+00 -1.894228e-05 -9.256137e-01 1.666574e+00 -3.261274e+00 2.438788e-01
095717.6 90.3758 4.997839e+00 -2.870366e-05 -9.027468e-01 1.711378e+00 -3.242203e+00 2.994916e-01
095731.1 90.0015 4.997781e+00 -1.905839e-05 -8.853929e-01 1.780397e+00 -3.234032e+00 3.710130e-01
095744.6 89.6258 4.997827e+00 -4.099644e-06 -8.736407e-01 1.853159e+00 -3.221753e+00 4.494736e-01
095753.4 89.25 4.997830e+00 -1.293342e-05 -8.628214e-01 1.897672e+00 -3.207368e+00 5.039838e-01
095805.0 88.8753 4.997821e+00 -2.689163e-05 -8.649425e-01 1.930542e+00 -3.201635e+00 5.583515e-01
095816.5 88.5003 4.997851e+00 -2.562900e-05 -8.486397e-01 1.993670e+00 -3.191162e+00 6.244080e-01
095829.2 88.1257 4.997781e+00 -1.966224e-05 -8.373805e-01 2.063741e+00 -3.186022e+00 6.930889e-01
095840.5 87.7493 4.997817e+00 -2.020536e-05 -8.168320e-01 2.096017e+00 -3.166303e+00 7.431494e-01
095851.5 87.3752 4.997799e+00 -3.876344e-05 -7.980008e-01 2.124089e+00 -3.159624e+00 7.846050e-01
095904.3 87.0004 4.997805e+00 -3.795814e-05 -7.831849e-01 2.179828e+00 -3.148821e+00 8.482234e-01
095918.7 86.6259 4.997821e+00 -2.755676e-05 -7.830030e-01 2.246367e+00 -3.139755e+00 9.197240e-01
095926.9 86.2502 4.997828e+00 -2.467122e-05 -7.770705e-01 2.284708e+00 -3.130030e+00 9.637496e-01
095939.1 85.8754 4.997797e+00 -1.661810e-05 -7.623471e-01 2.315790e+00 -3.108930e+00 1.007743e+00
095951.5 85.5007 4.997787e+00 4.044713e-06 -7.471703e-01 2.369645e+00 -3.095218e+00 1.069516e+00
095959.4 85.1255 4.997809e+00 1.001113e-05 -7.350801e-01 2.429818e+00 -3.080417e+00 1.137247e+00
100022.4 84.7407 4.997816e+00 -6.344665e-06 -7.111820e-01 2.469281e+00 -3.070499e+00 1.187834e+00
100033.4 84.375 4.997837e+00 -1.015155e-05 -7.100540e-01 2.491590e+00 -3.056038e+00 1.223046e+00
100059.1 83.9908 4.997830e+00 1.964416e-05 -7.107928e-01 2.548060e+00 -3.051795e+00 1.283949e+00
100107.9 83.6256 4.997782e+00 4.826805e-05 -7.068636e-01 2.602867e+00 -3.042977e+00 1.344584e+00
100116.0 83.2501 4.997804e+00 6.217765e-05 -6.869256e-01 2.629008e+00 -3.036454e+00 1.375812e+00
100124.2 82.8753 4.997789e+00 5.996908e-05 -6.674623e-01 2.653573e+00 -3.022561e+00 1.409833e+00
100133.1 82.4996 4.997831e+00 6.296504e-05 -6.531029e-01 2.704401e+00 -3.009641e+00 1.460592e+00
100144.3 82.125 4.997809e+00 8.298134e-05 -6.392945e-01 2.762179e+00 -2.994762e+00 1.523633e+00
100156.2 81.7498 4.997804e+00 9.812899e-05 -6.363410e-01 2.790175e+00 -2.989209e+00 1.563056e+00
100207.0 81.3751 4.997809e+00 1.167052e-04 -6.388459e-01 2.805326e+00 -2.978262e+00 1.600197e+00
100220.8 81.0009 4.997835e+00 1.458546e-04 -6.312529e-01 2.849701e+00 -2.976505e+00 1.646787e+00
100245.5 80.6155 4.997803e+00 1.663893e-04 -6.148121e-01 2.904234e+00 -2.964762e+00 1.704156e+00
100253.2 80.2501 4.997831e+00 1.622775e-04 -5.939711e-01 2.920210e+00 -2.950739e+00 1.732167e+00
100301.0 79.8754 4.997771e+00 1.453954e-04 -5.730255e-01 2.935039e+00 -2.937162e+00 1.760139e+00
100309.2 79.5005 4.997761e+00 1.404475e-04 -5.635177e-01 2.974616e+00 -2.924311e+00 1.804288e+00
100321.8 79.1249 4.997808e+00 1.458485e-04 -5.635289e-01 3.017601e+00 -2.918329e+00 1.855944e+00
100330.1 78.7497 4.997771e+00 1.411434e-04 -5.553909e-01 3.039189e+00 -2.909117e+00 1.880228e+00
100340.0 78.3754 4.997841e+00 1.346297e-04 -5.434324e-01 3.047398e+00 -2.895855e+00 1.902224e+00
100406.1 77.9907 4.997823e+00 1.388568e-04 -5.233500e-01 3.094433e+00 -2.881653e+00 1.945837e+00
100417.4 77.6252 4.997835e+00 1.360265e-04 -5.047850e-01 3.132156e+00 -2.870599e+00 1.999681e+00
100427.7 77.2504 4.997795e+00 1.221468e-04 -4.884928e-01 3.136590e+00 -2.854348e+00 2.026353e+00
100435.5 76.8751 4.997786e+00 1.109154e-04 -4.781836e-01 3.145392e+00 -2.844178e+00 2.038604e+00
100443.3 76.5005 4.997810e+00 1.092993e-04 -4.840977e-01 3.175090e+00 -2.833377e+00 2.075835e+00
100455.2 76.1253 4.997823e+00 1.033755e-04 -4.747924e-01 3.213631e+00 -2.828066e+00 2.118821e+00
100504.7 75.7492 4.997775e+00 9.650540e-05 -4.534846e-01 3.225964e+00 -2.810229e+00 2.134259e+00
100516.3 75.3748 4.997826e+00 9.811065e-05 -4.380674e-01 3.233036e+00 -2.793850e+00 2.156583e+00
100554.4 74.9801 4.997797e+00 1.248125e-04 -4.192220e-01 3.262173e+00 -2.788511e+00 2.195598e+00
100620.3 74.6151 4.997820e+00 1.551948e-04 -4.165199e-01 3.305356e+00 -2.782515e+00 2.241988e+00
100632.2 74.2498 4.997809e+00 1.634786e-04 -4.140614e-01 3.312579e+00 -2.774076e+00 2.260952e+00
100644.1 73.8751 4.997807e+00 1.610872e-04 -4.112217e-01 3.312912e+00 -2.765609e+00 2.264252e+00
100654.5 73.4999 4.997802e+00 1.728986e-04 -3.961015e-01 3.332459e+00 -2.749742e+00 2.306631e+00
100707.1 73.1259 4.997821e+00 1.998393e-04 -3.735307e-01 3.358872e+00 -2.741361e+00 2.339539e+00
100717.2 72.7504 4.997796e+00 2.161084e-04 -3.613048e-01 3.361178e+00 -2.730540e+00 2.351081e+00
100732.8 72.375 4.997828e+00 2.151218e-04 -3.471689e-01 3.365695e+00 -2.717796e+00 2.360313e+00
100741.6 72.0006 4.997797e+00 2.251069e-04 -3.439565e-01 3.391552e+00 -2.710297e+00 2.384718e+00
100756.4 71.625 4.997801e+00 2.269435e-04 -3.387416e-01 3.422222e+00 -2.693973e+00 2.414199e+00
100805.7 71.2499 4.997833e+00 2.151221e-04 -3.308495e-01 3.422341e+00 -2.683628e+00 2.423925e+00
100813.8 70.8753 4.997835e+00 1.915785e-04 -3.079626e-01 3.420078e+00 -2.664505e+00 2.430685e+00
100825.0 70.5006 4.997794e+00 1.948417e-04 -2.855219e-01 3.429446e+00 -2.655021e+00 2.457074e+00
100833.7 70.1251 4.997809e+00 2.155055e-04 -2.711775e-01 3.452458e+00 -2.648487e+00 2.491305e+00
100846.5 69.7494 4.997809e+00 2.421712e-04 -2.607959e-01 3.452673e+00 -2.629880e+00 2.503334e+00
100859.7 69.3753 4.997842e+00 2.543073e-04 -2.547054e-01 3.443956e+00 -2.623562e+00 2.508176e+00
100912.5 69.001 4.997829e+00 2.767018e-04 -2.480191e-01 3.458222e+00 -2.614759e+00 2.525142e+00
100927.0 68.6254 4.997843e+00 2.842011e-04 -2.381512e-01 3.474389e+00 -2.608601e+00 2.545321e+00
100936.0 68.25 4.997786e+00 2.694772e-04 -2.228916e-01 3.467847e+00 -2.593688e+00 2.542323e+00
100944.4 67.875 4.997783e+00 2.593182e-04 -2.114979e-01 3.457966e+00 -2.583399e+00 2.543372e+00
100952.4 67.5003 4.997818e+00 2.731504e-04 -1.985492e-01 3.488591e+00 -2.577162e+00 2.576183e+00
101003.6 67.125 4.997801e+00 2.846071e-04 -1.842760e-01 3.501814e+00 -2.558825e+00 2.596781e+00
101011.8 66.7496 4.997820e+00 2.667151e-04 -1.802497e-01 3.483266e+00 -2.546779e+00 2.592733e+00
101024.9 66.3752 4.997811e+00 2.458490e-04 -1.693310e-01 3.459837e+00 -2.536287e+00 2.585162e+00
101035.8 66.0002 4.997776e+00 2.410779e-04 -1.543844e-01 3.466905e+00 -2.520446e+00 2.589372e+00
101045.1 65.6251 4.997826e+00 2.250100e-04 -1.409142e-01 3.481533e+00 -2.504904e+00 2.607702e+00
101052.8 65.2502 4.997787e+00 2.200191e-04 -1.270226e-01 3.471437e+00 -2.493514e+00 2.604960e+00
101100.5 64.8751 4.997854e+00 2.380007e-04 -1.161243e-01 3.451484e+00 -2.482732e+00 2.599583e+00
101112.2 64.5008 4.997807e+00 2.756027e-04 -1.141690e-01 3.446825e+00 -2.473508e+00 2.608456e+00
101124.5 64.1252 4.997849e+00 3.093287e-04 -1.174392e-01 3.449916e+00 -2.468285e+00 2.624182e+00
101133.9 63.7493 4.997855e+00 3.057110e-04 -9.984288e-02 3.431417e+00 -2.451063e+00 2.612700e+00
101140.9 63.3748 4.997817e+00 2.949540e-04 -8.474598e-02 3.405873e+00 -2.438287e+00 2.600444e+00
101209.0 62.9908 4.997851e+00 2.972817e-04 -6.751212e-02 3.420800e+00 -2.430679e+00 2.625222e+00
101218.2 62.6257 4.997858e+00 3.491126e-04 -5.504196e-02 3.434056e+00 -2.426552e+00 2.639333e+00
101233.9 62.2499 4.997811e+00 3.934047e-04 -4.536637e-02 3.416432e+00 -2.410807e+00 2.624924e+00
101243.8 61.8752 4.997815e+00 4.300475e-04 -4.853504e-02 3.396213e+00 -2.403293e+00 2.611617e+00
101259.9 61.5003 4.997781e+00 4.750541e-04 -4.392716e-02 3.397190e+00 -2.399042e+00 2.621710e+00
101312.4 61.125 4.997796e+00 4.868772e-04 -3.375101e-02 3.399183e+00 -2.386444e+00 2.632768e+00
101322.6 60.7499 4.997846e+00 4.643233e-04 -2.060409e-02 3.370883e+00 -2.374687e+00 2.616826e+00
101331.2 60.3745 4.997821e+00 4.233071e-04 2.804913e-04 3.336087e+00 -2.361019e+00 2.592298e+00
101340.6 59.9995 4.997834e+00 3.899924e-04 1.831439e-02 3.319637e+00 -2.346304e+00 2.574492e+00
101348.9 59.6252 4.997842e+00 3.597266e-04 3.003230e-02 3.315196e+00 -2.333305e+00 2.575793e+00
101357.5 59.2496 4.997805e+00 3.238034e-04 3.077705e-02 3.289396e+00 -2.319695e+00 2.548987e+00
101406.2 58.8749 4.997793e+00 2.810021e-04 4.539157e-02 3.247041e+00 -2.306763e+00 2.524254e+00
101417.0 58.5005 4.997792e+00 2.579769e-04 6.602155e-02 3.232227e+00 -2.296429e+00 2.522125e+00
101424.7 58.1251 4.997797e+00 2.410228e-04 8.138039e-02 3.221284e+00 -2.282263e+00 2.523676e+00
101434.8 57.7495 4.997830e+00 2.144872e-04 9.763300e-02 3.192392e+00 -2.269315e+00 2.497053e+00
101448.1 57.3748 4.997791e+00 1.832934e-04 1.018991e-01 3.149440e+00 -2.254489e+00 2.468533e+00
101511.7 56.9901 4.997803e+00 1.633931e-04 1.089334e-01 3.146770e+00 -2.243853e+00 2.460422e+00
101533.4 56.615 4.997789e+00 1.520274e-04 1.094593e-01 3.143574e+00 -2.230130e+00 2.457728e+00
101541.9 56.2501 4.997818e+00 1.360748e-04 1.262842e-01 3.098223e+00 -2.216476e+00 2.428777e+00
101550.3 55.8751 4.997795e+00 1.280764e-04 1.448474e-01 3.051329e+00 -2.210860e+00 2.401463e+00
101601.6 55.5007 4.997822e+00 1.371002e-04 1.615848e-01 3.028794e+00 -2.196402e+00 2.379991e+00
101614.2 55.1258 4.997779e+00 1.433343e-04 1.755155e-01 3.009136e+00 -2.183317e+00 2.374049e+00
101624.4 54.7501 4.997815e+00 1.313773e-04 1.839778e-01 2.970866e+00 -2.168180e+00 2.346927e+00
101635.3 54.3753 4.997778e+00 1.195660e-04 1.850770e-01 2.929117e+00 -2.160201e+00 2.318375e+00
101715.4 53.9799 4.997875e+00 1.191106e-04 1.939269e-01 2.904847e+00 -2.155567e+00 2.299853e+00
101723.9 53.6253 4.997811e+00 1.233794e-04 2.108692e-01 2.882648e+00 -2.142684e+00 2.286483e+00
101732.4 53.2499 4.997814e+00 1.135391e-04 2.264111e-01 2.843746e+00 -2.127935e+00 2.254014e+00
101741.5 52.8747 4.997844e+00 7.839386e-05 2.485386e-01 2.796334e+00 -2.114285e+00 2.210224e+00
101751.2 52.4998 4.997769e+00 5.378305e-05 2.638531e-01 2.772329e+00 -2.097988e+00 2.202685e+00
101802.7 52.1251 4.997844e+00 5.815775e-05 2.604140e-01 2.747827e+00 -2.094633e+00 2.194503e+00
101814.1 51.7484 4.997816e+00 6.649711e-05 2.593863e-01 2.700882e+00 -2.084285e+00 2.153893e+00
101822.7 51.3758 4.997828e+00 7.377544e-05 2.698477e-01 2.651671e+00 -2.076539e+00 2.106796e+00
101838.6 51 4.997822e+00 9.144270e-05 2.817828e-01 2.628513e+00 -2.062368e+00 2.081056e+00
101902.3 50.6151 4.997840e+00 9.869057e-05 2.972958e-01 2.604875e+00 -2.057066e+00 2.066992e+00
101911.5 50.2499 4.997786e+00 9.029523e-05 3.114832e-01 2.554272e+00 -2.039639e+00 2.028068e+00
101919.2 49.8751 4.997798e+00 7.518428e-05 3.259463e-01 2.497681e+00 -2.020312e+00 1.986562e+00
101929.5 49.4998 4.997808e+00 8.419517e-05 3.257982e-01 2.464598e+00 -2.011518e+00 1.958533e+00
101944.6 49.1251 4.997829e+00 9.556677e-05 3.307361e-01 2.433057e+00 -2.004531e+00 1.936049e+00
101955.0 48.7487 4.997789e+00 9.515152e-05 3.404364e-01 2.384532e+00 -1.997611e+00 1.892434e+00
102002.0 48.3743 4.997829e+00 9.059468e-05 3.623068e-01 2.329430e+00 -1.985755e+00 1.846904e+00
102014.6 48.0008 4.997844e+00 9.568939e-05 3.745527e-01 2.300625e+00 -1.975638e+00 1.816251e+00
102023.5 47.6257 4.997829e+00 1.067432e-04 3.828470e-01 2.265245e+00 -1.959734e+00 1.791732e+00
102031.9 47.2501 4.997836e+00 9.584131e-05 3.830256e-01 2.203728e+00 -1.949939e+00 1.739885e+00
102042.0 46.8751 4.997824e+00 7.706328e-05 3.859384e-01 2.131703e+00 -1.943362e+00 1.688347e+00
102050.1 46.5004 4.997815e+00 7.364097e-05 4.033782e-01 2.100872e+00 -1.928514e+00 1.655077e+00
102057.9 46.1254 4.997804e+00 8.269996e-05 4.204449e-01 2.069055e+00 -1.918300e+00 1.632984e+00
102106.8 45.75 4.997839e+00 7.792377e-05 4.350033e-01 2.000749e+00 -1.909913e+00 1.580224e+00
102117.1 45.3747 4.997780e+00 6.568535e-05 4.515517e-01 1.935694e+00 -1.900494e+00 1.530047e+00
102128.0 45.0006 4.997741e+00 7.079107e-05 4.615778e-01 1.892397e+00 -1.872901e+00 1.488742e+00
102136.9 44.6254 4.997835e+00 7.677661e-05 4.598742e-01 1.857523e+00 -1.870378e+00 1.458822e+00
102145.4 44.2504 4.997824e+00 5.583941e-05 4.691115e-01 1.794615e+00 -1.854591e+00 1.403156e+00
102154.0 43.8756 4.997768e+00 1.852764e-05 4.886096e-01 1.723309e+00 -1.844338e+00 1.348568e+00
102204.9 43.4999 4.997876e+00 7.656436e-06 5.031946e-01 1.676009e+00 -1.830309e+00 1.305652e+00
102212.8 43.1256 4.997786e+00 6.729007e-06 5.164132e-01 1.631938e+00 -1.822418e+00 1.267512e+00
102223.0 42.7499 4.997831e+00 -5.252681e-06 5.290976e-01 1.558178e+00 -1.801069e+00 1.203504e+00
102232.5 42.3751 4.997824e+00 -1.098116e-05 5.305507e-01 1.481042e+00 -1.793016e+00 1.129893e+00
102314.4 41.9804 4.997828e+00 9.724445e-06 5.348953e-01 1.422902e+00 -1.784553e+00 1.096243e+00
102323.3 41.6254 4.997802e+00 3.211979e-05 5.443744e-01 1.380930e+00 -1.775778e+00 1.058747e+00
102331.2 41.2497 4.997821e+00 3.710410e-05 5.535363e-01 1.314661e+00 -1.768471e+00 9.949107e-01
102339.6 40.8749 4.997843e+00 3.961794e-05 5.705329e-01 1.237668e+00 -1.765336e+00 9.312789e-01
102350.3 40.4998 4.997810e+00 4.167365e-05 5.839681e-01 1.184704e+00 -1.753459e+00 8.824030e-01
102402.1 40.1249 4.997791e+00 3.576782e-05 5.957252e-01 1.136503e+00 -1.731029e+00 8.428510e-01
102411.7 39.7496 4.997808e+00 1.938787e-05 5.920223e-01 1.061099e+00 -1.719900e+00 7.753271e-01
102425.5 39.3749 4.997806e+00 1.123738e-05 5.907278e-01 9.862793e-01 -1.711301e+00 7.072645e-01
102437.0 39.0009 4.997786e+00 1.691095e-05 6.051796e-01 9.311213e-01 -1.700512e+00 6.581552e-01
102451.1 38.6252 4.997815e+00 3.405385e-05 6.147454e-01 8.753423e-01 -1.690365e+00 6.125603e-01
102458.9 38.2499 4.997833e+00 3.311427e-05 6.323245e-01 7.913724e-01 -1.682894e+00 5.404719e-01
102506.5 37.8751 4.997803e+00 2.961860e-05 6.506589e-01 7.009682e-01 -1.672073e+00 4.657097e-01
102518.1 37.5006 4.997826e+00 3.838544e-05 6.600823e-01 6.367912e-01 -1.649304e+00 4.039157e-01
102527.8 37.125 4.997837e+00 3.811677e-05 6.668131e-01 5.847854e-01 -1.643200e+00 3.554896e-01
102536.8 36.7503 4.997802e+00 1.344579e-05 6.773702e-01 4.980975e-01 -1.627148e+00 2.860364e-01
102548.5 36.3755 4.997859e+00 -4.172867e-06 6.922600e-01 4.068780e-01 -1.621352e+00 2.074389e-01
102559.3 36.0001 4.997823e+00 1.226232e-06 7.015584e-01 3.425892e-01 -1.613012e+00 1.457745e-01
102607.7 35.625 4.997805e+00 -3.843402e-06 7.069901e-01 2.870790e-01 -1.601402e+00 9.652392e-02
102616.8 35.2494 4.997798e+00 -1.793587e-05 7.190606e-01 2.030439e-01 -1.585638e+00 2.151426e-02
102628.6 34.8751 4.997803e+00 -2.392668e-05 7.181164e-01 1.178725e-01 -1.582712e+00 -5.160699e-02
102640.5 34.5009 4.997814e+00 -7.320801e-07 7.182418e-01 4.945078e-02 -1.574079e+00 -1.126813e-01
102656.8 34.1246 4.997852e+00 4.114301e-05 7.296784e-01 -2.126778e-02 -1.566868e+00 -1.768842e-01
102706.2 33.75 4.997828e+00 9.358371e-05 7.425440e-01 -1.081051e-01 -1.564243e+00 -2.556654e-01
102715.2 33.3747 4.997794e+00 1.385027e-04 7.519647e-01 -1.864122e-01 -1.556189e+00 -3.411889e-01
102755.2 32.9797 4.997785e+00 1.868924e-04 7.646363e-01 -2.537908e-01 -1.543045e+00 -4.004765e-01
102808.6 32.6253 4.997818e+00 2.086675e-04 7.683858e-01 -3.145613e-01 -1.531972e+00 -4.528504e-01
102816.3 32.2501 4.997793e+00 1.770100e-04 7.758612e-01 -4.160522e-01 -1.519629e+00 -5.415923e-01
102824.8 31.8747 4.997837e+00 1.382113e-04 7.884501e-01 -5.250807e-01 -1.505205e+00 -6.371888e-01
102838.0 31.5004 4.997805e+00 1.346411e-04 8.037146e-01 -6.022719e-01 -1.494608e+00 -7.054695e-01
102850.1 31.1251 4.997809e+00 1.297976e-04 8.239965e-01 -6.681353e-01 -1.487540e+00 -7.616933e-01
102901.7 30.7493 4.997824e+00 9.814772e-05 8.396288e-01 -7.673730e-01 -1.470847e+00 -8.494901e-01
102913.7 30.3748 4.997810e+00 7.315898e-05 8.496133e-01 -8.746575e-01 -1.454223e+00 -9.391877e-01
102922.2 30.0005 4.997794e+00 8.780606e-05 8.469022e-01 -9.521126e-01 -1.447029e+00 -1.010277e+00
102931.1 29.6255 4.997824e+00 1.189625e-04 8.433228e-01 -1.025575e+00 -1.435129e+00 -1.083340e+00
102938.9 29.2503 4.997822e+00 1.202928e-04 8.568329e-01 -1.127977e+00 -1.426956e+00 -1.174759e+00
102946.6 28.8754 4.997822e+00 1.022045e-04 8.773466e-01 -1.231532e+00 -1.417053e+00 -1.264989e+00
102958.7 28.5002 4.997802e+00 9.545016e-05 8.925711e-01 -1.311713e+00 -1.408653e+00 -1.341457e+00
103009.0 28.1248 4.997781e+00 9.416887e-05 9.016526e-01 -1.390243e+00 -1.395751e+00 -1.410867e+00
103018.4 27.7492 4.997834e+00 8.741039e-05 9.129433e-01 -1.500141e+00 -1.376813e+00 -1.511748e+00
103031.3 27.3753 4.997818e+00 8.331019e-05 9.127076e-01 -1.609640e+00 -1.371032e+00 -1.614741e+00
103054.3 26.9903 4.997806e+00 9.208966e-05 9.161038e-01 -1.698661e+00 -1.360716e+00 -1.700411e+00
103103.3 26.6257 4.997808e+00 1.022280e-04 9.268578e-01 -1.779681e+00 -1.344366e+00 -1.767720e+00
103111.7 26.2498 4.997799e+00 8.749561e-05 9.385549e-01 -1.889561e+00 -1.339987e+00 -1.867061e+00
103120.9 25.8749 4.997821e+00 6.254392e-05 9.548625e-01 -2.019288e+00 -1.326518e+00 -1.977024e+00
103132.8 25.5005 4.997840e+00 5.511348e-05 9.799417e-01 -2.106406e+00 -1.307236e+00 -2.058105e+00
103145.1 25.1256 4.997836e+00 5.629096e-05 9.868035e-01 -2.184639e+00 -1.294884e+00 -2.133920e+00
103154.2 24.7505 4.997828e+00 4.650543e-05 9.886189e-01 -2.292726e+00 -1.288363e+00 -2.233943e+00
103202.9 24.3752 4.997827e+00 4.068523e-05 1.001337e+00 -2.411765e+00 -1.277444e+00 -2.344931e+00
103213.8 23.9999 4.997805e+00 5.180054e-05 1.013776e+00 -2.499189e+00 -1.267877e+00 -2.434419e+00
103223.3 23.6249 4.997782e+00 6.499604e-05 1.026682e+00 -2.594800e+00 -1.257465e+00 -2.515176e+00
103231.8 23.2502 4.997803e+00 6.786353e-05 1.038825e+00 -2.716054e+00 -1.243345e+00 -2.616218e+00
103244.1 22.8754 4.997838e+00 8.249949e-05 1.043865e+00 -2.825771e+00 -1.232794e+00 -2.719278e+00
103255.8 22.5007 4.997839e+00 1.158884e-04 1.042599e+00 -2.923938e+00 -1.226938e+00 -2.811741e+00
103308.5 22.1254 4.997846e+00 1.544261e-04 1.041516e+00 -3.008481e+00 -1.220425e+00 -2.900082e+00
103317.3 21.7498 4.997790e+00 1.782300e-04 1.050641e+00 -3.121183e+00 -1.212829e+00 -3.012183e+00
103329.2 21.3746 4.997769e+00 2.003616e-04 1.060976e+00 -3.248156e+00 -1.207999e+00 -3.125989e+00
103343.1 20.9999 4.997787e+00 2.360395e-04 1.065814e+00 -3.342927e+00 -1.198550e+00 -3.216946e+00
103354.2 20.625 4.997806e+00 2.881031e-04 1.067559e+00 -3.436534e+00 -1.185626e+00 -3.292672e+00
103402.4 20.2501 4.997865e+00 3.230981e-04 1.065061e+00 -3.561499e+00 -1.178656e+00 -3.407164e+00
103414.9 19.8749 4.997822e+00 3.673517e-04 1.066580e+00 -3.683950e+00 -1.171564e+00 -3.515996e+00
103427.3 19.5008 4.997802e+00 4.280335e-04 1.077898e+00 -3.775607e+00 -1.168903e+00 -3.602510e+00
103435.2 19.1252 4.997798e+00 4.617004e-04 1.094783e+00 -3.866417e+00 -1.155436e+00 -3.701384e+00
103457.6 18.7399 4.997789e+00 4.595830e-04 1.110865e+00 -3.991764e+00 -1.147772e+00 -3.821174e+00
103508.0 18.375 4.997832e+00 4.334338e-04 1.119817e+00 -4.124383e+00 -1.127481e+00 -3.937888e+00
103518.5 18 4.997821e+00 3.923512e-04 1.127102e+00 -4.244696e+00 -1.114227e+00 -4.048021e+00
103530.4 17.6253 4.997839e+00 3.205974e-04 1.125873e+00 -4.361321e+00 -1.101120e+00 -4.145898e+00
103538.9 17.2496 4.997837e+00 2.442278e-04 1.138197e+00 -4.502043e+00 -1.087133e+00 -4.272119e+00
103547.2 16.8746 4.997822e+00 1.864298e-04 1.156392e+00 -4.637453e+00 -1.078447e+00 -4.404902e+00
103555.1 16.5003 4.997844e+00 1.479965e-04 1.176709e+00 -4.734543e+00 -1.065257e+00 -4.512221e+00
103604.1 16.125 4.997846e+00 1.172729e-04 1.195112e+00 -4.849459e+00 -1.051152e+00 -4.617598e+00
103613.0 15.75 4.997841e+00 8.167587e-05 1.204905e+00 -4.981074e+00 -1.030556e+00 -4.750968e+00
103623.2 15.375 4.997777e+00 4.835936e-05 1.212347e+00 -5.126516e+00 -1.016020e+00 -4.882300e+00
103636.5 15.0003 4.997820e+00 3.245537e-05 1.205292e+00 -5.256385e+00 -1.004777e+00 -4.988416e+00
103645.2 14.6251 4.997857e+00 2.336570e-06 1.220762e+00 -5.348017e+00 -9.931926e-01 -5.093462e+00
103656.2 14.2496 4.997831e+00 -3.415747e-05 1.234536e+00 -5.500761e+00 -9.816829e-01 -5.218719e+00
103703.7 13.8751 4.997844e+00 -5.331993e-05 1.248617e+00 -5.644803e+00 -9.657804e-01 -5.354929e+00
103714.4 13.5002 4.997816e+00 -4.640146e-05 1.259496e+00 -5.764114e+00 -9.585786e-01 -5.477851e+00
103722.3 13.1253 4.997855e+00 -2.166962e-05 1.270919e+00 -5.873652e+00 -9.426911e-01 -5.575526e+00
103732.1 12.7494 4.997814e+00 -7.326879e-06 1.268026e+00 -6.005942e+00 -9.342758e-01 -5.709218e+00
103740.5 12.3759 4.997774e+00 -2.171817e-06 1.270472e+00 -6.155430e+00 -9.322230e-01 -5.828687e+00
103753.1 12.0001 4.997815e+00 -1.085917e-06 1.274146e+00 -6.270881e+00 -9.213948e-01 -5.942325e+00
103802.1 11.6255 4.997807e+00 -1.467210e-05 1.288183e+00 -6.395278e+00 -9.703860e-01 -6.152842e+00
103811.9 11.2499 4.997808e+00 -4.339993e-05 1.305965e+00 -6.537209e+00 -8.925356e-01 -6.185771e+00
103821.2 10.8746 4.997807e+00 -7.353735e-05 1.324766e+00 -6.680647e+00 -8.755715e-01 -6.328710e+00
103829.7 10.5007 4.997809e+00 -8.174858e-05 1.329392e+00 -6.811938e+00 -8.625404e-01 -6.438055e+00
103838.9 10.1247 4.997805e+00 -7.664842e-05 1.338472e+00 -6.956687e+00 -8.585013e-01 -6.561623e+00
103848.8 9.75003 4.997781e+00 -7.570223e-05 1.324726e+00 -7.106239e+00 -8.486854e-01 -6.706800e+00
103905.1 9.37415 4.997843e+00 -8.102321e-05 1.343957e+00 -7.245475e+00 -8.456352e-01 -6.848175e+00
103919.0 9.00094 4.997781e+00 -7.592215e-05 1.370586e+00 -7.361642e+00 -8.332493e-01 -6.973821e+00
103927.1 8.62519 4.997827e+00 -8.130384e-05 1.370445e+00 -7.502213e+00 -8.205328e-01 -7.088413e+00
103935.0 8.25007 4.997800e+00 -1.099887e-04 1.365115e+00 -7.679151e+00 -8.069285e-01 -7.234751e+00
103945.2 7.87463 4.997772e+00 -1.185474e-04 1.366020e+00 -7.856979e+00 -7.988232e-01 -7.381733e+00
103956.1 7.50053 4.997815e+00 -1.002700e-04 1.381836e+00 -8.001580e+00 -7.918794e-01 -7.508431e+00
104004.2 7.12579 4.997765e+00 -8.260187e-05 1.384799e+00 -8.114910e+00 -7.891501e-01 -7.630558e+00
104013.4 6.74971 4.997840e+00 -9.881280e-05 1.398308e+00 -8.250159e+00 -7.768376e-01 -7.774028e+00
104027.2 6.37561 4.997818e+00 -1.245692e-04 1.426036e+00 -8.360849e+00 -7.601921e-01 -7.908769e+00
104041.7 5.99984 4.997835e+00 -1.133690e-04 1.448726e+00 -8.428121e+00 -7.441934e-01 -8.017638e+00
104111.9 5.61519 4.997828e+00 -7.683816e-05 1.462752e+00 -8.503088e+00 -7.213049e-01 -8.133510e+00
104123.2 5.24979 4.997793e+00 -6.662469e-05 1.447425e+00 -8.585037e+00 -7.220116e-01 -8.277977e+00
104131.5 4.87492 4.997771e+00 -8.466430e-05 1.424105e+00 -8.699479e+00 -7.117131e-01 -8.415833e+00
104142.3 4.49986 4.997782e+00 -9.002657e-05 1.441675e+00 -8.831712e+00 -7.068090e-01 -8.544984e+00
104150.4 4.12544 4.997820e+00 -7.710616e-05 1.453056e+00 -8.939987e+00 -6.982810e-01 -8.682977e+00
104159.1 3.7495 4.997849e+00 -6.589306e-05 1.466809e+00 -9.094855e+00 -6.937243e-01 -8.837974e+00
104207.8 3.3745 4.997791e+00 -4.285708e-05 1.474331e+00 -9.290166e+00 -6.867207e-01 -9.026751e+00
104220.8 3.00039 4.997808e+00 -7.461097e-06 1.470230e+00 -9.456800e+00 -6.743233e-01 -9.181573e+00
104236.4 2.62502 4.997780e+00 2.236491e-05 1.464683e+00 -9.587357e+00 -6.719758e-01 -9.307673e+00
104246.9 2.24964 4.997803e+00 -2.284692e-05 1.476778e+00 -9.730324e+00 -6.616779e-01 -9.440454e+00
104256.8 1.87529 4.997834e+00 -1.431341e-04 1.506647e+00 -9.862269e+00 -6.409818e-01 -9.547600e+00
104307.0 1.50017 4.997815e+00 -2.653359e-04 1.527185e+00 -9.997001e+00 -6.179454e-01 -9.641870e+00
104314.9 1.12447 4.997814e+00 -3.857572e-04 1.545651e+00 -1.018039e+01 -5.880890e-01 -9.738157e+00
