% Fogale DL Rail Calibration results.
% DL=4, Date=2016-03-23T08:41:49
% Tunnel Temperature=17.89 oC
% Scan Range: 1.125 - 118.875 mOPL
% Metrology used: ENCODERS
% Sensors: CALIBRATED
% Name=NSC
% Comment=not executed at night
% WPS-Sensor tunnel center: WPS-7D6-005
% WPS-Sensor tunnel end: WPS-7D6-006
% DOMS-Sensor: DOM-7D2-003 S-330
% INCLINOMETER-Sensor: Inclinix
% TIMESTAMP[hhmmss.s] OPL-POSITION[m] DOMS[mm] INCL[rad] WPSTctrY[mm] WPSTctrZ[mm] WPSTendY[mm] WPSTendZ[mm]
084432.9 1.12498 4.997779e+00 -3.884758e-04 1.546198e+00 -1.018246e+01 -5.894989e-01 -9.738245e+00
084446.4 1.50048 4.997787e+00 -2.702761e-04 1.528071e+00 -9.998109e+00 -6.140137e-01 -9.640786e+00
084454.2 1.87586 4.997730e+00 -1.461083e-04 1.506923e+00 -9.863034e+00 -6.373884e-01 -9.547133e+00
084506.5 2.25034 4.997804e+00 -2.522620e-05 1.476429e+00 -9.731695e+00 -6.638479e-01 -9.441360e+00
084521.1 2.62508 4.997773e+00 2.077264e-05 1.462842e+00 -9.588426e+00 -6.799795e-01 -9.307875e+00
084535.4 3.00008 4.997773e+00 -8.766570e-06 1.467213e+00 -9.458423e+00 -6.896025e-01 -9.183299e+00
084558.3 3.36529 4.997757e+00 -4.093521e-05 1.472266e+00 -9.294287e+00 -7.053305e-01 -9.029043e+00
084609.9 3.74988 4.997792e+00 -6.206769e-05 1.462560e+00 -9.092502e+00 -7.205373e-01 -8.837742e+00
084621.1 4.125 4.997738e+00 -7.761135e-05 1.448469e+00 -8.938443e+00 -7.300409e-01 -8.681162e+00
084629.4 4.50006 4.997789e+00 -9.235111e-05 1.436969e+00 -8.831573e+00 -7.401803e-01 -8.542878e+00
084637.8 4.87486 4.997765e+00 -8.438958e-05 1.419480e+00 -8.697619e+00 -7.486647e-01 -8.413811e+00
084646.4 5.25036 4.997753e+00 -6.669757e-05 1.439302e+00 -8.583366e+00 -7.665644e-01 -8.275662e+00
084655.4 5.6251 4.997794e+00 -7.773451e-05 1.457553e+00 -8.497058e+00 -7.638230e-01 -8.128058e+00
084704.8 6.00073 4.997787e+00 -1.145637e-04 1.443605e+00 -8.427467e+00 -7.839176e-01 -8.015547e+00
084715.4 6.37542 4.997786e+00 -1.236963e-04 1.420780e+00 -8.358141e+00 -7.972335e-01 -7.906804e+00
084723.5 6.74914 4.997755e+00 -9.941531e-05 1.392250e+00 -8.247854e+00 -8.182946e-01 -7.771373e+00
084731.9 7.12471 4.997775e+00 -8.374321e-05 1.378617e+00 -8.113256e+00 -8.348151e-01 -7.629219e+00
084740.3 7.50021 4.997820e+00 -1.028267e-04 1.375151e+00 -7.999641e+00 -8.378244e-01 -7.506682e+00
084748.8 7.87495 4.997772e+00 -1.205354e-04 1.359531e+00 -7.855003e+00 -8.451684e-01 -7.379307e+00
084810.6 8.24003 4.997723e+00 -1.095174e-04 1.360035e+00 -7.683638e+00 -8.570146e-01 -7.236142e+00
084823.2 8.62392 4.997798e+00 -8.305395e-05 1.364158e+00 -7.499516e+00 -8.652342e-01 -7.087320e+00
084831.8 9.00006 4.997769e+00 -7.756922e-05 1.364532e+00 -7.359921e+00 -8.784506e-01 -6.971438e+00
084846.8 9.37491 4.997711e+00 -8.174700e-05 1.338341e+00 -7.242765e+00 -8.971669e-01 -6.844939e+00
084855.0 9.74965 4.997699e+00 -7.604327e-05 1.317437e+00 -7.102600e+00 -9.064910e-01 -6.702965e+00
084903.1 10.1248 4.997769e+00 -7.874657e-05 1.330345e+00 -6.952513e+00 -9.138342e-01 -6.557551e+00
084911.7 10.4997 4.997831e+00 -8.138307e-05 1.322032e+00 -6.808804e+00 -9.174522e-01 -6.435310e+00
084924.7 10.875 4.997782e+00 -7.290870e-05 1.317949e+00 -6.676676e+00 -9.277644e-01 -6.324404e+00
084933.0 11.2492 4.997804e+00 -4.346709e-05 1.299625e+00 -6.533871e+00 -9.445464e-01 -6.180751e+00
084943.0 11.6252 4.997853e+00 -1.535542e-05 1.281843e+00 -6.393783e+00 -1.032974e+00 -6.164030e+00
084952.1 11.9994 4.997756e+00 -3.111315e-07 1.267492e+00 -6.268864e+00 -9.746612e-01 -5.939121e+00
085003.6 12.375 4.997796e+00 -4.002012e-06 1.262200e+00 -6.152786e+00 -9.832561e-01 -5.826510e+00
085012.9 12.7503 4.997778e+00 -8.632387e-06 1.261096e+00 -6.003104e+00 -9.905368e-01 -5.705596e+00
085022.0 13.1257 4.997726e+00 -2.384710e-05 1.264670e+00 -5.871412e+00 -9.987068e-01 -5.572510e+00
085030.4 13.4993 4.997756e+00 -4.801801e-05 1.253609e+00 -5.762131e+00 -1.007067e+00 -5.474514e+00
085042.7 13.8744 4.997798e+00 -5.183677e-05 1.241963e+00 -5.641942e+00 -1.016558e+00 -5.351807e+00
085106.3 14.24 4.997784e+00 -3.479185e-05 1.229544e+00 -5.502275e+00 -1.034756e+00 -5.218480e+00
085118.3 14.6249 4.997760e+00 3.544449e-06 1.214363e+00 -5.343849e+00 -1.041365e+00 -5.090475e+00
085130.5 15.0001 4.997777e+00 3.179014e-05 1.197483e+00 -5.265813e+00 -1.052369e+00 -4.986010e+00
085141.2 15.3751 4.997843e+00 4.821981e-05 1.205418e+00 -5.124001e+00 -1.062568e+00 -4.879817e+00
085155.4 15.7486 4.997736e+00 8.038111e-05 1.199625e+00 -4.979063e+00 -1.076785e+00 -4.748487e+00
085203.4 16.1247 4.997763e+00 1.154106e-04 1.190009e+00 -4.846724e+00 -1.095481e+00 -4.614366e+00
085212.0 16.5001 4.997803e+00 1.481908e-04 1.170903e+00 -4.732256e+00 -1.114234e+00 -4.509347e+00
085224.5 16.8745 4.997768e+00 1.864465e-04 1.151073e+00 -4.634128e+00 -1.128682e+00 -4.401878e+00
085237.3 17.2492 4.997815e+00 2.438855e-04 1.130807e+00 -4.499265e+00 -1.138640e+00 -4.269368e+00
085250.2 17.6247 4.997773e+00 3.202085e-04 1.119148e+00 -4.358715e+00 -1.150792e+00 -4.144009e+00
085258.7 17.9998 4.997761e+00 3.928586e-04 1.121216e+00 -4.242337e+00 -1.162941e+00 -4.045647e+00
085309.4 18.374 4.997765e+00 4.348391e-04 1.113700e+00 -4.115939e+00 -1.178785e+00 -3.931671e+00
085321.8 18.7496 4.997806e+00 4.594347e-04 1.101891e+00 -3.979656e+00 -1.199017e+00 -3.810382e+00
085330.3 19.1253 4.997757e+00 4.588866e-04 1.087471e+00 -3.860802e+00 -1.210906e+00 -3.696502e+00
085338.8 19.4997 4.997780e+00 4.238161e-04 1.070410e+00 -3.771637e+00 -1.224564e+00 -3.598848e+00
085346.9 19.8752 4.997793e+00 3.632054e-04 1.059042e+00 -3.678009e+00 -1.226405e+00 -3.508891e+00
085357.7 20.2495 4.997738e+00 3.190795e-04 1.058649e+00 -3.555694e+00 -1.233848e+00 -3.401508e+00
085410.3 20.6258 4.997823e+00 2.858528e-04 1.061627e+00 -3.432126e+00 -1.236634e+00 -3.288212e+00
085420.4 21.0004 4.997818e+00 2.347533e-04 1.058581e+00 -3.339425e+00 -1.247922e+00 -3.211706e+00
085432.0 21.3748 4.997799e+00 2.012051e-04 1.053593e+00 -3.246027e+00 -1.261028e+00 -3.123600e+00
085440.4 21.7495 4.997754e+00 1.792781e-04 1.042735e+00 -3.118774e+00 -1.274436e+00 -3.010424e+00
085451.0 22.1262 4.997766e+00 1.535762e-04 1.033390e+00 -3.005789e+00 -1.280839e+00 -2.897719e+00
085501.2 22.5007 4.997774e+00 1.153749e-04 1.034946e+00 -2.922493e+00 -1.286915e+00 -2.810138e+00
085510.2 22.8756 4.997778e+00 8.349272e-05 1.034935e+00 -2.823355e+00 -1.293577e+00 -2.717069e+00
085520.4 23.2498 4.997800e+00 6.810779e-05 1.029807e+00 -2.712683e+00 -1.304672e+00 -2.613516e+00
085529.4 23.6243 4.997751e+00 6.478814e-05 1.019161e+00 -2.592506e+00 -1.316792e+00 -2.512015e+00
085538.7 23.9999 4.997801e+00 5.205651e-05 1.006251e+00 -2.497382e+00 -1.327796e+00 -2.431752e+00
085548.8 24.3745 4.997744e+00 4.031260e-05 9.930379e-01 -2.408907e+00 -1.340223e+00 -2.342000e+00
085601.7 24.7497 4.997779e+00 4.601088e-05 9.789856e-01 -2.289630e+00 -1.349450e+00 -2.230761e+00
085611.7 25.1252 4.997788e+00 5.386251e-05 9.776965e-01 -2.182307e+00 -1.354425e+00 -2.131449e+00
085619.9 25.5003 4.997772e+00 5.460658e-05 9.726435e-01 -2.103896e+00 -1.365225e+00 -2.055777e+00
085631.9 25.874 4.997804e+00 6.443495e-05 9.483726e-01 -2.015992e+00 -1.378108e+00 -1.973559e+00
085644.5 26.2494 4.997795e+00 8.561005e-05 9.309553e-01 -1.886687e+00 -1.393646e+00 -1.863994e+00
085653.3 26.6251 4.997767e+00 1.006601e-04 9.193583e-01 -1.777135e+00 -1.403129e+00 -1.764300e+00
085702.8 27 4.997818e+00 9.176614e-05 9.075807e-01 -1.693706e+00 -1.416495e+00 -1.695840e+00
085714.1 27.3751 4.997809e+00 8.248101e-05 9.049574e-01 -1.606597e+00 -1.421840e+00 -1.611549e+00
085726.8 27.7501 4.997811e+00 8.454889e-05 9.045478e-01 -1.496373e+00 -1.431645e+00 -1.508644e+00
085735.3 28.1246 4.997808e+00 9.399876e-05 8.941860e-01 -1.387828e+00 -1.450472e+00 -1.407618e+00
085743.1 28.5002 4.997799e+00 9.549321e-05 8.852739e-01 -1.309269e+00 -1.459038e+00 -1.338860e+00
085751.2 28.8746 4.997804e+00 1.016005e-04 8.695605e-01 -1.229477e+00 -1.474918e+00 -1.261754e+00
085802.5 29.25 4.997801e+00 1.206585e-04 8.494915e-01 -1.125368e+00 -1.487511e+00 -1.171747e+00
085811.6 29.625 4.997786e+00 1.164980e-04 8.358625e-01 -1.022355e+00 -1.495757e+00 -1.080619e+00
085820.1 30.0013 4.997762e+00 8.625026e-05 8.395793e-01 -9.493114e-01 -1.508523e+00 -1.007722e+00
085831.9 30.3749 4.997796e+00 7.402501e-05 8.410351e-01 -8.714101e-01 -1.518838e+00 -9.356847e-01
085845.8 30.7493 4.997809e+00 9.977584e-05 8.316570e-01 -7.637249e-01 -1.531355e+00 -8.454809e-01
085857.5 31.1248 4.997769e+00 1.287466e-04 8.161058e-01 -6.661312e-01 -1.550385e+00 -7.585705e-01
085905.4 31.5 4.997824e+00 1.314451e-04 7.953661e-01 -5.991344e-01 -1.561467e+00 -7.029361e-01
085918.3 31.8744 4.997820e+00 1.391068e-04 7.808350e-01 -5.225867e-01 -1.566508e+00 -6.342974e-01
085929.5 32.2499 4.997787e+00 1.779604e-04 7.689257e-01 -4.126729e-01 -1.581486e+00 -5.386748e-01
085938.9 32.6261 4.997798e+00 2.093555e-04 7.601087e-01 -3.114346e-01 -1.590655e+00 -4.502472e-01
085948.0 33.0004 4.997774e+00 1.843726e-04 7.570878e-01 -2.478399e-01 -1.598838e+00 -3.949319e-01
085959.4 33.3747 4.997816e+00 1.396926e-04 7.452397e-01 -1.844861e-01 -1.608097e+00 -3.392247e-01
090012.6 33.7496 4.997780e+00 9.024666e-05 7.343582e-01 -1.056945e-01 -1.625528e+00 -2.531700e-01
090021.5 34.1253 4.997796e+00 4.098402e-05 7.223746e-01 -1.859910e-02 -1.631023e+00 -1.746319e-01
090030.4 34.5008 4.997827e+00 -2.049816e-06 7.091990e-01 5.130906e-02 -1.636998e+00 -1.108374e-01
090038.2 34.8748 4.997751e+00 -2.612284e-05 7.092785e-01 1.207134e-01 -1.643338e+00 -4.839936e-02
090051.0 35.2485 4.997817e+00 -1.864972e-05 7.115816e-01 2.049786e-01 -1.649260e+00 2.349582e-02
090101.4 35.6255 4.997782e+00 -2.360947e-06 6.997935e-01 2.890613e-01 -1.660075e+00 9.978332e-02
090112.0 36.001 4.997818e+00 3.886107e-06 6.925287e-01 3.449254e-01 -1.671552e+00 1.473795e-01
090137.3 36.365 4.997775e+00 -3.544465e-06 6.847601e-01 4.069080e-01 -1.685523e+00 2.081412e-01
090145.9 36.7495 4.997808e+00 1.625828e-05 6.685924e-01 5.002622e-01 -1.691084e+00 2.882329e-01
090154.4 37.1243 4.997785e+00 3.718332e-05 6.575748e-01 5.881417e-01 -1.704970e+00 3.576834e-01
090202.1 37.5003 4.997785e+00 3.848282e-05 6.513258e-01 6.393440e-01 -1.709539e+00 4.058909e-01
090210.1 37.8748 4.997803e+00 3.116213e-05 6.429991e-01 7.038302e-01 -1.727322e+00 4.682063e-01
090218.1 38.2492 4.997789e+00 3.507258e-05 6.248748e-01 7.940805e-01 -1.734313e+00 5.427653e-01
090226.5 38.6254 4.997814e+00 3.479205e-05 6.079012e-01 8.776807e-01 -1.746103e+00 6.149157e-01
090235.0 39.0004 4.997806e+00 1.647787e-05 5.977787e-01 9.341850e-01 -1.757687e+00 6.605479e-01
090245.8 39.375 4.997842e+00 1.248807e-05 5.828993e-01 9.882996e-01 -1.767480e+00 7.099144e-01
090254.1 39.7499 4.997817e+00 2.069958e-05 5.849474e-01 1.063694e+00 -1.774971e+00 7.780448e-01
090302.2 40.1251 4.997782e+00 3.782979e-05 5.878156e-01 1.138769e+00 -1.786546e+00 8.453105e-01
090309.8 40.5001 4.997810e+00 4.096601e-05 5.769800e-01 1.186275e+00 -1.804526e+00 8.853118e-01
090322.4 40.8755 4.997797e+00 3.793992e-05 5.637819e-01 1.240078e+00 -1.814168e+00 9.346375e-01
090334.9 41.249 4.997824e+00 3.767177e-05 5.465139e-01 1.317085e+00 -1.825425e+00 9.979304e-01
090344.1 41.625 4.997775e+00 3.075326e-05 5.364567e-01 1.383254e+00 -1.834388e+00 1.061285e+00
090357.9 42.0006 4.997787e+00 7.369566e-06 5.262913e-01 1.427193e+00 -1.843711e+00 1.097997e+00
090409.0 42.3749 4.997789e+00 -1.092620e-05 5.220162e-01 1.482970e+00 -1.854641e+00 1.132695e+00
090432.3 42.7398 4.997810e+00 -1.866793e-06 5.222062e-01 1.557764e+00 -1.867578e+00 1.203987e+00
090441.5 43.1247 4.997818e+00 7.180500e-06 5.088132e-01 1.633700e+00 -1.877413e+00 1.270045e+00
090450.1 43.4999 4.997746e+00 7.387809e-06 4.954630e-01 1.678123e+00 -1.890244e+00 1.307687e+00
090457.9 43.8746 4.997826e+00 1.982715e-05 4.798514e-01 1.724241e+00 -1.906347e+00 1.350189e+00
090506.7 44.2496 4.997803e+00 5.651060e-05 4.610770e-01 1.797121e+00 -1.917697e+00 1.405153e+00
090515.7 44.6244 4.997778e+00 7.667853e-05 4.522938e-01 1.859789e+00 -1.927572e+00 1.461192e+00
090524.7 45.0002 4.997820e+00 6.962661e-05 4.541730e-01 1.893849e+00 -1.935160e+00 1.491416e+00
090539.8 45.3748 4.997782e+00 6.702145e-05 4.445873e-01 1.937901e+00 -1.951784e+00 1.532856e+00
090617.1 45.7303 4.997790e+00 7.734345e-05 4.298295e-01 1.999605e+00 -1.963008e+00 1.580095e+00
090625.0 46.1252 4.997791e+00 8.310865e-05 4.130360e-01 2.070607e+00 -1.977557e+00 1.635691e+00
090633.0 46.4995 4.997815e+00 7.326281e-05 3.968197e-01 2.103232e+00 -1.988752e+00 1.657434e+00
090644.6 46.8747 4.997823e+00 7.627063e-05 3.779681e-01 2.135004e+00 -2.001811e+00 1.691931e+00
090655.6 47.25 4.997785e+00 9.673144e-05 3.756559e-01 2.206459e+00 -2.009325e+00 1.743647e+00
090705.5 47.6251 4.997811e+00 1.069559e-04 3.756539e-01 2.267727e+00 -2.018165e+00 1.794238e+00
090715.6 48.0006 4.997754e+00 9.650519e-05 3.679255e-01 2.302817e+00 -2.025695e+00 1.818105e+00
090728.2 48.3745 4.997787e+00 9.188781e-05 3.555386e-01 2.331335e+00 -2.041557e+00 1.849087e+00
090742.4 48.7491 4.997789e+00 9.745083e-05 3.335453e-01 2.386915e+00 -2.056035e+00 1.894931e+00
090751.0 49.1251 4.997820e+00 9.806141e-05 3.234080e-01 2.435440e+00 -2.061451e+00 1.937796e+00
090758.6 49.5 4.997841e+00 8.353039e-05 3.188441e-01 2.466784e+00 -2.069949e+00 1.960890e+00
090806.7 49.8748 4.997772e+00 7.699614e-05 3.174475e-01 2.499750e+00 -2.080901e+00 1.988065e+00
090819.8 50.2492 4.997803e+00 9.306541e-05 3.043372e-01 2.556125e+00 -2.092614e+00 2.030092e+00
090830.2 50.6247 4.997845e+00 9.715319e-05 2.893821e-01 2.607246e+00 -2.108830e+00 2.068273e+00
090839.5 51.0005 4.997821e+00 9.119285e-05 2.751181e-01 2.629818e+00 -2.120025e+00 2.082364e+00
090849.9 51.375 4.997773e+00 7.456777e-05 2.611414e-01 2.652832e+00 -2.135074e+00 2.108364e+00
090858.2 51.7494 4.997801e+00 6.792445e-05 2.508048e-01 2.702493e+00 -2.146125e+00 2.155944e+00
090908.0 52.1256 4.997833e+00 5.590066e-05 2.516871e-01 2.749378e+00 -2.155925e+00 2.196042e+00
090915.5 52.4998 4.997772e+00 5.472847e-05 2.552935e-01 2.773242e+00 -2.160950e+00 2.204018e+00
090926.8 52.8748 4.997788e+00 7.741674e-05 2.421545e-01 2.797763e+00 -2.168863e+00 2.212500e+00
090938.0 53.2493 4.997821e+00 1.127891e-04 2.179102e-01 2.845452e+00 -2.189127e+00 2.256215e+00
090946.1 53.6247 4.997830e+00 1.232463e-04 2.018166e-01 2.884741e+00 -2.205993e+00 2.288163e+00
090955.5 54.0003 4.997789e+00 1.197858e-04 1.850578e-01 2.907471e+00 -2.217265e+00 2.303351e+00
091038.8 54.3559 4.997805e+00 1.195420e-04 1.794817e-01 2.930061e+00 -2.223457e+00 2.320867e+00
091047.5 54.7492 4.997794e+00 1.314567e-04 1.756411e-01 2.972900e+00 -2.226388e+00 2.349226e+00
091056.0 55.1248 4.997832e+00 1.438477e-04 1.685667e-01 3.010688e+00 -2.234965e+00 2.376043e+00
091104.4 55.5 4.997790e+00 1.384908e-04 1.536723e-01 3.029813e+00 -2.247470e+00 2.381819e+00
091112.1 55.8744 4.997808e+00 1.285949e-04 1.366822e-01 3.051957e+00 -2.268724e+00 2.403447e+00
091124.9 56.2489 4.997837e+00 1.372287e-04 1.187658e-01 3.100077e+00 -2.273465e+00 2.430509e+00
091134.4 56.6255 4.997806e+00 1.516494e-04 1.002238e-01 3.146459e+00 -2.285488e+00 2.459331e+00
091144.5 57.001 4.997820e+00 1.636617e-04 9.794151e-02 3.148292e+00 -2.296771e+00 2.460888e+00
091155.8 57.3748 4.997831e+00 1.846855e-04 9.201172e-02 3.151412e+00 -2.306418e+00 2.470240e+00
091210.0 57.7485 4.997773e+00 2.143871e-04 9.111470e-02 3.194133e+00 -2.317765e+00 2.498634e+00
091221.9 58.1239 4.997775e+00 2.433350e-04 7.371181e-02 3.222931e+00 -2.332266e+00 2.525610e+00
091229.7 58.4996 4.997767e+00 2.579470e-04 5.956637e-02 3.233254e+00 -2.349901e+00 2.523785e+00
091237.7 58.8747 4.997800e+00 2.807322e-04 3.876961e-02 3.248110e+00 -2.360580e+00 2.525384e+00
091249.5 59.2501 4.997815e+00 3.222994e-04 2.218333e-02 3.291422e+00 -2.374342e+00 2.550998e+00
091302.9 59.6249 4.997804e+00 3.609132e-04 2.187029e-02 3.317047e+00 -2.388847e+00 2.578457e+00
091315.6 59.9998 4.997800e+00 3.904722e-04 1.124651e-02 3.321342e+00 -2.400548e+00 2.576431e+00
091433.9 60.374 4.997797e+00 4.217498e-04 -7.122642e-03 3.337658e+00 -2.412971e+00 2.594667e+00
091512.5 60.7299 4.997807e+00 4.632295e-04 -2.505537e-02 3.370075e+00 -2.432913e+00 2.616104e+00
091520.2 61.1255 4.997782e+00 4.866482e-04 -4.059694e-02 3.400195e+00 -2.444800e+00 2.634838e+00
091528.0 61.5005 4.997818e+00 4.740023e-04 -5.161561e-02 3.398028e+00 -2.456992e+00 2.623141e+00
091536.3 61.8748 4.997858e+00 4.286708e-04 -5.637693e-02 3.398600e+00 -2.461050e+00 2.613601e+00
091544.7 62.2497 4.997807e+00 3.900209e-04 -5.218507e-02 3.417969e+00 -2.468120e+00 2.627141e+00
091553.5 62.625 4.997796e+00 3.495237e-04 -6.023030e-02 3.435452e+00 -2.477518e+00 2.641406e+00
091602.8 63 4.997800e+00 2.957095e-04 -7.456990e-02 3.421882e+00 -2.486253e+00 2.627729e+00
091615.5 63.375 4.997810e+00 2.923262e-04 -9.119945e-02 3.406373e+00 -2.499276e+00 2.602603e+00
091653.5 63.7306 4.997791e+00 3.040921e-04 -1.061896e-01 3.432758e+00 -2.512777e+00 2.613911e+00
091702.7 64.1256 4.997763e+00 3.076411e-04 -1.245363e-01 3.451749e+00 -2.524868e+00 2.625548e+00
091711.7 64.5009 4.997794e+00 2.742185e-04 -1.219914e-01 3.447607e+00 -2.531548e+00 2.609958e+00
091719.8 64.8746 4.997788e+00 2.382901e-04 -1.239623e-01 3.452594e+00 -2.535934e+00 2.601018e+00
091731.7 65.2497 4.997809e+00 2.211483e-04 -1.351345e-01 3.472848e+00 -2.544508e+00 2.606783e+00
091753.3 65.615 4.997808e+00 2.240397e-04 -1.471156e-01 3.482624e+00 -2.560892e+00 2.610026e+00
091803.9 66.0006 4.997773e+00 2.374718e-04 -1.626020e-01 3.467493e+00 -2.577011e+00 2.590611e+00
091814.0 66.3748 4.997840e+00 2.464672e-04 -1.773796e-01 3.461110e+00 -2.591217e+00 2.587272e+00
091823.1 66.7491 4.997777e+00 2.653956e-04 -1.874110e-01 3.484814e+00 -2.603195e+00 2.594040e+00
091833.5 67.1251 4.997823e+00 2.876649e-04 -1.935227e-01 3.503226e+00 -2.615275e+00 2.598385e+00
091841.9 67.4998 4.997806e+00 2.745957e-04 -2.055365e-01 3.489628e+00 -2.628662e+00 2.576999e+00
091853.6 67.8746 4.997816e+00 2.583621e-04 -2.191641e-01 3.458912e+00 -2.638257e+00 2.544490e+00
091901.4 68.2491 4.997788e+00 2.690867e-04 -2.309053e-01 3.469021e+00 -2.653774e+00 2.543672e+00
091910.3 68.6252 4.997810e+00 2.836926e-04 -2.466779e-01 3.475284e+00 -2.669549e+00 2.547034e+00
091919.2 69.0004 4.997805e+00 2.744007e-04 -2.561991e-01 3.458729e+00 -2.676854e+00 2.526161e+00
091930.9 69.3744 4.997820e+00 2.541117e-04 -2.624911e-01 3.444770e+00 -2.687887e+00 2.509910e+00
091939.1 69.7498 4.997836e+00 2.425812e-04 -2.679215e-01 3.454671e+00 -2.692635e+00 2.504780e+00
091951.6 70.1248 4.997817e+00 2.177628e-04 -2.791816e-01 3.453876e+00 -2.706553e+00 2.492423e+00
091959.5 70.5001 4.997798e+00 1.936095e-04 -2.931064e-01 3.430107e+00 -2.717695e+00 2.458313e+00
092007.9 70.8747 4.997780e+00 1.915848e-04 -3.157365e-01 3.422075e+00 -2.729055e+00 2.431791e+00
092018.4 71.2501 4.997804e+00 2.139738e-04 -3.383302e-01 3.424032e+00 -2.745247e+00 2.425475e+00
092026.7 71.6253 4.997849e+00 2.268120e-04 -3.470895e-01 3.423487e+00 -2.758720e+00 2.415038e+00
092035.2 72.0003 4.997820e+00 2.264806e-04 -3.513364e-01 3.393071e+00 -2.771913e+00 2.385586e+00
092047.3 72.3755 4.997758e+00 2.164556e-04 -3.546687e-01 3.366449e+00 -2.775790e+00 2.361241e+00
092055.9 72.7491 4.997784e+00 2.154438e-04 -3.696538e-01 3.361999e+00 -2.792031e+00 2.352577e+00
092104.2 73.1245 4.997836e+00 2.000235e-04 -3.820326e-01 3.359292e+00 -2.801175e+00 2.340139e+00
092112.7 73.5006 4.997794e+00 1.720130e-04 -4.047844e-01 3.333520e+00 -2.809209e+00 2.306226e+00
092120.5 73.8744 4.997816e+00 1.621062e-04 -4.197405e-01 3.314267e+00 -2.829912e+00 2.264645e+00
092128.9 74.2492 4.997805e+00 1.649554e-04 -4.236061e-01 3.313855e+00 -2.837597e+00 2.261834e+00
092144.6 74.6256 4.997821e+00 1.579943e-04 -4.249302e-01 3.303915e+00 -2.841594e+00 2.241039e+00
092154.4 75.0004 4.997760e+00 1.231586e-04 -4.272793e-01 3.260523e+00 -2.843784e+00 2.191914e+00
092208.0 75.3747 4.997817e+00 9.934891e-05 -4.470647e-01 3.233555e+00 -2.853110e+00 2.156677e+00
092221.6 75.7495 4.997788e+00 9.432155e-05 -4.619533e-01 3.226331e+00 -2.869316e+00 2.134893e+00
092231.2 76.1255 4.997757e+00 1.061866e-04 -4.832192e-01 3.213893e+00 -2.889940e+00 2.119087e+00
092239.7 76.5 4.997723e+00 1.122621e-04 -4.932588e-01 3.175141e+00 -2.894987e+00 2.076210e+00
092247.9 76.8742 4.997793e+00 1.120988e-04 -4.871493e-01 3.146289e+00 -2.904867e+00 2.039685e+00
092309.0 77.2393 4.997816e+00 1.222574e-04 -4.952590e-01 3.137789e+00 -2.914143e+00 2.028003e+00
092317.2 77.6251 4.997792e+00 1.356349e-04 -5.128853e-01 3.132762e+00 -2.928338e+00 2.000452e+00
092331.5 77.9999 4.997789e+00 1.375139e-04 -5.307938e-01 3.094030e+00 -2.940758e+00 1.945187e+00
092343.4 78.3745 4.997827e+00 1.348735e-04 -5.518870e-01 3.047796e+00 -2.956933e+00 1.902747e+00
092354.7 78.7498 4.997837e+00 1.410601e-04 -5.641968e-01 3.040667e+00 -2.971022e+00 1.881418e+00
092403.3 79.1245 4.997816e+00 1.455865e-04 -5.736181e-01 3.018214e+00 -2.980911e+00 1.856536e+00
092411.0 79.5001 4.997841e+00 1.412977e-04 -5.723461e-01 2.974408e+00 -2.984199e+00 1.804213e+00
092422.6 79.8748 4.997788e+00 1.455974e-04 -5.814367e-01 2.934931e+00 -2.995468e+00 1.760969e+00
092434.6 80.25 4.997843e+00 1.625221e-04 -6.026470e-01 2.920816e+00 -3.011366e+00 1.732555e+00
092445.0 80.6246 4.997830e+00 1.642910e-04 -6.227025e-01 2.902417e+00 -3.028302e+00 1.702650e+00
092453.5 81.0003 4.997833e+00 1.453792e-04 -6.397632e-01 2.849982e+00 -3.039632e+00 1.646496e+00
092504.0 81.3748 4.997787e+00 1.174614e-04 -6.475758e-01 2.805325e+00 -3.041741e+00 1.599605e+00
092513.1 81.7502 4.997820e+00 9.666519e-05 -6.462309e-01 2.790468e+00 -3.050999e+00 1.563291e+00
092522.6 82.1253 4.997787e+00 8.129689e-05 -6.480773e-01 2.761988e+00 -3.056792e+00 1.523447e+00
092530.2 82.4998 4.997805e+00 6.494737e-05 -6.602593e-01 2.703953e+00 -3.066510e+00 1.460357e+00
092542.0 82.8745 4.997809e+00 5.881043e-05 -6.752586e-01 2.653816e+00 -3.082687e+00 1.410379e+00
092555.4 83.2497 4.997798e+00 6.254964e-05 -6.960315e-01 2.629543e+00 -3.100342e+00 1.376058e+00
092605.3 83.6256 4.997788e+00 4.642558e-05 -7.170212e-01 2.603243e+00 -3.108451e+00 1.345398e+00
092618.0 84.0006 4.997787e+00 2.112646e-05 -7.193723e-01 2.546376e+00 -3.116938e+00 1.282351e+00
092629.2 84.3748 4.997790e+00 -9.712161e-06 -7.182776e-01 2.492100e+00 -3.121062e+00 1.223556e+00
092643.0 84.7489 4.997791e+00 -4.075209e-06 -7.217635e-01 2.468220e+00 -3.133887e+00 1.188034e+00
092650.7 85.1243 4.997798e+00 1.100555e-05 -7.437859e-01 2.429794e+00 -3.143569e+00 1.137466e+00
092658.8 85.5001 4.997795e+00 2.409744e-06 -7.568002e-01 2.369285e+00 -3.160812e+00 1.069629e+00
092707.4 85.8744 4.997782e+00 -1.627641e-05 -7.714103e-01 2.315463e+00 -3.172359e+00 1.007499e+00
092718.6 86.2498 4.997778e+00 -2.509177e-05 -7.875464e-01 2.285126e+00 -3.193752e+00 9.639951e-01
092728.2 86.6254 4.997835e+00 -2.537284e-05 -7.926624e-01 2.245825e+00 -3.202466e+00 9.201508e-01
092737.2 87.0004 4.997843e+00 -3.864780e-05 -7.919173e-01 2.180319e+00 -3.204655e+00 8.481867e-01
092746.9 87.3748 4.997802e+00 -3.922106e-05 -8.061402e-01 2.124098e+00 -3.214670e+00 7.855075e-01
092800.4 87.7493 4.997808e+00 -2.036393e-05 -8.264050e-01 2.096455e+00 -3.226243e+00 7.433413e-01
092809.2 88.1255 4.997790e+00 -1.967447e-05 -8.473796e-01 2.063888e+00 -3.251742e+00 6.929569e-01
092817.1 88.5 4.997839e+00 -2.631235e-05 -8.584922e-01 1.994032e+00 -3.254399e+00 6.238284e-01
092824.9 88.8747 4.997795e+00 -2.539082e-05 -8.755925e-01 1.931348e+00 -3.263871e+00 5.586602e-01
092833.0 89.2496 4.997784e+00 -1.262830e-05 -8.730524e-01 1.898083e+00 -3.268852e+00 5.043465e-01
092842.0 89.6254 4.997820e+00 -4.477886e-06 -8.830736e-01 1.852968e+00 -3.281927e+00 4.488825e-01
092851.4 90.0005 4.997823e+00 -1.934516e-05 -8.951330e-01 1.779729e+00 -3.295745e+00 3.708881e-01
092901.8 90.3748 4.997781e+00 -2.988085e-05 -9.119392e-01 1.710759e+00 -3.305479e+00 2.985575e-01
092923.7 90.7401 4.997782e+00 -1.968665e-05 -9.339216e-01 1.667388e+00 -3.326297e+00 2.452962e-01
092931.9 91.1248 4.997790e+00 -2.190126e-06 -9.492670e-01 1.625513e+00 -3.335334e+00 1.887091e-01
092939.5 91.4998 4.997832e+00 8.778818e-06 -9.582942e-01 1.552294e+00 -3.341355e+00 1.092778e-01
092949.7 91.8753 4.997787e+00 1.730757e-05 -9.586869e-01 1.486983e+00 -3.347727e+00 4.318829e-02
092957.3 92.2493 4.997836e+00 4.143577e-05 -9.747382e-01 1.443132e+00 -3.362200e+00 -1.202650e-02
093006.5 92.6247 4.997812e+00 4.013596e-05 -9.935797e-01 1.391476e+00 -3.377669e+00 -7.546694e-02
093014.7 93.0003 4.997827e+00 3.387699e-05 -1.009043e+00 1.318744e+00 -3.386394e+00 -1.513237e-01
093028.1 93.3754 4.997776e+00 4.728568e-05 -1.027104e+00 1.249527e+00 -3.403476e+00 -2.279289e-01
093037.0 93.7499 4.997848e+00 7.024309e-05 -1.037022e+00 1.200620e+00 -3.413540e+00 -2.808022e-01
093045.0 94.1249 4.997811e+00 7.654479e-05 -1.045972e+00 1.140980e+00 -3.413994e+00 -3.426670e-01
093053.1 94.5001 4.997788e+00 7.381140e-05 -1.049505e+00 1.060123e+00 -3.427142e+00 -4.298922e-01
093105.8 94.8754 4.997827e+00 1.042421e-04 -1.070388e+00 9.847664e-01 -3.444543e+00 -5.198665e-01
093116.9 95.2501 4.997784e+00 1.394905e-04 -1.089390e+00 9.361320e-01 -3.461716e+00 -5.745445e-01
093125.4 95.6252 4.997761e+00 1.718967e-04 -1.107630e+00 8.762616e-01 -3.478916e+00 -6.330380e-01
093134.0 96.0004 4.997800e+00 1.696530e-04 -1.124611e+00 7.922288e-01 -3.489001e+00 -7.268774e-01
093144.5 96.375 4.997773e+00 1.647284e-04 -1.126715e+00 7.196949e-01 -3.494250e+00 -8.163615e-01
093209.5 96.7401 4.997800e+00 1.649001e-04 -1.132817e+00 6.633854e-01 -3.503638e+00 -8.821384e-01
093217.3 97.1248 4.997812e+00 1.646937e-04 -1.146074e+00 6.045295e-01 -3.515416e+00 -9.551530e-01
093225.1 97.5 4.997801e+00 1.541816e-04 -1.156782e+00 5.160757e-01 -3.529500e+00 -1.053209e+00
093237.6 97.8741 4.997837e+00 1.463969e-04 -1.171925e+00 4.348155e-01 -3.542554e+00 -1.143141e+00
093250.1 98.2489 4.997815e+00 1.563291e-04 -1.187061e+00 3.725913e-01 -3.560552e+00 -1.215765e+00
093258.4 98.6247 4.997827e+00 1.648836e-04 -1.200814e+00 3.120702e-01 -3.569049e+00 -1.289967e+00
093307.1 98.9997 4.997773e+00 1.542475e-04 -1.206646e+00 2.225905e-01 -3.574036e+00 -1.388780e+00
093318.2 99.3743 4.997802e+00 1.439383e-04 -1.220909e+00 1.265582e-01 -3.584390e+00 -1.481516e+00
093340.6 99.7406 4.997839e+00 1.423353e-04 -1.229084e+00 7.013836e-02 -3.597512e+00 -1.547914e+00
093349.1 100.125 4.997788e+00 1.183880e-04 -1.243994e+00 -4.452947e-04 -3.610671e+00 -1.628617e+00
093359.8 100.5 4.997835e+00 8.382910e-05 -1.259314e+00 -9.958802e-02 -3.625091e+00 -1.733335e+00
093408.2 100.875 4.997773e+00 7.878287e-05 -1.277532e+00 -1.934734e-01 -3.634374e+00 -1.827208e+00
093419.4 101.25 4.997808e+00 9.814684e-05 -1.285709e+00 -2.622505e-01 -3.645559e+00 -1.901419e+00
093428.3 101.625 4.997798e+00 1.230569e-04 -1.291659e+00 -3.313616e-01 -3.656521e+00 -1.985032e+00
093439.4 102 4.997811e+00 1.399427e-04 -1.302726e+00 -4.311113e-01 -3.670208e+00 -2.091361e+00
093450.3 102.375 4.997818e+00 1.498746e-04 -1.319455e+00 -5.221508e-01 -3.675818e+00 -2.190369e+00
093459.1 102.749 4.997824e+00 1.523148e-04 -1.337891e+00 -5.976010e-01 -3.698995e+00 -2.274137e+00
093508.4 103.125 4.997838e+00 1.340014e-04 -1.358925e+00 -6.725452e-01 -3.708600e+00 -2.363587e+00
093516.4 103.501 4.997779e+00 9.385178e-05 -1.367026e+00 -7.799319e-01 -3.714187e+00 -2.473728e+00
093524.2 103.874 4.997821e+00 6.385598e-05 -1.368109e+00 -8.799586e-01 -3.718080e+00 -2.574154e+00
093547.7 104.24 4.997778e+00 8.679353e-05 -1.371625e+00 -9.508923e-01 -3.728220e+00 -2.654095e+00
093557.2 104.625 4.997798e+00 1.369589e-04 -1.392767e+00 -1.018647e+00 -3.737963e+00 -2.741339e+00
093607.2 105.001 4.997788e+00 1.522343e-04 -1.410599e+00 -1.124716e+00 -3.763411e+00 -2.862062e+00
093617.9 105.374 4.997857e+00 1.529928e-04 -1.433173e+00 -1.222217e+00 -3.776967e+00 -2.973115e+00
093641.5 105.74 4.997826e+00 1.527296e-04 -1.446684e+00 -1.296384e+00 -3.784831e+00 -3.045614e+00
093649.4 106.125 4.997810e+00 1.476843e-04 -1.457856e+00 -1.378102e+00 -3.799957e+00 -3.143470e+00
093657.7 106.5 4.997779e+00 1.428090e-04 -1.457649e+00 -1.492749e+00 -3.800318e+00 -3.260518e+00
093709.5 106.875 4.997796e+00 1.583051e-04 -1.468143e+00 -1.600595e+00 -3.811888e+00 -3.375247e+00
093721.4 107.25 4.997834e+00 1.935795e-04 -1.489753e+00 -1.682471e+00 -3.821758e+00 -3.469546e+00
093730.4 107.625 4.997812e+00 2.234667e-04 -1.506819e+00 -1.763849e+00 -3.844128e+00 -3.561139e+00
093739.5 108 4.997824e+00 2.296226e-04 -1.523729e+00 -1.875087e+00 -3.855333e+00 -3.677511e+00
093750.4 108.374 4.997808e+00 2.218074e-04 -1.540383e+00 -1.976473e+00 -3.872729e+00 -3.793803e+00
093759.8 108.75 4.997789e+00 2.277663e-04 -1.544841e+00 -2.063622e+00 -3.873601e+00 -3.880556e+00
093807.9 109.125 4.997794e+00 2.244423e-04 -1.544209e+00 -2.151111e+00 -3.880825e+00 -3.980634e+00
093815.8 109.5 4.997808e+00 2.040975e-04 -1.555776e+00 -2.279913e+00 -3.891897e+00 -4.105613e+00
093824.2 109.874 4.997781e+00 2.020706e-04 -1.581509e+00 -2.396896e+00 -3.904131e+00 -4.219553e+00
093835.2 110.25 4.997785e+00 2.197135e-04 -1.606876e+00 -2.473759e+00 -3.920888e+00 -4.313657e+00
093843.6 110.625 4.997826e+00 2.251016e-04 -1.620399e+00 -2.565621e+00 -3.931368e+00 -4.412838e+00
093852.7 111.001 4.997812e+00 2.030540e-04 -1.628311e+00 -2.689747e+00 -3.941343e+00 -4.537190e+00
093903.7 111.375 4.997851e+00 1.926782e-04 -1.626759e+00 -2.809543e+00 -3.946623e+00 -4.663032e+00
093918.9 111.751 4.997845e+00 2.061057e-04 -1.635985e+00 -2.908292e+00 -3.967066e+00 -4.772827e+00
093927.6 112.124 4.997799e+00 2.072687e-04 -1.652539e+00 -3.002428e+00 -3.973423e+00 -4.891142e+00
093937.3 112.501 4.997818e+00 1.951537e-04 -1.668298e+00 -3.128601e+00 -3.991083e+00 -5.017109e+00
093945.7 112.875 4.997795e+00 2.018945e-04 -1.687789e+00 -3.244283e+00 -4.006590e+00 -5.143280e+00
093958.9 113.249 4.997797e+00 2.272485e-04 -1.706048e+00 -3.332157e+00 -4.018985e+00 -5.240648e+00
094008.0 113.625 4.997831e+00 2.313563e-04 -1.711964e+00 -3.424568e+00 -4.023176e+00 -5.339450e+00
094017.4 114 4.997829e+00 2.009129e-04 -1.711719e+00 -3.550364e+00 -4.034272e+00 -5.465712e+00
094031.9 114.375 4.997790e+00 1.659612e-04 -1.724303e+00 -3.673525e+00 -4.050514e+00 -5.587808e+00
094046.2 114.749 4.997841e+00 1.548659e-04 -1.739515e+00 -3.776693e+00 -4.076592e+00 -5.685518e+00
094054.4 115.124 4.997802e+00 1.379048e-04 -1.760695e+00 -3.882822e+00 -4.105942e+00 -5.793335e+00
094103.0 115.5 4.997800e+00 9.083220e-05 -1.775103e+00 -4.017708e+00 -4.126519e+00 -5.915547e+00
094111.8 115.875 4.997808e+00 3.771425e-05 -1.793750e+00 -4.144175e+00 -4.142370e+00 -6.038731e+00
094124.8 116.249 4.997817e+00 1.605078e-05 -1.803919e+00 -4.261388e+00 -4.161239e+00 -6.141855e+00
094137.5 116.625 4.997823e+00 3.056430e-06 -1.813253e+00 -4.370443e+00 -4.192942e+00 -6.257899e+00
094149.7 117 4.997816e+00 -6.143340e-06 -1.819706e+00 -4.498494e+00 -4.206920e+00 -6.376366e+00
094201.2 117.374 4.997820e+00 7.320796e-08 -1.838068e+00 -4.624369e+00 -4.239007e+00 -6.508603e+00
094210.1 117.749 4.997808e+00 3.939800e-05 -1.859916e+00 -4.736366e+00 -4.274190e+00 -6.631108e+00
094220.1 118.126 4.997857e+00 1.028273e-04 -1.883822e+00 -4.831140e+00 -4.305460e+00 -6.767294e+00
094228.2 118.5 4.997805e+00 1.676825e-04 -1.911394e+00 -4.960271e+00 -4.321894e+00 -6.940218e+00
094236.2 118.874 4.997788e+00 2.492164e-04 -1.941929e+00 -5.067918e+00 -4.335119e+00 -7.108219e+00
