% Fogale DL Rail Calibration results.
% DL=5, Date=2016-03-23T09:39:27
% Tunnel Temperature=17.94 oC
% Scan Range: 118.875 - 1.125 mOPL
% Metrology used: ENCODERS
% Sensors: CALIBRATED
% Name=NSC
% Comment=not executed at night
% WPS-Sensor tunnel center: WPS-7D6-003
% WPS-Sensor tunnel end: WPS-7D6-004
% DOMS-Sensor: DOM-7D2-003 S-330
% INCLINOMETER-Sensor: Inclinix
% TIMESTAMP[hhmmss.s] OPL-POSITION[m] DOMS[mm] INCL[rad] WPSTctrY[mm] WPSTctrZ[mm] WPSTendY[mm] WPSTendZ[mm]
093933.7 118.874 4.999733e+00 4.134236e-03 1.363444e+00 -5.853507e+00 -2.427366e+00 -5.685822e+00
093941.4 118.5 4.999752e+00 4.334556e-03 1.327667e+00 -5.708221e+00 -2.424988e+00 -5.606691e+00
093951.2 118.124 4.999737e+00 4.500812e-03 1.309454e+00 -5.562500e+00 -2.435509e+00 -5.517294e+00
094000.3 117.75 4.999727e+00 4.596220e-03 1.296735e+00 -5.428047e+00 -2.427921e+00 -5.421547e+00
094009.1 117.375 4.999769e+00 4.624747e-03 1.304932e+00 -5.311327e+00 -2.409630e+00 -5.295690e+00
094022.7 117 4.999725e+00 4.620438e-03 1.311395e+00 -5.162665e+00 -2.402883e+00 -5.131685e+00
094031.5 116.626 4.999741e+00 4.595172e-03 1.323535e+00 -5.018670e+00 -2.391963e+00 -4.963740e+00
094040.3 116.25 4.999759e+00 4.545620e-03 1.336785e+00 -4.900552e+00 -2.374175e+00 -4.818770e+00
094048.3 115.875 4.999732e+00 4.478980e-03 1.349768e+00 -4.789610e+00 -2.352099e+00 -4.675003e+00
094100.5 115.5 4.999732e+00 4.419148e-03 1.361527e+00 -4.656159e+00 -2.333836e+00 -4.512800e+00
094110.9 115.125 4.999773e+00 4.410241e-03 1.366839e+00 -4.513199e+00 -2.328713e+00 -4.342600e+00
094119.3 114.75 4.999745e+00 4.406886e-03 1.368570e+00 -4.395158e+00 -2.325028e+00 -4.215698e+00
094129.3 114.375 4.999733e+00 4.416406e-03 1.370697e+00 -4.278024e+00 -2.325656e+00 -4.097084e+00
094137.9 114 4.999739e+00 4.441188e-03 1.372665e+00 -4.149626e+00 -2.338108e+00 -3.969149e+00
094146.3 113.625 4.999786e+00 4.457156e-03 1.378586e+00 -4.003769e+00 -2.339014e+00 -3.824651e+00
094157.8 113.25 4.999768e+00 4.447627e-03 1.385068e+00 -3.883554e+00 -2.338114e+00 -3.705388e+00
094209.2 112.875 4.999755e+00 4.431382e-03 1.392921e+00 -3.781484e+00 -2.333435e+00 -3.587414e+00
094220.8 112.5 4.999750e+00 4.418383e-03 1.394972e+00 -3.659052e+00 -2.319411e+00 -3.450892e+00
094228.9 112.126 4.999761e+00 4.412507e-03 1.389184e+00 -3.521871e+00 -2.317211e+00 -3.310836e+00
094239.1 111.75 4.999758e+00 4.399463e-03 1.398309e+00 -3.410095e+00 -2.313900e+00 -3.190446e+00
094248.1 111.376 4.999762e+00 4.380518e-03 1.401554e+00 -3.300468e+00 -2.310134e+00 -3.078737e+00
094257.8 111 4.999749e+00 4.370949e-03 1.413707e+00 -3.171072e+00 -2.300472e+00 -2.942529e+00
094307.2 110.992 4.999753e+00 4.359630e-03 1.426232e+00 -3.036103e+00 -2.302214e+00 -2.814412e+00
094317.5 110.25 4.999737e+00 4.331863e-03 1.437112e+00 -2.935673e+00 -2.288794e+00 -2.699386e+00
094330.7 109.876 4.999736e+00 4.299959e-03 1.441421e+00 -2.850371e+00 -2.279099e+00 -2.589208e+00
094338.7 109.5 4.999716e+00 4.283146e-03 1.438115e+00 -2.727030e+00 -2.273018e+00 -2.460726e+00
094346.6 109.126 4.999749e+00 4.272540e-03 1.436924e+00 -2.588626e+00 -2.269693e+00 -2.324877e+00
094358.8 108.75 4.999738e+00 4.253845e-03 1.445668e+00 -2.483833e+00 -2.265885e+00 -2.211545e+00
094407.7 108.375 4.999756e+00 4.221866e-03 1.463662e+00 -2.390271e+00 -2.258468e+00 -2.109634e+00
094416.9 108.001 4.999718e+00 4.203300e-03 1.475135e+00 -2.272499e+00 -2.254765e+00 -1.990674e+00
094425.1 107.625 4.999742e+00 4.185412e-03 1.491279e+00 -2.153933e+00 -2.237947e+00 -1.861125e+00
094436.7 107.25 4.999729e+00 4.145790e-03 1.493915e+00 -2.060238e+00 -2.233816e+00 -1.745167e+00
094448.3 106.875 4.999741e+00 4.102594e-03 1.491100e+00 -1.969076e+00 -2.226440e+00 -1.636844e+00
094456.1 106.5 4.999747e+00 4.075513e-03 1.494285e+00 -1.852885e+00 -2.224796e+00 -1.522391e+00
094506.4 106.125 4.999750e+00 4.051704e-03 1.500791e+00 -1.732741e+00 -2.218142e+00 -1.398567e+00
094515.1 105.75 4.999741e+00 4.015750e-03 1.511965e+00 -1.638030e+00 -2.208662e+00 -1.299712e+00
094524.0 105.375 4.999767e+00 3.983090e-03 1.529548e+00 -1.550320e+00 -2.190454e+00 -1.209735e+00
094534.0 105 4.999739e+00 3.967922e-03 1.535670e+00 -1.444024e+00 -2.187098e+00 -1.092911e+00
094543.6 104.625 4.999764e+00 3.933376e-03 1.545681e+00 -1.330153e+00 -2.181422e+00 -9.611369e-01
094552.2 104.251 4.999760e+00 3.880367e-03 1.545475e+00 -1.239296e+00 -2.176835e+00 -8.664610e-01
094600.5 103.875 4.999715e+00 3.830733e-03 1.545881e+00 -1.157913e+00 -2.169940e+00 -7.716809e-01
094608.7 103.5 4.999773e+00 3.809662e-03 1.558839e+00 -1.053967e+00 -2.159849e+00 -6.654729e-01
094617.4 103.126 4.999778e+00 3.803157e-03 1.567098e+00 -9.341135e-01 -2.150458e+00 -5.445989e-01
094626.0 102.75 4.999750e+00 3.791006e-03 1.574712e+00 -8.472013e-01 -2.137974e+00 -4.511727e-01
094635.1 102.375 4.999796e+00 3.761223e-03 1.582742e+00 -7.679726e-01 -2.129969e+00 -3.625857e-01
094647.1 102 4.999773e+00 3.734066e-03 1.584637e+00 -6.634209e-01 -2.130050e+00 -2.468685e-01
094655.5 101.625 4.999738e+00 3.719087e-03 1.593430e+00 -5.520769e-01 -2.131741e+00 -1.316769e-01
094704.2 101.25 4.999757e+00 3.711116e-03 1.600241e+00 -4.667800e-01 -2.125605e+00 -3.354628e-02
094712.1 100.875 4.999756e+00 3.698967e-03 1.610908e+00 -3.840658e-01 -2.117093e+00 5.585015e-02
094720.2 100.5 4.999759e+00 3.700304e-03 1.614475e+00 -2.855869e-01 -2.109536e+00 1.590000e-01
094729.0 100.125 4.999739e+00 3.700786e-03 1.621839e+00 -1.913695e-01 -2.095166e+00 2.684490e-01
094739.9 99.75 4.999743e+00 3.692562e-03 1.617824e+00 -1.058014e-01 -2.094562e+00 3.626881e-01
094748.1 99.375 4.999742e+00 3.691129e-03 1.623318e+00 -3.524251e-02 -2.098527e+00 4.480940e-01
094757.8 99 4.999761e+00 3.711561e-03 1.629946e+00 7.195421e-02 -2.094053e+00 5.544338e-01
094811.2 98.6254 4.999722e+00 3.744636e-03 1.631232e+00 1.894081e-01 -2.091121e+00 6.729886e-01
094822.6 98.2503 4.999756e+00 3.777626e-03 1.634497e+00 2.662428e-01 -2.088436e+00 7.638531e-01
094833.9 97.8755 4.999722e+00 3.811854e-03 1.642256e+00 3.405201e-01 -2.080484e+00 8.484659e-01
094845.5 97.5 4.999752e+00 3.847810e-03 1.639696e+00 4.378079e-01 -2.075714e+00 9.579576e-01
094857.5 97.1252 4.999733e+00 3.879282e-03 1.635570e+00 5.351524e-01 -2.081137e+00 1.067910e+00
094909.5 96.7502 4.999771e+00 3.885793e-03 1.637609e+00 6.121653e-01 -2.073411e+00 1.143827e+00
094917.9 96.3751 4.999765e+00 3.885200e-03 1.653799e+00 6.855317e-01 -2.073640e+00 1.233142e+00
094927.2 96.0002 4.999758e+00 3.888718e-03 1.665165e+00 7.731676e-01 -2.064793e+00 1.330445e+00
094939.2 95.6255 4.999753e+00 3.890483e-03 1.678594e+00 8.812671e-01 -2.055226e+00 1.428570e+00
094950.9 95.2503 4.999765e+00 3.869971e-03 1.684628e+00 9.412955e-01 -2.048313e+00 1.507093e+00
095000.8 94.8747 4.999736e+00 3.819453e-03 1.685378e+00 1.000271e+00 -2.042191e+00 1.568183e+00
095008.3 94.5002 4.999749e+00 3.776273e-03 1.675950e+00 1.083309e+00 -2.040708e+00 1.668681e+00
095022.9 94.124 4.999768e+00 3.737496e-03 1.681931e+00 1.177908e+00 -2.032354e+00 1.773821e+00
095031.5 93.7502 4.999774e+00 3.714991e-03 1.690797e+00 1.249141e+00 -2.022773e+00 1.836278e+00
095039.9 93.3754 4.999744e+00 3.677812e-03 1.711553e+00 1.306493e+00 -2.014500e+00 1.899302e+00
095049.0 92.9996 4.999737e+00 3.649820e-03 1.721769e+00 1.384641e+00 -2.000923e+00 1.986633e+00
095102.3 92.6253 4.999747e+00 3.628052e-03 1.727143e+00 1.467187e+00 -1.998389e+00 2.079212e+00
095110.7 92.2499 4.999751e+00 3.605478e-03 1.724538e+00 1.530197e+00 -2.004234e+00 2.159012e+00
095121.4 91.8747 4.999778e+00 3.580277e-03 1.728281e+00 1.591500e+00 -1.989565e+00 2.223459e+00
095129.6 91.5001 4.999757e+00 3.572091e-03 1.740300e+00 1.669519e+00 -1.983432e+00 2.308523e+00
095141.9 91.1253 4.999749e+00 3.574777e-03 1.754489e+00 1.756639e+00 -1.969220e+00 2.395842e+00
095150.4 90.7502 4.999733e+00 3.563012e-03 1.760189e+00 1.813427e+00 -1.958367e+00 2.466917e+00
095158.8 90.375 4.999757e+00 3.552803e-03 1.768695e+00 1.869704e+00 -1.948538e+00 2.534367e+00
095209.9 89.9999 4.999765e+00 3.554538e-03 1.769418e+00 1.945297e+00 -1.943624e+00 2.617170e+00
095224.1 89.6253 4.999771e+00 3.557503e-03 1.770874e+00 2.033150e+00 -1.952993e+00 2.714669e+00
095235.8 89.2502 4.999748e+00 3.547424e-03 1.768075e+00 2.092033e+00 -1.942870e+00 2.781819e+00
095246.5 88.8747 4.999754e+00 3.542735e-03 1.775960e+00 2.139348e+00 -1.939195e+00 2.843079e+00
095257.1 88.5 4.999754e+00 3.560701e-03 1.788132e+00 2.211940e+00 -1.934531e+00 2.921087e+00
095309.2 88.1248 4.999760e+00 3.585045e-03 1.791953e+00 2.296489e+00 -1.926052e+00 3.006239e+00
095318.1 87.7502 4.999750e+00 3.593615e-03 1.793774e+00 2.351016e+00 -1.920997e+00 3.075013e+00
095327.3 87.3752 4.999744e+00 3.579121e-03 1.801590e+00 2.399592e+00 -1.928346e+00 3.132753e+00
095339.8 87.0003 4.999745e+00 3.583053e-03 1.807384e+00 2.462086e+00 -1.917114e+00 3.207481e+00
095348.0 86.625 4.999750e+00 3.588079e-03 1.811883e+00 2.526624e+00 -1.906338e+00 3.282430e+00
095356.2 86.2501 4.999772e+00 3.586742e-03 1.827692e+00 2.581651e+00 -1.900146e+00 3.338923e+00
095407.4 85.8753 4.999765e+00 3.583094e-03 1.832716e+00 2.631380e+00 -1.896445e+00 3.396882e+00
095415.4 85.5001 4.999750e+00 3.591975e-03 1.832022e+00 2.693612e+00 -1.890638e+00 3.478223e+00
095427.9 85.1249 4.999777e+00 3.597487e-03 1.831322e+00 2.763794e+00 -1.886670e+00 3.553395e+00
095437.3 84.7504 4.999801e+00 3.582805e-03 1.834562e+00 2.806722e+00 -1.888971e+00 3.611661e+00
095450.4 84.3758 4.999744e+00 3.563796e-03 1.837253e+00 2.849000e+00 -1.880561e+00 3.655853e+00
095504.0 84.0002 4.999749e+00 3.580349e-03 1.857128e+00 2.917885e+00 -1.866827e+00 3.733610e+00
095516.0 83.6248 4.999754e+00 3.601986e-03 1.862464e+00 2.992990e+00 -1.868471e+00 3.814183e+00
095527.4 83.25 4.999745e+00 3.608305e-03 1.874240e+00 3.032132e+00 -1.862901e+00 3.860634e+00
095537.5 82.8744 4.999755e+00 3.604956e-03 1.875967e+00 3.067734e+00 -1.855330e+00 3.914870e+00
095547.6 82.5002 4.999750e+00 3.627853e-03 1.875416e+00 3.125489e+00 -1.854303e+00 3.976791e+00
095555.3 82.1256 4.999772e+00 3.653084e-03 1.869961e+00 3.196503e+00 -1.856388e+00 4.041517e+00
095603.6 81.7502 4.999749e+00 3.660059e-03 1.871147e+00 3.237093e+00 -1.841824e+00 4.087202e+00
095614.8 81.3747 4.999738e+00 3.650333e-03 1.883534e+00 3.268709e+00 -1.840227e+00 4.134758e+00
095624.3 81.0004 4.999750e+00 3.654112e-03 1.896126e+00 3.310767e+00 -1.835792e+00 4.193779e+00
095632.5 80.6253 4.999750e+00 3.671780e-03 1.897459e+00 3.374461e+00 -1.826311e+00 4.261897e+00
095640.4 80.2501 4.999749e+00 3.680587e-03 1.892456e+00 3.410996e+00 -1.828190e+00 4.304603e+00
095652.3 79.875 4.999753e+00 3.676058e-03 1.900329e+00 3.446312e+00 -1.821273e+00 4.348342e+00
095706.5 79.5002 4.999749e+00 3.686860e-03 1.904072e+00 3.508082e+00 -1.813129e+00 4.408784e+00
095717.1 79.1245 4.999760e+00 3.713385e-03 1.913213e+00 3.575167e+00 -1.807340e+00 4.474975e+00
095725.3 78.75 4.999723e+00 3.733764e-03 1.925859e+00 3.601654e+00 -1.807664e+00 4.519134e+00
095734.2 78.3757 4.999751e+00 3.721985e-03 1.932291e+00 3.613174e+00 -1.798516e+00 4.545875e+00
095742.7 78.0002 4.999724e+00 3.718310e-03 1.939953e+00 3.666077e+00 -1.790010e+00 4.608073e+00
095751.2 77.6254 4.999749e+00 3.718385e-03 1.935131e+00 3.719084e+00 -1.790179e+00 4.665814e+00
095802.0 77.2499 4.999781e+00 3.717256e-03 1.933685e+00 3.750006e+00 -1.786633e+00 4.711855e+00
095810.2 76.8753 4.999747e+00 3.733014e-03 1.947427e+00 3.779050e+00 -1.776099e+00 4.740088e+00
095822.3 76.5002 4.999792e+00 3.762581e-03 1.945594e+00 3.821948e+00 -1.772353e+00 4.784848e+00
095834.7 76.1255 4.999775e+00 3.785971e-03 1.949974e+00 3.867499e+00 -1.774396e+00 4.845671e+00
095845.2 75.7499 4.999780e+00 3.786325e-03 1.956735e+00 3.898850e+00 -1.764515e+00 4.884805e+00
095854.5 75.3755 4.999781e+00 3.780521e-03 1.963979e+00 3.916716e+00 -1.761945e+00 4.914084e+00
095903.3 75.0004 4.999778e+00 3.776304e-03 1.963591e+00 3.960671e+00 -1.759862e+00 4.971137e+00
095913.1 74.625 4.999772e+00 3.771777e-03 1.966242e+00 4.009513e+00 -1.745360e+00 5.025564e+00
095921.6 74.2505 4.999725e+00 3.769298e-03 1.973464e+00 4.028174e+00 -1.739617e+00 5.048007e+00
095929.7 73.8751 4.999751e+00 3.758498e-03 1.982130e+00 4.046163e+00 -1.744568e+00 5.061784e+00
095941.4 73.5003 4.999751e+00 3.746303e-03 1.989473e+00 4.069846e+00 -1.723579e+00 5.106342e+00
095949.3 73.1252 4.999738e+00 3.770604e-03 1.993053e+00 4.113728e+00 -1.722226e+00 5.166203e+00
095957.7 72.7505 4.999739e+00 3.764249e-03 1.998673e+00 4.135507e+00 -1.720191e+00 5.197125e+00
100006.1 72.3751 4.999754e+00 3.754702e-03 1.993573e+00 4.147312e+00 -1.723417e+00 5.228075e+00
100017.3 71.9999 4.999765e+00 3.766262e-03 1.995063e+00 4.191827e+00 -1.707992e+00 5.254320e+00
100030.2 71.6253 4.999744e+00 3.773175e-03 1.999341e+00 4.234908e+00 -1.707924e+00 5.293473e+00
100038.4 71.2507 4.999783e+00 3.742338e-03 2.020491e+00 4.239593e+00 -1.705077e+00 5.318848e+00
100046.2 70.8748 4.999743e+00 3.712048e-03 2.027969e+00 4.236357e+00 -1.691252e+00 5.334350e+00
100057.2 70.4995 4.999741e+00 3.711490e-03 2.034672e+00 4.254634e+00 -1.686542e+00 5.377571e+00
100109.3 70.1253 4.999745e+00 3.729235e-03 2.040619e+00 4.297912e+00 -1.680032e+00 5.413597e+00
100122.2 69.7508 4.999744e+00 3.744357e-03 2.046902e+00 4.318312e+00 -1.675626e+00 5.437202e+00
100131.4 69.3752 4.999742e+00 3.745127e-03 2.057575e+00 4.327415e+00 -1.670708e+00 5.453935e+00
100143.2 69.0002 4.999779e+00 3.757772e-03 2.065540e+00 4.358206e+00 -1.672710e+00 5.475774e+00
100155.7 68.6248 4.999769e+00 3.771091e-03 2.069296e+00 4.387435e+00 -1.669544e+00 5.520344e+00
100207.4 68.2505 4.999735e+00 3.761523e-03 2.066867e+00 4.390704e+00 -1.659193e+00 5.541852e+00
100215.7 67.8757 4.999760e+00 3.740952e-03 2.067100e+00 4.379556e+00 -1.653566e+00 5.557107e+00
100227.0 67.5 4.999756e+00 3.745211e-03 2.068545e+00 4.401934e+00 -1.651820e+00 5.585600e+00
100237.7 67.1243 4.999735e+00 3.769610e-03 2.073399e+00 4.443317e+00 -1.646816e+00 5.612526e+00
100246.8 66.7499 4.999764e+00 3.785353e-03 2.085193e+00 4.454514e+00 -1.644489e+00 5.634933e+00
100259.7 66.3753 4.999786e+00 3.818524e-03 2.085323e+00 4.451792e+00 -1.643354e+00 5.634435e+00
100313.6 66.0002 4.999735e+00 3.862405e-03 2.093149e+00 4.482314e+00 -1.634615e+00 5.663362e+00
100326.9 65.6251 4.999779e+00 3.885123e-03 2.093382e+00 4.511621e+00 -1.623377e+00 5.701047e+00
100335.1 65.2503 4.999775e+00 3.876100e-03 2.095635e+00 4.507690e+00 -1.621849e+00 5.721009e+00
100346.9 64.8754 4.999777e+00 3.885605e-03 2.094530e+00 4.507692e+00 -1.621639e+00 5.732489e+00
100358.8 64.5008 4.999747e+00 3.916947e-03 2.102746e+00 4.535582e+00 -1.617548e+00 5.757627e+00
100411.7 64.1255 4.999769e+00 3.948339e-03 2.101493e+00 4.556689e+00 -1.618904e+00 5.784099e+00
100421.1 63.7501 4.999760e+00 3.953198e-03 2.114860e+00 4.558717e+00 -1.614158e+00 5.793822e+00
100429.4 63.3747 4.999762e+00 3.939616e-03 2.115427e+00 4.534032e+00 -1.603986e+00 5.772567e+00
100437.8 63.0001 4.999745e+00 3.910430e-03 2.115641e+00 4.540909e+00 -1.598611e+00 5.782683e+00
100450.5 62.6249 4.999775e+00 3.910843e-03 2.115939e+00 4.559093e+00 -1.589551e+00 5.821652e+00
100458.8 62.2505 4.999756e+00 3.897940e-03 2.119529e+00 4.550145e+00 -1.582850e+00 5.828069e+00
100506.4 61.8755 4.999751e+00 3.875598e-03 2.134948e+00 4.535646e+00 -1.577861e+00 5.825582e+00
100516.7 61.5002 4.999753e+00 3.863270e-03 2.147181e+00 4.545018e+00 -1.582296e+00 5.841545e+00
100529.3 61.1257 4.999766e+00 3.866298e-03 2.152625e+00 4.557932e+00 -1.567010e+00 5.866685e+00
100539.4 60.7497 4.999724e+00 3.858443e-03 2.164642e+00 4.557765e+00 -1.555694e+00 5.857866e+00
100547.8 60.3751 4.999727e+00 3.829055e-03 2.162101e+00 4.534685e+00 -1.556826e+00 5.857614e+00
100557.1 59.9997 4.999706e+00 3.825756e-03 2.171369e+00 4.540748e+00 -1.546159e+00 5.864122e+00
100610.3 59.6253 4.999742e+00 3.843166e-03 2.162729e+00 4.547745e+00 -1.545360e+00 5.883694e+00
100621.8 59.2501 4.999738e+00 3.863106e-03 2.173537e+00 4.537716e+00 -1.538061e+00 5.881827e+00
100633.5 58.8751 4.999744e+00 3.876635e-03 2.185507e+00 4.521881e+00 -1.540426e+00 5.868665e+00
100645.7 58.4999 4.999765e+00 3.895967e-03 2.189332e+00 4.526331e+00 -1.531902e+00 5.876053e+00
100656.5 58.1248 4.999755e+00 3.905394e-03 2.196673e+00 4.534386e+00 -1.526886e+00 5.891474e+00
100705.4 57.7505 4.999753e+00 3.902435e-03 2.191526e+00 4.503164e+00 -1.526352e+00 5.880582e+00
100715.0 57.3746 4.999749e+00 3.895764e-03 2.194979e+00 4.466534e+00 -1.522643e+00 5.870953e+00
100728.8 57.0006 4.999763e+00 3.905280e-03 2.201403e+00 4.467098e+00 -1.518024e+00 5.868109e+00
100742.5 56.6251 4.999723e+00 3.901556e-03 2.216762e+00 4.478009e+00 -1.514607e+00 5.877836e+00
100754.9 56.2505 4.999756e+00 3.881376e-03 2.220543e+00 4.449590e+00 -1.503382e+00 5.862711e+00
100803.0 55.8748 4.999749e+00 3.861989e-03 2.219734e+00 4.432752e+00 -1.498521e+00 5.854517e+00
100815.5 55.5001 4.999771e+00 3.866747e-03 2.211976e+00 4.423796e+00 -1.499121e+00 5.857071e+00
100824.3 55.1257 4.999770e+00 3.885756e-03 2.206579e+00 4.422432e+00 -1.498852e+00 5.853833e+00
100833.3 54.7497 4.999774e+00 3.892472e-03 2.216990e+00 4.402360e+00 -1.485538e+00 5.849196e+00
100841.7 54.3753 4.999743e+00 3.879596e-03 2.236284e+00 4.373162e+00 -1.483947e+00 5.823296e+00
100855.2 54.0004 4.999750e+00 3.878646e-03 2.252607e+00 4.359159e+00 -1.476423e+00 5.827870e+00
100908.9 53.6255 4.999750e+00 3.912550e-03 2.262171e+00 4.355639e+00 -1.464204e+00 5.831475e+00
100916.7 53.2504 4.999729e+00 3.955872e-03 2.266495e+00 4.336270e+00 -1.464241e+00 5.818652e+00
100925.2 52.8751 4.999766e+00 3.988516e-03 2.256169e+00 4.301469e+00 -1.462924e+00 5.764414e+00
100937.0 52.4993 4.999770e+00 4.004116e-03 2.256093e+00 4.288239e+00 -1.455851e+00 5.764968e+00
100945.7 52.1252 4.999771e+00 4.025597e-03 2.259643e+00 4.283437e+00 -1.454796e+00 5.768081e+00
100958.7 51.7507 4.999771e+00 4.018350e-03 2.266803e+00 4.246988e+00 -1.452807e+00 5.750231e+00
101008.1 51.3752 4.999750e+00 4.022436e-03 2.266254e+00 4.213084e+00 -1.453689e+00 5.727767e+00
101022.6 51.001 4.999754e+00 4.065070e-03 2.273835e+00 4.205172e+00 -1.453626e+00 5.730615e+00
101049.4 50.6158 4.999760e+00 4.132156e-03 2.254456e+00 4.198529e+00 -1.457997e+00 5.735239e+00
101102.5 50.2503 4.999758e+00 4.194696e-03 2.253556e+00 4.174591e+00 -1.461841e+00 5.720907e+00
101114.9 49.8753 4.999752e+00 4.258820e-03 2.256258e+00 4.131788e+00 -1.456851e+00 5.698374e+00
101126.8 49.5005 4.999757e+00 4.332688e-03 2.258242e+00 4.112913e+00 -1.452884e+00 5.676087e+00
101139.8 49.1255 4.999744e+00 4.384885e-03 2.266485e+00 4.100909e+00 -1.450034e+00 5.669541e+00
101150.6 48.7498 4.999730e+00 4.410865e-03 2.278102e+00 4.062871e+00 -1.441599e+00 5.650945e+00
101159.6 48.3754 4.999756e+00 4.432698e-03 2.278414e+00 4.034375e+00 -1.438044e+00 5.620972e+00
101226.0 47.9896 4.999736e+00 4.472404e-03 2.271000e+00 4.029064e+00 -1.447862e+00 5.612492e+00
101234.3 47.6248 4.999745e+00 4.506925e-03 2.266897e+00 4.013033e+00 -1.439019e+00 5.596642e+00
101242.4 47.2498 4.999764e+00 4.485406e-03 2.271922e+00 3.962416e+00 -1.433987e+00 5.553174e+00
101250.9 46.8751 4.999751e+00 4.415847e-03 2.280060e+00 3.890483e+00 -1.440785e+00 5.506043e+00
101259.1 46.5005 4.999770e+00 4.342875e-03 2.287959e+00 3.864329e+00 -1.424596e+00 5.476310e+00
101307.0 46.1256 4.999746e+00 4.284908e-03 2.299286e+00 3.845095e+00 -1.414587e+00 5.467168e+00
101315.6 45.7497 4.999732e+00 4.227595e-03 2.308143e+00 3.799689e+00 -1.406775e+00 5.428441e+00
101324.5 45.3746 4.999732e+00 4.169600e-03 2.311223e+00 3.729720e+00 -1.393005e+00 5.371226e+00
101335.6 44.9994 4.999744e+00 4.132121e-03 2.317081e+00 3.685727e+00 -1.383998e+00 5.335105e+00
101344.2 44.6255 4.999756e+00 4.089701e-03 2.323949e+00 3.666399e+00 -1.381500e+00 5.308175e+00
101355.5 44.2498 4.999735e+00 4.020714e-03 2.334094e+00 3.608109e+00 -1.377232e+00 5.260941e+00
101403.3 43.8748 4.999763e+00 3.942284e-03 2.350240e+00 3.553523e+00 -1.359975e+00 5.215867e+00
101410.8 43.5007 4.999721e+00 3.885835e-03 2.360161e+00 3.506950e+00 -1.350872e+00 5.189747e+00
101418.6 43.1252 4.999757e+00 3.865653e-03 2.365505e+00 3.478612e+00 -1.343605e+00 5.171591e+00
101427.3 42.75 4.999750e+00 3.865659e-03 2.363778e+00 3.423031e+00 -1.333630e+00 5.121071e+00
101435.5 42.3749 4.999759e+00 3.865600e-03 2.365877e+00 3.366811e+00 -1.337624e+00 5.061664e+00
101449.0 42.0003 4.999761e+00 3.838349e-03 2.381069e+00 3.318422e+00 -1.344752e+00 5.027132e+00
101501.2 41.6247 4.999755e+00 3.828475e-03 2.387576e+00 3.284023e+00 -1.338583e+00 5.006422e+00
101512.7 41.2501 4.999737e+00 3.802899e-03 2.390722e+00 3.228536e+00 -1.323312e+00 4.961601e+00
101520.6 40.875 4.999794e+00 3.783367e-03 2.392584e+00 3.174312e+00 -1.314574e+00 4.900633e+00
101528.3 40.5005 4.999729e+00 3.781975e-03 2.398389e+00 3.129235e+00 -1.316836e+00 4.872513e+00
101540.7 40.125 4.999751e+00 3.778250e-03 2.396537e+00 3.096479e+00 -1.308674e+00 4.835960e+00
101549.4 39.7507 4.999771e+00 3.752550e-03 2.406019e+00 3.025509e+00 -1.305453e+00 4.791073e+00
101557.6 39.3753 4.999741e+00 3.722519e-03 2.408355e+00 2.955773e+00 -1.304623e+00 4.731946e+00
101609.3 38.9999 4.999751e+00 3.716327e-03 2.417684e+00 2.910278e+00 -1.303143e+00 4.695251e+00
101618.2 38.6256 4.999725e+00 3.719673e-03 2.419504e+00 2.868927e+00 -1.292523e+00 4.657810e+00
101629.9 38.2498 4.999731e+00 3.703004e-03 2.427635e+00 2.801179e+00 -1.289633e+00 4.604298e+00
101639.9 37.8746 4.999773e+00 3.691375e-03 2.432606e+00 2.735333e+00 -1.280781e+00 4.547347e+00
101651.8 37.5003 4.999759e+00 3.704743e-03 2.436245e+00 2.696467e+00 -1.282760e+00 4.505976e+00
101659.6 37.1258 4.999755e+00 3.723018e-03 2.444078e+00 2.651748e+00 -1.280514e+00 4.463959e+00
101708.2 36.7504 4.999782e+00 3.718053e-03 2.455515e+00 2.581617e+00 -1.276656e+00 4.408875e+00
101717.2 36.3753 4.999788e+00 3.698845e-03 2.460526e+00 2.501504e+00 -1.263029e+00 4.343515e+00
101729.5 35.9999 4.999731e+00 3.697049e-03 2.461755e+00 2.444099e+00 -1.263572e+00 4.298746e+00
101742.6 35.6253 4.999719e+00 3.716972e-03 2.463684e+00 2.410261e+00 -1.252162e+00 4.263309e+00
101755.3 35.2498 4.999731e+00 3.733922e-03 2.462516e+00 2.344592e+00 -1.249209e+00 4.205070e+00
101803.1 34.8752 4.999743e+00 3.733135e-03 2.472824e+00 2.261296e+00 -1.247307e+00 4.130783e+00
101813.6 34.4997 4.999733e+00 3.748989e-03 2.472111e+00 2.200200e+00 -1.257843e+00 4.084331e+00
101823.8 34.1247 4.999756e+00 3.761603e-03 2.474316e+00 2.149447e+00 -1.250430e+00 4.040451e+00
101832.8 33.7505 4.999733e+00 3.748878e-03 2.481895e+00 2.072645e+00 -1.236048e+00 3.971566e+00
101841.6 33.3751 4.999739e+00 3.726578e-03 2.486226e+00 1.998594e+00 -1.230826e+00 3.909117e+00
101850.7 33.0001 4.999751e+00 3.726680e-03 2.489077e+00 1.941269e+00 -1.236447e+00 3.862414e+00
101903.6 32.6248 4.999790e+00 3.729447e-03 2.490347e+00 1.891651e+00 -1.230041e+00 3.810193e+00
101912.0 32.2507 4.999725e+00 3.719767e-03 2.489889e+00 1.807213e+00 -1.225225e+00 3.734971e+00
101920.7 31.8754 4.999760e+00 3.693681e-03 2.507262e+00 1.724277e+00 -1.222318e+00 3.653671e+00
101930.9 31.4996 4.999736e+00 3.732802e-03 2.506581e+00 1.662065e+00 -1.211641e+00 3.599737e+00
101943.7 31.1246 4.999779e+00 3.747739e-03 2.512792e+00 1.606161e+00 -1.205983e+00 3.559063e+00
101952.9 30.7505 4.999726e+00 3.756917e-03 2.517226e+00 1.518657e+00 -1.202264e+00 3.488164e+00
102002.4 30.3741 4.999782e+00 3.748284e-03 2.516367e+00 1.424693e+00 -1.191290e+00 3.399682e+00
102010.9 30.0005 4.999742e+00 3.749171e-03 2.513837e+00 1.359210e+00 -1.197907e+00 3.337492e+00
102019.3 29.6255 4.999748e+00 3.741492e-03 2.525655e+00 1.299749e+00 -1.202493e+00 3.280048e+00
102026.9 29.2502 4.999764e+00 3.720586e-03 2.527131e+00 1.217464e+00 -1.189911e+00 3.208969e+00
102038.1 28.875 4.999761e+00 3.696436e-03 2.534131e+00 1.127284e+00 -1.176279e+00 3.123812e+00
102046.5 28.5005 4.999766e+00 3.693424e-03 2.538387e+00 1.053602e+00 -1.174650e+00 3.065471e+00
102057.4 28.1251 4.999745e+00 3.698859e-03 2.542158e+00 9.816299e-01 -1.173486e+00 3.007374e+00
102105.7 27.7502 4.999758e+00 3.692788e-03 2.542865e+00 8.861829e-01 -1.166802e+00 2.928913e+00
102114.9 27.3754 4.999753e+00 3.683285e-03 2.557053e+00 7.937604e-01 -1.165263e+00 2.845661e+00
102126.4 27.0002 4.999742e+00 3.699954e-03 2.563391e+00 7.182976e-01 -1.166631e+00 2.774804e+00
102140.3 26.6251 4.999782e+00 3.726247e-03 2.571043e+00 6.547370e-01 -1.156999e+00 2.711620e+00
102148.2 26.25 4.999764e+00 3.741536e-03 2.569537e+00 5.712027e-01 -1.143822e+00 2.627191e+00
102156.8 25.8752 4.999731e+00 3.739797e-03 2.572314e+00 4.650736e-01 -1.141544e+00 2.536455e+00
102204.4 25.5003 4.999758e+00 3.753637e-03 2.571440e+00 3.862176e-01 -1.144622e+00 2.466453e+00
102217.0 25.1257 4.999756e+00 3.768268e-03 2.574690e+00 3.293376e-01 -1.147957e+00 2.408401e+00
102228.6 24.7498 4.999768e+00 3.762747e-03 2.577224e+00 2.331675e-01 -1.152732e+00 2.323023e+00
102236.8 24.3747 4.999732e+00 3.758159e-03 2.587785e+00 1.257156e-01 -1.143548e+00 2.231081e+00
102248.2 23.9997 4.999766e+00 3.769264e-03 2.594356e+00 4.214910e-02 -1.133886e+00 2.158074e+00
102301.4 23.625 4.999797e+00 3.787862e-03 2.595233e+00 -3.956788e-02 -1.126001e+00 2.081597e+00
102312.8 23.2494 4.999764e+00 3.791989e-03 2.598543e+00 -1.338183e-01 -1.124567e+00 1.985883e+00
102322.9 22.8746 4.999750e+00 3.798604e-03 2.602531e+00 -2.317583e-01 -1.119252e+00 1.893561e+00
102334.2 22.4998 4.999765e+00 3.815364e-03 2.605976e+00 -3.111192e-01 -1.117798e+00 1.818135e+00
102342.0 22.1255 4.999774e+00 3.834354e-03 2.613296e+00 -3.888733e-01 -1.113960e+00 1.746304e+00
102350.8 21.7502 4.999735e+00 3.826782e-03 2.619631e+00 -4.985546e-01 -1.100967e+00 1.655390e+00
102359.4 21.3754 4.999739e+00 3.825914e-03 2.630421e+00 -6.151767e-01 -1.093566e+00 1.551060e+00
102410.3 21.0003 4.999761e+00 3.842058e-03 2.626863e+00 -7.019893e-01 -1.092292e+00 1.471248e+00
102423.9 20.6255 4.999751e+00 3.892407e-03 2.623827e+00 -7.790193e-01 -1.094109e+00 1.410038e+00
102436.0 20.2506 4.999761e+00 3.953764e-03 2.616110e+00 -8.769949e-01 -1.098366e+00 1.315633e+00
102444.9 19.8756 4.999729e+00 4.019378e-03 2.615848e+00 -9.841498e-01 -1.102851e+00 1.219346e+00
102456.4 19.5002 4.999728e+00 4.098742e-03 2.625272e+00 -1.061034e+00 -1.102773e+00 1.140657e+00
102503.8 19.1255 4.999720e+00 4.151992e-03 2.628196e+00 -1.151126e+00 -1.092912e+00 1.060324e+00
102513.1 18.7507 4.999751e+00 4.156184e-03 2.617717e+00 -1.259419e+00 -1.084793e+00 9.633506e-01
102521.4 18.3747 4.999743e+00 4.130605e-03 2.624686e+00 -1.381370e+00 -1.084196e+00 8.615184e-01
102531.0 17.9996 4.999766e+00 4.112499e-03 2.633493e+00 -1.478710e+00 -1.073644e+00 7.689841e-01
102541.8 17.6248 4.999741e+00 4.105446e-03 2.641720e+00 -1.561840e+00 -1.078430e+00 6.857906e-01
102553.9 17.2497 4.999723e+00 4.094769e-03 2.649887e+00 -1.680812e+00 -1.071790e+00 5.732074e-01
102605.2 16.875 4.999759e+00 4.056733e-03 2.656968e+00 -1.798214e+00 -1.058628e+00 4.562815e-01
102614.3 16.5 4.999732e+00 4.017326e-03 2.661641e+00 -1.891969e+00 -1.043544e+00 3.521245e-01
102621.8 16.125 4.999742e+00 3.977378e-03 2.669621e+00 -1.991963e+00 -1.045013e+00 2.721812e-01
102633.7 15.7496 4.999780e+00 3.929780e-03 2.668081e+00 -2.110664e+00 -1.038762e+00 1.563704e-01
102642.3 15.3748 4.999764e+00 3.867774e-03 2.683542e+00 -2.257514e+00 -1.029636e+00 3.930887e-02
102651.1 15.0002 4.999742e+00 3.837461e-03 2.696911e+00 -2.359358e+00 -1.028785e+00 -6.204930e-02
102701.3 14.6256 4.999769e+00 3.825216e-03 2.695875e+00 -2.447993e+00 -1.023591e+00 -1.584881e-01
102709.5 14.2501 4.999730e+00 3.799023e-03 2.702457e+00 -2.576098e+00 -1.014125e+00 -2.712956e-01
102720.0 13.8749 4.999724e+00 3.767956e-03 2.700851e+00 -2.714380e+00 -1.003423e+00 -3.938310e-01
102728.2 13.5006 4.999744e+00 3.755998e-03 2.703310e+00 -2.821731e+00 -1.000921e+00 -4.934085e-01
102739.8 13.1247 4.999741e+00 3.747727e-03 2.708200e+00 -2.925577e+00 -9.909519e-01 -5.855005e-01
102751.3 12.7498 4.999750e+00 3.732692e-03 2.717660e+00 -3.051025e+00 -9.903904e-01 -7.044118e-01
102800.0 12.375 4.999742e+00 3.713561e-03 2.730993e+00 -3.175820e+00 -9.871541e-01 -8.173374e-01
102809.2 12.0004 4.999785e+00 3.700005e-03 2.738251e+00 -3.291472e+00 -9.779025e-01 -9.146188e-01
102818.3 11.6248 4.999768e+00 3.690148e-03 2.745356e+00 -3.391228e+00 -9.735611e-01 -1.010683e+00
102826.4 11.25 4.999739e+00 3.661592e-03 2.744373e+00 -3.522892e+00 -9.653763e-01 -1.130495e+00
102834.6 10.8746 4.999757e+00 3.640289e-03 2.750706e+00 -3.656583e+00 -9.589601e-01 -1.271757e+00
102842.2 10.5 4.999769e+00 3.631411e-03 2.749602e+00 -3.773415e+00 -9.558528e-01 -1.378685e+00
102850.5 10.1257 4.999778e+00 3.641684e-03 2.753514e+00 -3.875672e+00 -9.634141e-01 -1.469699e+00
102901.2 9.74997 4.999756e+00 3.648720e-03 2.753232e+00 -4.010809e+00 -9.701963e-01 -1.592603e+00
102910.4 9.37504 4.999751e+00 3.649276e-03 2.763367e+00 -4.148966e+00 -9.585824e-01 -1.724304e+00
102919.5 9.00006 4.999758e+00 3.649678e-03 2.768146e+00 -4.265048e+00 -9.471829e-01 -1.834275e+00
102935.5 8.62583 4.999753e+00 3.646331e-03 2.779331e+00 -4.395096e+00 -9.408880e-01 -1.948106e+00
102943.3 8.24963 4.999777e+00 3.629961e-03 2.768025e+00 -4.534299e+00 -9.366753e-01 -2.068179e+00
102951.8 7.87559 4.999755e+00 3.617366e-03 2.762217e+00 -4.689054e+00 -9.402212e-01 -2.203509e+00
103002.6 7.49996 4.999785e+00 3.620552e-03 2.783002e+00 -4.812635e+00 -9.336518e-01 -2.314265e+00
103014.5 7.12503 4.999791e+00 3.628861e-03 2.798593e+00 -4.939543e+00 -9.348262e-01 -2.426182e+00
103022.7 6.7501 4.999752e+00 3.618695e-03 2.787023e+00 -5.074697e+00 -9.240626e-01 -2.554499e+00
103032.5 6.37498 4.999743e+00 3.606536e-03 2.794239e+00 -5.219718e+00 -9.126439e-01 -2.689232e+00
103041.1 6.00057 4.999790e+00 3.598029e-03 2.817578e+00 -5.345981e+00 -9.116313e-01 -2.807245e+00
103055.1 5.62501 4.999773e+00 3.595112e-03 2.823286e+00 -5.461247e+00 -9.043955e-01 -2.912468e+00
103102.9 5.25014 4.999779e+00 3.583665e-03 2.838216e+00 -5.608243e+00 -9.087895e-01 -3.054214e+00
103111.3 4.87451 4.999736e+00 3.546966e-03 2.854466e+00 -5.773231e+00 -8.966564e-01 -3.189073e+00
103123.3 4.49945 4.999756e+00 3.541259e-03 2.892574e+00 -5.918443e+00 -8.771207e-01 -3.325095e+00
103131.4 4.12579 4.999756e+00 3.578099e-03 2.926361e+00 -6.056626e+00 -8.566721e-01 -3.440640e+00
103141.9 3.74978 4.999770e+00 3.618539e-03 2.936926e+00 -6.204066e+00 -8.559829e-01 -3.588615e+00
103150.3 3.37479 4.999763e+00 3.641567e-03 2.948688e+00 -6.356818e+00 -8.567831e-01 -3.728089e+00
103202.4 2.99938 4.999786e+00 3.661355e-03 2.960432e+00 -6.483681e+00 -8.460949e-01 -3.863084e+00
103211.4 2.62559 4.999754e+00 3.672387e-03 2.976908e+00 -6.619152e+00 -8.435962e-01 -3.991603e+00
103220.5 2.25003 4.999775e+00 3.646158e-03 2.983481e+00 -6.778100e+00 -8.393536e-01 -4.137850e+00
103228.9 1.87567 4.999763e+00 3.618772e-03 3.011081e+00 -6.966801e+00 -8.209060e-01 -4.291012e+00
103240.7 1.49991 4.999766e+00 3.598756e-03 3.035632e+00 -7.133632e+00 -7.979602e-01 -4.423614e+00
103250.0 1.12479 4.999759e+00 3.603193e-03 3.076012e+00 -7.286065e+00 -7.813686e-01 -4.550052e+00
