% Fogale DL Rail Calibration results.
% DL=5, Date=2016-03-10T09:34:49
% Tunnel Temperature=17.94 oC
% Scan Range: 1.125 - 118.875 mOPL
% Metrology used: ENCODERS
% Sensors: CALIBRATED
% Name=NSC
% Comment=
% WPS-Sensor tunnel center: WPS-7D6-003
% WPS-Sensor tunnel end: WPS-7D6-004
% DOMS-Sensor: DOM-7D2-003 S-330
% INCLINOMETER-Sensor: Inclinix
% TIMESTAMP[hhmmss.s] OPL-POSITION[m] DOMS[mm] INCL[rad] WPSTctrY[mm] WPSTctrZ[mm] WPSTendY[mm] WPSTendZ[mm]
093552.9 1.12536 4.999798e+00 3.604867e-03 3.080141e+00 -7.278828e+00 -7.811907e-01 -4.542016e+00
093605.8 1.50004 4.999755e+00 3.599344e-03 3.052129e+00 -7.129831e+00 -8.064202e-01 -4.414171e+00
093617.5 1.87427 4.999749e+00 3.623810e-03 3.025000e+00 -6.966226e+00 -8.374042e-01 -4.285147e+00
093630.1 2.24933 4.999750e+00 3.649447e-03 2.991177e+00 -6.774718e+00 -8.667899e-01 -4.129658e+00
093638.7 2.62458 4.999775e+00 3.674165e-03 2.984689e+00 -6.614643e+00 -8.823720e-01 -3.982911e+00
093646.9 2.9997 4.999723e+00 3.666262e-03 2.962576e+00 -6.479628e+00 -8.948247e-01 -3.855191e+00
093659.5 3.37517 4.999781e+00 3.645000e-03 2.952716e+00 -6.349875e+00 -9.112871e-01 -3.716406e+00
093708.0 3.74978 4.999781e+00 3.621962e-03 2.939394e+00 -6.196124e+00 -9.197723e-01 -3.577062e+00
093720.3 4.12529 4.999787e+00 3.585142e-03 2.932905e+00 -6.051455e+00 -9.182236e-01 -3.432791e+00
093732.2 4.49952 4.999744e+00 3.561270e-03 2.898506e+00 -5.911503e+00 -9.339253e-01 -3.319887e+00
093740.4 4.87445 4.999742e+00 3.574236e-03 2.860457e+00 -5.767356e+00 -9.533615e-01 -3.188491e+00
093752.3 5.25008 4.999750e+00 3.615419e-03 2.841709e+00 -5.598535e+00 -9.678747e-01 -3.051835e+00
093817.2 5.61547 4.999773e+00 3.625466e-03 2.820382e+00 -5.452006e+00 -9.637238e-01 -2.912761e+00
093826.1 5.99949 4.999767e+00 3.626680e-03 2.817172e+00 -5.338517e+00 -9.762914e-01 -2.805782e+00
093840.1 6.37415 4.999784e+00 3.626658e-03 2.796520e+00 -5.211903e+00 -9.764877e-01 -2.683793e+00
093853.8 6.74985 4.999751e+00 3.629512e-03 2.788554e+00 -5.063416e+00 -9.776600e-01 -2.544238e+00
093902.3 7.12497 4.999758e+00 3.632286e-03 2.803536e+00 -4.927732e+00 -9.826523e-01 -2.412495e+00
093910.9 7.49926 4.999748e+00 3.622103e-03 2.791579e+00 -4.803413e+00 -9.906385e-01 -2.299773e+00
093923.2 7.87489 4.999780e+00 3.618521e-03 2.773902e+00 -4.679248e+00 -9.951276e-01 -2.188625e+00
093935.5 8.25001 4.999758e+00 3.631767e-03 2.770489e+00 -4.522811e+00 -9.907860e-01 -2.052197e+00
093944.4 8.62443 4.999764e+00 3.648315e-03 2.782503e+00 -4.385589e+00 -9.944144e-01 -1.933364e+00
093953.0 8.9993 4.999773e+00 3.654184e-03 2.775411e+00 -4.261832e+00 -9.965547e-01 -1.821566e+00
094006.3 9.37454 4.999768e+00 3.652523e-03 2.771184e+00 -4.151802e+00 -1.007735e+00 -1.711807e+00
094017.9 9.75004 4.999778e+00 3.652776e-03 2.756292e+00 -4.011793e+00 -1.018715e+00 -1.577149e+00
094025.7 10.1249 4.999775e+00 3.645247e-03 2.758186e+00 -3.878284e+00 -1.014766e+00 -1.455465e+00
094033.3 10.5 4.999720e+00 3.632997e-03 2.755101e+00 -3.775571e+00 -1.014494e+00 -1.364819e+00
094045.6 10.8743 4.999730e+00 3.641848e-03 2.755663e+00 -3.652451e+00 -1.015037e+00 -1.255653e+00
094058.2 11.2489 4.999769e+00 3.667188e-03 2.749826e+00 -3.514135e+00 -1.016333e+00 -1.114035e+00
094110.8 11.6256 4.999749e+00 3.693846e-03 2.752095e+00 -3.376994e+00 -1.016718e+00 -9.928756e-01
094120.0 11.9998 4.999769e+00 3.704057e-03 2.742262e+00 -3.278094e+00 -1.027189e+00 -8.974431e-01
094132.0 12.3755 4.999764e+00 3.715270e-03 2.739621e+00 -3.161222e+00 -1.035343e+00 -7.986944e-01
094145.0 12.75 4.999775e+00 3.734662e-03 2.726659e+00 -3.035841e+00 -1.035278e+00 -6.857875e-01
094152.8 13.1247 4.999758e+00 3.747401e-03 2.713019e+00 -2.909691e+00 -1.033664e+00 -5.664894e-01
094203.4 13.5002 4.999722e+00 3.758788e-03 2.710788e+00 -2.806519e+00 -1.036504e+00 -4.746220e-01
094216.0 13.8744 4.999758e+00 3.770019e-03 2.711242e+00 -2.698196e+00 -1.037724e+00 -3.752838e-01
094228.6 14.2497 4.999742e+00 3.800038e-03 2.711922e+00 -2.560436e+00 -1.046326e+00 -2.519104e-01
094236.8 14.6246 4.999758e+00 3.826820e-03 2.705896e+00 -2.432920e+00 -1.058462e+00 -1.393922e-01
094245.6 14.9999 4.999775e+00 3.840649e-03 2.704915e+00 -2.344019e+00 -1.068291e+00 -4.311982e-02
094258.2 15.374 4.999786e+00 3.870193e-03 2.696400e+00 -2.242246e+00 -1.075784e+00 5.768652e-02
094312.3 15.7496 4.999781e+00 3.932560e-03 2.681129e+00 -2.094914e+00 -1.078677e+00 1.750983e-01
094320.1 16.124 4.999790e+00 3.982511e-03 2.678445e+00 -1.975194e+00 -1.084148e+00 2.903257e-01
094328.0 16.4998 4.999779e+00 4.019650e-03 2.672687e+00 -1.875738e+00 -1.087461e+00 3.700755e-01
094339.5 16.8742 4.999784e+00 4.061496e-03 2.670660e+00 -1.781323e+00 -1.103513e+00 4.732996e-01
094351.9 17.2498 4.999780e+00 4.097398e-03 2.664725e+00 -1.663551e+00 -1.112985e+00 5.906807e-01
094400.1 17.6249 4.999781e+00 4.108511e-03 2.659063e+00 -1.545461e+00 -1.119349e+00 7.032362e-01
094412.5 18.0003 4.999764e+00 4.115499e-03 2.648515e+00 -1.461048e+00 -1.118144e+00 7.863558e-01
094421.6 18.3746 4.999737e+00 4.131037e-03 2.640509e+00 -1.363434e+00 -1.123927e+00 8.787898e-01
094435.3 18.7499 4.999782e+00 4.155311e-03 2.632263e+00 -1.241770e+00 -1.128344e+00 9.809711e-01
094443.4 19.1247 4.999787e+00 4.152135e-03 2.636341e+00 -1.132512e+00 -1.131291e+00 1.079136e+00
094451.6 19.4999 4.999796e+00 4.096127e-03 2.640374e+00 -1.045355e+00 -1.144039e+00 1.160276e+00
094502.9 19.8758 4.999748e+00 4.018612e-03 2.629916e+00 -9.666875e-01 -1.151196e+00 1.239910e+00
094510.8 20.2499 4.999754e+00 3.954370e-03 2.626696e+00 -8.589729e-01 -1.145159e+00 1.336194e+00
094520.0 20.6251 4.999791e+00 3.895905e-03 2.631541e+00 -7.616447e-01 -1.138549e+00 1.430359e+00
094528.9 21.0001 4.999757e+00 3.847641e-03 2.637376e+00 -6.849859e-01 -1.142704e+00 1.491754e+00
094540.9 21.3752 4.999745e+00 3.827679e-03 2.638153e+00 -5.993857e-01 -1.148001e+00 1.572135e+00
094554.4 21.7499 4.999775e+00 3.829435e-03 2.628733e+00 -4.818123e-01 -1.153492e+00 1.677471e+00
094602.7 22.1243 4.999759e+00 3.834660e-03 2.622983e+00 -3.730645e-01 -1.164992e+00 1.768147e+00
094611.2 22.4999 4.999771e+00 3.817712e-03 2.617235e+00 -2.949995e-01 -1.168934e+00 1.841223e+00
094619.4 22.8743 4.999769e+00 3.801734e-03 2.613214e+00 -2.142406e-01 -1.168080e+00 1.918052e+00
094631.6 23.2496 4.999745e+00 3.793386e-03 2.609219e+00 -1.160684e-01 -1.169466e+00 2.009956e+00
094639.8 23.6243 4.999756e+00 3.786854e-03 2.605754e+00 -2.063817e-02 -1.173375e+00 2.106222e+00
094650.1 24.0003 4.999765e+00 3.769873e-03 2.604679e+00 6.104951e-02 -1.179651e+00 2.183936e+00
094701.1 24.3746 4.999749e+00 3.758640e-03 2.599507e+00 1.448626e-01 -1.187788e+00 2.256770e+00
094709.7 24.7497 4.999745e+00 3.762384e-03 2.591446e+00 2.531482e-01 -1.194488e+00 2.350016e+00
094717.9 25.1252 4.999779e+00 3.763876e-03 2.585314e+00 3.506073e-01 -1.193074e+00 2.434810e+00
094729.1 25.5002 4.999782e+00 3.753457e-03 2.579963e+00 4.075275e-01 -1.191251e+00 2.494137e+00
094740.7 25.8746 4.999807e+00 3.741316e-03 2.578039e+00 4.871291e-01 -1.196395e+00 2.562217e+00
094751.9 26.2502 4.999759e+00 3.742306e-03 2.575967e+00 5.938372e-01 -1.198446e+00 2.653972e+00
094800.1 26.6249 4.999761e+00 3.725207e-03 2.575406e+00 6.787063e-01 -1.206965e+00 2.740795e+00
094811.1 27.0002 4.999758e+00 3.700861e-03 2.568853e+00 7.422165e-01 -1.209179e+00 2.802988e+00
094821.7 27.3749 4.999754e+00 3.685524e-03 2.565027e+00 8.167552e-01 -1.209498e+00 2.872435e+00
094835.1 27.7498 4.999793e+00 3.694684e-03 2.552586e+00 9.107260e-01 -1.210998e+00 2.956460e+00
094842.7 28.1248 4.999784e+00 3.702326e-03 2.552828e+00 1.007899e+00 -1.220241e+00 3.036515e+00
094850.5 28.4999 4.999750e+00 3.695309e-03 2.554730e+00 1.079587e+00 -1.223822e+00 3.093422e+00
094902.1 28.8748 4.999748e+00 3.698204e-03 2.550721e+00 1.153774e+00 -1.226670e+00 3.152606e+00
094910.6 29.2496 4.999756e+00 3.724266e-03 2.544743e+00 1.245914e+00 -1.232142e+00 3.238831e+00
094918.8 29.6248 4.999765e+00 3.743634e-03 2.541223e+00 1.327189e+00 -1.243702e+00 3.310654e+00
094927.7 30 4.999748e+00 3.751012e-03 2.529776e+00 1.388273e+00 -1.241981e+00 3.368531e+00
094940.6 30.3746 4.999731e+00 3.751183e-03 2.531634e+00 1.452178e+00 -1.238017e+00 3.428777e+00
094949.5 30.7493 4.999781e+00 3.758302e-03 2.531299e+00 1.545053e+00 -1.249459e+00 3.518562e+00
094957.7 31.1249 4.999785e+00 3.747728e-03 2.526986e+00 1.633302e+00 -1.252346e+00 3.588741e+00
095005.2 31.4998 4.999765e+00 3.733886e-03 2.520149e+00 1.691328e+00 -1.252839e+00 3.630235e+00
095017.5 31.8745 4.999756e+00 3.695171e-03 2.516094e+00 1.752999e+00 -1.261379e+00 3.685599e+00
095029.4 32.2494 4.999764e+00 3.719343e-03 2.496699e+00 1.836157e+00 -1.264454e+00 3.768461e+00
095040.1 32.625 4.999764e+00 3.733897e-03 2.493844e+00 1.918328e+00 -1.268354e+00 3.840322e+00
095048.3 32.9998 4.999758e+00 3.729558e-03 2.490149e+00 1.970481e+00 -1.275683e+00 3.894315e+00
095100.5 33.375 4.999790e+00 3.727480e-03 2.493697e+00 2.026458e+00 -1.278156e+00 3.938832e+00
095109.0 33.7501 4.999766e+00 3.750261e-03 2.491373e+00 2.102152e+00 -1.283153e+00 4.002899e+00
095116.9 34.1246 4.999768e+00 3.765216e-03 2.485650e+00 2.180560e+00 -1.288720e+00 4.072996e+00
095127.8 34.4997 4.999771e+00 3.750862e-03 2.484526e+00 2.229821e+00 -1.298384e+00 4.117559e+00
095139.7 34.8747 4.999746e+00 3.736804e-03 2.484541e+00 2.290998e+00 -1.298152e+00 4.163824e+00
095148.2 35.2498 4.999738e+00 3.732751e-03 2.475577e+00 2.375578e+00 -1.299601e+00 4.237840e+00
095157.4 35.625 4.999771e+00 3.718457e-03 2.476713e+00 2.441688e+00 -1.302886e+00 4.298078e+00
095206.6 35.9996 4.999799e+00 3.699354e-03 2.475983e+00 2.475648e+00 -1.313339e+00 4.333719e+00
095217.3 36.3749 4.999767e+00 3.701798e-03 2.473488e+00 2.531598e+00 -1.306491e+00 4.376673e+00
095225.8 36.7492 4.999766e+00 3.722881e-03 2.468054e+00 2.611641e+00 -1.312191e+00 4.443135e+00
095233.4 37.125 4.999808e+00 3.723204e-03 2.454052e+00 2.682202e+00 -1.322297e+00 4.498051e+00
095241.2 37.4999 4.999748e+00 3.704667e-03 2.449966e+00 2.727235e+00 -1.325186e+00 4.541328e+00
095252.9 37.8746 4.999791e+00 3.692356e-03 2.443844e+00 2.766630e+00 -1.323509e+00 4.580872e+00
095303.8 38.2502 4.999761e+00 3.710236e-03 2.437960e+00 2.830716e+00 -1.337156e+00 4.637236e+00
095312.4 38.6248 4.999765e+00 3.720396e-03 2.432256e+00 2.900500e+00 -1.333184e+00 4.692448e+00
095325.3 39.0001 4.999759e+00 3.718532e-03 2.431818e+00 2.941103e+00 -1.334266e+00 4.727181e+00
095337.9 39.3747 4.999761e+00 3.721620e-03 2.420365e+00 2.988797e+00 -1.342402e+00 4.767244e+00
095346.5 39.7499 4.999759e+00 3.753223e-03 2.417725e+00 3.059086e+00 -1.353819e+00 4.828994e+00
095354.4 40.1246 4.999756e+00 3.780330e-03 2.405513e+00 3.127750e+00 -1.354518e+00 4.870553e+00
095402.5 40.4998 4.999767e+00 3.781251e-03 2.408738e+00 3.161746e+00 -1.358423e+00 4.908993e+00
095414.5 40.8748 4.999755e+00 3.785221e-03 2.405336e+00 3.207575e+00 -1.358022e+00 4.934221e+00
095425.1 41.2503 4.999806e+00 3.807105e-03 2.405027e+00 3.264409e+00 -1.359947e+00 4.999274e+00
095435.0 41.6249 4.999784e+00 3.828461e-03 2.398080e+00 3.317015e+00 -1.373865e+00 5.039512e+00
095444.6 42.0003 4.999759e+00 3.839972e-03 2.391663e+00 3.352816e+00 -1.383687e+00 5.065160e+00
095456.2 42.3743 4.999738e+00 3.868941e-03 2.380367e+00 3.401343e+00 -1.382748e+00 5.098979e+00
095510.2 42.7491 4.999771e+00 3.867820e-03 2.374701e+00 3.456887e+00 -1.380962e+00 5.157072e+00
095518.9 43.1246 4.999760e+00 3.866405e-03 2.374078e+00 3.511154e+00 -1.386347e+00 5.205390e+00
095529.1 43.5002 4.999751e+00 3.888053e-03 2.369867e+00 3.539769e+00 -1.389434e+00 5.225128e+00
095541.0 43.8743 4.999749e+00 3.941565e-03 2.361972e+00 3.589036e+00 -1.394180e+00 5.254906e+00
095553.5 44.2495 4.999770e+00 4.021406e-03 2.346767e+00 3.644132e+00 -1.415562e+00 5.298336e+00
095602.4 44.6249 4.999752e+00 4.090381e-03 2.334874e+00 3.698776e+00 -1.419726e+00 5.342395e+00
095614.0 44.9999 4.999773e+00 4.131286e-03 2.327632e+00 3.723207e+00 -1.419559e+00 5.372380e+00
095627.0 45.374 4.999762e+00 4.169222e-03 2.323640e+00 3.764683e+00 -1.425308e+00 5.403756e+00
095639.6 45.7498 4.999747e+00 4.231407e-03 2.320528e+00 3.832203e+00 -1.434446e+00 5.461672e+00
095651.9 46.125 4.999747e+00 4.287804e-03 2.311270e+00 3.879955e+00 -1.448060e+00 5.502292e+00
095703.2 46.4995 4.999784e+00 4.343024e-03 2.301927e+00 3.899244e+00 -1.455755e+00 5.511019e+00
095714.8 46.8743 4.999737e+00 4.414370e-03 2.291561e+00 3.925683e+00 -1.480508e+00 5.541879e+00
095726.1 47.2501 4.999739e+00 4.484804e-03 2.283366e+00 3.997532e+00 -1.482248e+00 5.585268e+00
095739.0 47.6249 4.999759e+00 4.507486e-03 2.277147e+00 4.050921e+00 -1.486881e+00 5.632216e+00
095748.2 47.9996 4.999793e+00 4.469301e-03 2.285681e+00 4.062986e+00 -1.488990e+00 5.645077e+00
095800.5 48.375 4.999770e+00 4.434205e-03 2.289511e+00 4.068361e+00 -1.482800e+00 5.653914e+00
095809.3 48.7502 4.999750e+00 4.414957e-03 2.288117e+00 4.095757e+00 -1.488391e+00 5.684609e+00
095817.6 49.125 4.999747e+00 4.387305e-03 2.279673e+00 4.135224e+00 -1.497948e+00 5.704781e+00
095826.1 49.5004 4.999782e+00 4.332940e-03 2.271631e+00 4.148968e+00 -1.502934e+00 5.715113e+00
095834.3 49.875 4.999761e+00 4.261534e-03 2.267643e+00 4.163705e+00 -1.501218e+00 5.732650e+00
095845.3 50.2504 4.999777e+00 4.196295e-03 2.266996e+00 4.209716e+00 -1.502466e+00 5.755782e+00
095854.1 50.6251 4.999749e+00 4.134153e-03 2.267740e+00 4.233783e+00 -1.503153e+00 5.771355e+00
095906.4 51.0017 4.999758e+00 4.064344e-03 2.279026e+00 4.236792e+00 -1.504145e+00 5.765333e+00
095919.4 51.375 4.999778e+00 4.022267e-03 2.276419e+00 4.245223e+00 -1.504442e+00 5.764497e+00
095933.1 51.7501 4.999761e+00 4.017561e-03 2.275916e+00 4.275378e+00 -1.511581e+00 5.784737e+00
095943.7 52.1253 4.999775e+00 4.028262e-03 2.268370e+00 4.314866e+00 -1.513067e+00 5.802238e+00
095951.5 52.4996 4.999778e+00 4.007573e-03 2.264584e+00 4.319756e+00 -1.508426e+00 5.798539e+00
100003.5 52.8749 4.999732e+00 3.991892e-03 2.266006e+00 4.335150e+00 -1.516018e+00 5.802253e+00
100016.1 53.2501 4.999761e+00 3.956011e-03 2.273201e+00 4.369334e+00 -1.521119e+00 5.857725e+00
100024.6 53.6249 4.999782e+00 3.913697e-03 2.268613e+00 4.388299e+00 -1.520984e+00 5.868713e+00
100034.5 54.0003 4.999750e+00 3.875542e-03 2.263344e+00 4.392234e+00 -1.527044e+00 5.866984e+00
100046.7 54.375 4.999758e+00 3.878470e-03 2.248282e+00 4.405517e+00 -1.530575e+00 5.858361e+00
100055.6 54.75 4.999778e+00 3.897040e-03 2.228879e+00 4.437300e+00 -1.530197e+00 5.889177e+00
100103.8 55.1243 4.999746e+00 3.888216e-03 2.218506e+00 4.460125e+00 -1.539583e+00 5.895696e+00
100112.3 55.4998 4.999773e+00 3.868554e-03 2.223484e+00 4.458394e+00 -1.544469e+00 5.895262e+00
100124.0 55.8744 4.999764e+00 3.865131e-03 2.230729e+00 4.466383e+00 -1.544001e+00 5.891182e+00
100136.3 56.2506 4.999762e+00 3.881841e-03 2.231923e+00 4.489339e+00 -1.551181e+00 5.907172e+00
100144.5 56.6249 4.999782e+00 3.901641e-03 2.226190e+00 4.515698e+00 -1.562054e+00 5.918529e+00
100154.4 57.0004 4.999758e+00 3.909307e-03 2.209780e+00 4.503539e+00 -1.559273e+00 5.906654e+00
100206.7 57.3745 4.999767e+00 3.902140e-03 2.203582e+00 4.500409e+00 -1.564448e+00 5.907098e+00
100233.6 57.7397 4.999784e+00 3.905161e-03 2.197829e+00 4.539429e+00 -1.575830e+00 5.917249e+00
100241.9 58.1244 4.999757e+00 3.907257e-03 2.205264e+00 4.570736e+00 -1.584522e+00 5.929192e+00
100249.8 58.4998 4.999745e+00 3.895054e-03 2.199762e+00 4.562124e+00 -1.586883e+00 5.914802e+00
100257.6 58.8753 4.999757e+00 3.874637e-03 2.198259e+00 4.559984e+00 -1.591212e+00 5.908634e+00
100305.6 59.2496 4.999779e+00 3.864775e-03 2.185371e+00 4.574854e+00 -1.588560e+00 5.921083e+00
100314.4 59.6252 4.999752e+00 3.843242e-03 2.177503e+00 4.587295e+00 -1.589250e+00 5.926132e+00
100323.6 59.9995 4.999755e+00 3.823857e-03 2.176152e+00 4.580017e+00 -1.594842e+00 5.905475e+00
100335.9 60.3743 4.999753e+00 3.831395e-03 2.173341e+00 4.575520e+00 -1.608783e+00 5.899575e+00
100348.8 60.7498 4.999742e+00 3.861222e-03 2.174778e+00 4.594662e+00 -1.606338e+00 5.898711e+00
100358.7 61.125 4.999778e+00 3.867486e-03 2.165121e+00 4.596746e+00 -1.610443e+00 5.905743e+00
100409.0 61.5002 4.999761e+00 3.864296e-03 2.160825e+00 4.580665e+00 -1.621835e+00 5.879108e+00
100420.9 61.8752 4.999757e+00 3.877780e-03 2.145206e+00 4.573685e+00 -1.619407e+00 5.865925e+00
100429.5 62.2492 4.999762e+00 3.902377e-03 2.129557e+00 4.588676e+00 -1.624587e+00 5.869481e+00
100438.1 62.6247 4.999750e+00 3.911783e-03 2.127520e+00 4.592921e+00 -1.635452e+00 5.856724e+00
100446.7 62.9995 4.999759e+00 3.913181e-03 2.126438e+00 4.576924e+00 -1.647789e+00 5.820020e+00
100458.7 63.374 4.999759e+00 3.940768e-03 2.130589e+00 4.572556e+00 -1.643830e+00 5.812615e+00
100509.6 63.75 4.999748e+00 3.952626e-03 2.126798e+00 4.598460e+00 -1.655744e+00 5.833973e+00
100518.1 64.1248 4.999778e+00 3.952527e-03 2.115440e+00 4.594859e+00 -1.658447e+00 5.822632e+00
100528.0 64.5003 4.999787e+00 3.919451e-03 2.114190e+00 4.574701e+00 -1.660891e+00 5.796840e+00
100536.2 64.8749 4.999765e+00 3.886889e-03 2.104631e+00 4.547169e+00 -1.664533e+00 5.771856e+00
100544.7 65.2494 4.999750e+00 3.875745e-03 2.105076e+00 4.547743e+00 -1.673111e+00 5.761072e+00
100553.2 65.6244 4.999754e+00 3.887060e-03 2.104901e+00 4.553372e+00 -1.672602e+00 5.743595e+00
100601.4 65.9996 4.999735e+00 3.861079e-03 2.104230e+00 4.520845e+00 -1.678640e+00 5.701801e+00
100613.7 66.3749 4.999753e+00 3.818597e-03 2.096232e+00 4.489705e+00 -1.685247e+00 5.674569e+00
100626.3 66.7496 4.999721e+00 3.790678e-03 2.094991e+00 4.490864e+00 -1.688324e+00 5.673253e+00
100634.1 67.1244 4.999764e+00 3.771484e-03 2.086594e+00 4.483515e+00 -1.700252e+00 5.654506e+00
100643.0 67.4993 4.999758e+00 3.746358e-03 2.076018e+00 4.441292e+00 -1.709829e+00 5.626282e+00
100653.6 67.8757 4.999758e+00 3.741963e-03 2.076134e+00 4.416620e+00 -1.710908e+00 5.594727e+00
100701.8 68.2492 4.999756e+00 3.764166e-03 2.077253e+00 4.431846e+00 -1.710597e+00 5.584709e+00
100714.4 68.6249 4.999744e+00 3.772526e-03 2.079839e+00 4.427907e+00 -1.717775e+00 5.563210e+00
100722.6 69.0001 4.999760e+00 3.761824e-03 2.073123e+00 4.397123e+00 -1.725791e+00 5.518651e+00
100734.8 69.3749 4.999771e+00 3.745613e-03 2.064592e+00 4.366686e+00 -1.724932e+00 5.494635e+00
100743.4 69.7497 4.999760e+00 3.748880e-03 2.052114e+00 4.356087e+00 -1.735411e+00 5.479620e+00
100751.3 70.1249 4.999771e+00 3.733020e-03 2.047561e+00 4.339016e+00 -1.742677e+00 5.457804e+00
100801.5 70.5002 4.999766e+00 3.713593e-03 2.041500e+00 4.294976e+00 -1.744758e+00 5.420705e+00
100812.4 70.8744 4.999761e+00 3.714772e-03 2.035856e+00 4.278588e+00 -1.739508e+00 5.377945e+00
100825.0 71.2502 4.999757e+00 3.742532e-03 2.027474e+00 4.277399e+00 -1.752763e+00 5.360103e+00
100834.6 71.6246 4.999733e+00 3.773711e-03 2.004837e+00 4.273899e+00 -1.759565e+00 5.332439e+00
100844.1 72 4.999763e+00 3.763532e-03 1.995520e+00 4.231422e+00 -1.764595e+00 5.294000e+00
100857.1 72.3742 4.999736e+00 3.752355e-03 1.997979e+00 4.185752e+00 -1.777835e+00 5.267790e+00
100908.0 72.7503 4.999775e+00 3.766294e-03 1.999058e+00 4.173440e+00 -1.772165e+00 5.235200e+00
100915.8 73.1252 4.999767e+00 3.772519e-03 1.998535e+00 4.155340e+00 -1.767068e+00 5.206677e+00
100924.4 73.5008 4.999747e+00 3.747228e-03 2.000931e+00 4.113142e+00 -1.765428e+00 5.149013e+00
100935.6 73.8746 4.999760e+00 3.757205e-03 1.992556e+00 4.088034e+00 -1.786740e+00 5.107332e+00
100947.6 74.2498 4.999752e+00 3.769563e-03 1.982602e+00 4.067602e+00 -1.780332e+00 5.088924e+00
100959.9 74.6251 4.999768e+00 3.777060e-03 1.976216e+00 4.051801e+00 -1.792318e+00 5.067803e+00
101009.2 75.0002 4.999750e+00 3.774611e-03 1.971055e+00 4.000328e+00 -1.807321e+00 5.011112e+00
101021.8 75.3746 4.999766e+00 3.779392e-03 1.972722e+00 3.959157e+00 -1.807978e+00 4.956596e+00
101030.0 75.7502 4.999744e+00 3.790788e-03 1.966005e+00 3.941019e+00 -1.807792e+00 4.925360e+00
101037.6 76.1248 4.999750e+00 3.786228e-03 1.958233e+00 3.908806e+00 -1.822317e+00 4.885635e+00
101049.8 76.5005 4.999724e+00 3.765393e-03 1.954825e+00 3.863167e+00 -1.823654e+00 4.825476e+00
101100.7 76.875 4.999767e+00 3.732563e-03 1.957315e+00 3.817856e+00 -1.826203e+00 4.781916e+00
101112.6 77.2494 4.999766e+00 3.720220e-03 1.943039e+00 3.789796e+00 -1.834117e+00 4.751306e+00
101122.2 77.6248 4.999749e+00 3.722036e-03 1.942324e+00 3.758478e+00 -1.841777e+00 4.704346e+00
101131.5 78.0001 4.999778e+00 3.719747e-03 1.945868e+00 3.705168e+00 -1.838166e+00 4.648304e+00
101142.1 78.3755 4.999744e+00 3.722287e-03 1.942319e+00 3.653393e+00 -1.842947e+00 4.586798e+00
101153.3 78.7501 4.999730e+00 3.734100e-03 1.930381e+00 3.642757e+00 -1.858542e+00 4.560197e+00
101202.2 79.1256 4.999733e+00 3.716528e-03 1.921574e+00 3.615808e+00 -1.858248e+00 4.514889e+00
101214.1 79.5006 4.999787e+00 3.686844e-03 1.911106e+00 3.548566e+00 -1.867887e+00 4.450134e+00
101222.0 79.8744 4.999761e+00 3.675327e-03 1.906854e+00 3.486370e+00 -1.873585e+00 4.388817e+00
101233.3 80.2501 4.999746e+00 3.682442e-03 1.901102e+00 3.452980e+00 -1.878945e+00 4.345113e+00
101246.2 80.625 4.999767e+00 3.671609e-03 1.903906e+00 3.414720e+00 -1.878777e+00 4.301927e+00
101255.1 80.9997 4.999724e+00 3.653621e-03 1.901740e+00 3.350937e+00 -1.891538e+00 4.232685e+00
101307.4 81.3755 4.999752e+00 3.647859e-03 1.893905e+00 3.307189e+00 -1.895050e+00 4.172688e+00
101316.0 81.75 4.999769e+00 3.661402e-03 1.880505e+00 3.277610e+00 -1.891766e+00 4.126954e+00
101324.6 82.1241 4.999753e+00 3.654906e-03 1.879975e+00 3.234086e+00 -1.904348e+00 4.078969e+00
101332.8 82.4996 4.999720e+00 3.629269e-03 1.880353e+00 3.165140e+00 -1.905673e+00 4.016545e+00
101343.7 82.8748 4.999747e+00 3.607548e-03 1.880686e+00 3.106947e+00 -1.908069e+00 3.955176e+00
101355.9 83.2498 4.999766e+00 3.607974e-03 1.881583e+00 3.071751e+00 -1.916824e+00 3.900921e+00
101404.8 83.625 4.999731e+00 3.603530e-03 1.866939e+00 3.030062e+00 -1.927614e+00 3.851550e+00
101414.3 83.9997 4.999758e+00 3.582161e-03 1.858446e+00 2.957355e+00 -1.925781e+00 3.772685e+00
101426.2 84.3742 4.999749e+00 3.567490e-03 1.845339e+00 2.888137e+00 -1.933439e+00 3.696164e+00
101434.8 84.7498 4.999736e+00 3.587235e-03 1.841436e+00 2.845024e+00 -1.938854e+00 3.650679e+00
101447.1 85.1248 4.999739e+00 3.601094e-03 1.838356e+00 2.802965e+00 -1.941193e+00 3.593316e+00
101455.1 85.4998 4.999745e+00 3.593854e-03 1.836638e+00 2.733597e+00 -1.949428e+00 3.517678e+00
101503.6 85.8749 4.999766e+00 3.583316e-03 1.838741e+00 2.667321e+00 -1.951751e+00 3.433211e+00
101514.8 86.2501 4.999782e+00 3.587779e-03 1.833827e+00 2.619502e+00 -1.954288e+00 3.377818e+00
101526.4 86.6249 4.999730e+00 3.589580e-03 1.819500e+00 2.564743e+00 -1.958221e+00 3.320802e+00
101535.6 87.0001 4.999726e+00 3.585161e-03 1.810117e+00 2.500279e+00 -1.968723e+00 3.244475e+00
101545.2 87.3744 4.999781e+00 3.583632e-03 1.804653e+00 2.435125e+00 -1.978426e+00 3.170236e+00
101557.8 87.7501 4.999741e+00 3.595964e-03 1.798314e+00 2.386294e+00 -1.974625e+00 3.111263e+00
101605.7 88.1248 4.999733e+00 3.586796e-03 1.796360e+00 2.331608e+00 -1.979238e+00 3.041385e+00
101614.3 88.5001 4.999705e+00 3.560305e-03 1.796579e+00 2.249512e+00 -1.986447e+00 2.958568e+00
101626.2 88.8753 4.999757e+00 3.543855e-03 1.787150e+00 2.176014e+00 -1.990316e+00 2.880879e+00
101637.4 89.2496 4.999729e+00 3.549767e-03 1.774918e+00 2.126771e+00 -1.992311e+00 2.817305e+00
101650.1 89.6251 4.999753e+00 3.557024e-03 1.773936e+00 2.068105e+00 -2.004749e+00 2.749739e+00
101701.6 90 4.999742e+00 3.558805e-03 1.773886e+00 1.980141e+00 -2.003771e+00 2.652010e+00
101713.9 90.3754 4.999755e+00 3.554349e-03 1.775160e+00 1.903784e+00 -2.006280e+00 2.569231e+00
101722.2 90.7498 4.999766e+00 3.562447e-03 1.767452e+00 1.848513e+00 -2.011067e+00 2.502541e+00
101730.7 91.1248 4.999730e+00 3.576584e-03 1.766482e+00 1.792682e+00 -2.011466e+00 2.433183e+00
101738.5 91.4998 4.999736e+00 3.577036e-03 1.750656e+00 1.705048e+00 -2.026606e+00 2.344355e+00
101749.8 91.8749 4.999766e+00 3.583239e-03 1.736011e+00 1.625056e+00 -2.025543e+00 2.255991e+00
101800.3 92.2498 4.999760e+00 3.607385e-03 1.733382e+00 1.565682e+00 -2.049477e+00 2.194069e+00
101808.5 92.6246 4.999743e+00 3.628388e-03 1.732031e+00 1.502775e+00 -2.048532e+00 2.115072e+00
101819.1 92.9999 4.999724e+00 3.653483e-03 1.724188e+00 1.419660e+00 -2.050108e+00 2.021093e+00
101831.8 93.3744 4.999751e+00 3.680096e-03 1.717534e+00 1.341300e+00 -2.062409e+00 1.934245e+00
101841.1 93.7492 4.999790e+00 3.717618e-03 1.698456e+00 1.283131e+00 -2.070275e+00 1.869282e+00
101854.0 94.1242 4.999769e+00 3.743191e-03 1.688626e+00 1.211901e+00 -2.078783e+00 1.806551e+00
101906.3 94.4991 4.999767e+00 3.777485e-03 1.684969e+00 1.117916e+00 -2.089140e+00 1.700625e+00
101916.9 94.8751 4.999738e+00 3.822105e-03 1.690545e+00 1.034336e+00 -2.100620e+00 1.600345e+00
101928.5 95.2496 4.999743e+00 3.871309e-03 1.690521e+00 9.750396e-01 -2.100257e+00 1.538000e+00
101937.4 95.6246 4.999747e+00 3.890656e-03 1.683857e+00 9.139625e-01 -2.101465e+00 1.458642e+00
101950.7 95.9999 4.999727e+00 3.894137e-03 1.670678e+00 8.068658e-01 -2.114534e+00 1.359470e+00
101959.9 96.3743 4.999749e+00 3.888805e-03 1.659576e+00 7.182282e-01 -2.120917e+00 1.261263e+00
102010.2 96.7502 4.999763e+00 3.890498e-03 1.642017e+00 6.449043e-01 -2.127103e+00 1.171786e+00
102019.7 97.1252 4.999721e+00 3.881264e-03 1.637726e+00 5.665585e-01 -2.133266e+00 1.096153e+00
102027.9 97.4999 4.999769e+00 3.851795e-03 1.646965e+00 4.693741e-01 -2.133317e+00 9.861673e-01
102036.8 97.8744 4.999779e+00 3.814725e-03 1.651386e+00 3.712404e-01 -2.132783e+00 8.770089e-01
102046.7 98.2502 4.999744e+00 3.783645e-03 1.641146e+00 2.973304e-01 -2.141275e+00 7.928404e-01
102055.2 98.6246 4.999725e+00 3.749831e-03 1.636415e+00 2.196683e-01 -2.144910e+00 7.021822e-01
102107.2 99.0001 4.999774e+00 3.715902e-03 1.629650e+00 1.015628e-01 -2.150043e+00 5.830949e-01
102119.1 99.3752 4.999746e+00 3.691067e-03 1.630021e+00 -7.669504e-03 -2.160921e+00 4.765576e-01
102131.0 99.7498 4.999714e+00 3.694775e-03 1.624496e+00 -7.792686e-02 -2.155020e+00 3.923873e-01
102141.3 100.125 4.999724e+00 3.701236e-03 1.622957e+00 -1.640953e-01 -2.150352e+00 2.981012e-01
102153.3 100.5 4.999739e+00 3.701778e-03 1.619502e+00 -2.592165e-01 -2.154148e+00 1.875889e-01
102204.2 100.875 4.999737e+00 3.701715e-03 1.616225e+00 -3.576556e-01 -2.162597e+00 8.392805e-02
102212.0 101.25 4.999767e+00 3.714221e-03 1.604613e+00 -4.408658e-01 -2.176427e+00 -5.524955e-03
102225.1 101.625 4.999736e+00 3.718287e-03 1.595628e+00 -5.268395e-01 -2.184793e+00 -1.033712e-01
102235.0 101.999 4.999749e+00 3.736398e-03 1.589649e+00 -6.380815e-01 -2.194400e+00 -2.172981e-01
102247.6 102.374 4.999760e+00 3.759894e-03 1.586371e+00 -7.424731e-01 -2.196941e+00 -3.340925e-01
102300.8 102.75 4.999707e+00 3.789374e-03 1.577138e+00 -8.211556e-01 -2.201166e+00 -4.222572e-01
102308.7 103.124 4.999765e+00 3.802963e-03 1.570725e+00 -9.068717e-01 -2.203726e+00 -5.156619e-01
102321.0 103.5 4.999749e+00 3.808838e-03 1.564687e+00 -1.026734e+00 -2.211549e+00 -6.371621e-01
102332.2 103.875 4.999716e+00 3.828844e-03 1.551535e+00 -1.130959e+00 -2.227997e+00 -7.440489e-01
102343.1 104.25 4.999717e+00 3.881448e-03 1.546766e+00 -1.211167e+00 -2.236383e+00 -8.389041e-01
102351.7 104.624 4.999749e+00 3.932402e-03 1.547292e+00 -1.304054e+00 -2.242901e+00 -9.350161e-01
102400.9 105 4.999752e+00 3.967399e-03 1.538943e+00 -1.416802e+00 -2.241799e+00 -1.066346e+00
102422.8 105.365 4.999738e+00 3.985161e-03 1.529136e+00 -1.521182e+00 -2.240367e+00 -1.182422e+00
102444.6 105.74 4.999762e+00 4.018510e-03 1.510162e+00 -1.607921e+00 -2.255800e+00 -1.271179e+00
102452.8 106.124 4.999743e+00 4.054019e-03 1.502127e+00 -1.706739e+00 -2.269878e+00 -1.374340e+00
102504.1 106.5 4.999778e+00 4.078772e-03 1.490688e+00 -1.825357e+00 -2.278799e+00 -1.498071e+00
102513.0 106.874 4.999747e+00 4.103200e-03 1.485989e+00 -1.943307e+00 -2.284586e+00 -1.613049e+00
102520.8 107.249 4.999735e+00 4.146005e-03 1.483778e+00 -2.033542e+00 -2.290644e+00 -1.721501e+00
102534.5 107.625 4.999772e+00 4.188599e-03 1.479231e+00 -2.127971e+00 -2.291353e+00 -1.838562e+00
102547.8 107.999 4.999751e+00 4.207102e-03 1.468459e+00 -2.247042e+00 -2.305174e+00 -1.967593e+00
102600.1 108.374 4.999733e+00 4.224586e-03 1.457685e+00 -2.364000e+00 -2.316865e+00 -2.086237e+00
102608.3 108.75 4.999716e+00 4.256056e-03 1.443475e+00 -2.459726e+00 -2.328684e+00 -2.189066e+00
102617.2 109.125 4.999707e+00 4.274374e-03 1.438259e+00 -2.563752e+00 -2.328061e+00 -2.302035e+00
102625.0 109.5 4.999750e+00 4.284748e-03 1.442382e+00 -2.704311e+00 -2.331497e+00 -2.438427e+00
102637.0 109.875 4.999725e+00 4.302711e-03 1.447745e+00 -2.829274e+00 -2.331833e+00 -2.568014e+00
102645.0 110.249 4.999746e+00 4.335359e-03 1.438498e+00 -2.911117e+00 -2.338828e+00 -2.677296e+00
102653.9 110.625 4.999720e+00 4.360523e-03 1.428019e+00 -3.013432e+00 -2.357565e+00 -2.792982e+00
102702.1 111 4.999756e+00 4.369968e-03 1.414088e+00 -3.147623e+00 -2.359188e+00 -2.922272e+00
102713.6 111.375 4.999755e+00 4.382006e-03 1.406217e+00 -3.278462e+00 -2.370957e+00 -3.056672e+00
102722.5 111.75 4.999752e+00 4.400706e-03 1.395998e+00 -3.389588e+00 -2.376121e+00 -3.171666e+00
102733.8 112.125 4.999761e+00 4.417619e-03 1.388211e+00 -3.502319e+00 -2.377614e+00 -3.293748e+00
102746.7 112.5 4.999763e+00 4.421264e-03 1.394038e+00 -3.638093e+00 -2.371962e+00 -3.431703e+00
102757.6 112.875 4.999772e+00 4.431827e-03 1.390722e+00 -3.763338e+00 -2.384985e+00 -3.569477e+00
102809.3 113.25 4.999763e+00 4.448394e-03 1.380268e+00 -3.864988e+00 -2.398344e+00 -3.688464e+00
102817.5 113.625 4.999765e+00 4.458511e-03 1.371683e+00 -3.983954e+00 -2.403784e+00 -3.808644e+00
102831.2 114.001 4.999745e+00 4.442956e-03 1.364095e+00 -4.129993e+00 -2.402383e+00 -3.952716e+00
102843.9 114.375 4.999761e+00 4.416155e-03 1.366101e+00 -4.258775e+00 -2.387346e+00 -4.081004e+00
102856.8 114.75 4.999711e+00 4.409183e-03 1.367812e+00 -4.376919e+00 -2.377235e+00 -4.200378e+00
102909.2 115.125 4.999763e+00 4.412159e-03 1.369890e+00 -4.494853e+00 -2.369448e+00 -4.327519e+00
102917.0 115.5 4.999747e+00 4.417627e-03 1.367072e+00 -4.638643e+00 -2.370387e+00 -4.497881e+00
102928.3 115.875 4.999722e+00 4.478264e-03 1.358387e+00 -4.772184e+00 -2.380833e+00 -4.659641e+00
102936.1 116.25 4.999773e+00 4.546710e-03 1.344276e+00 -4.885544e+00 -2.399781e+00 -4.804290e+00
102944.3 116.625 4.999724e+00 4.595768e-03 1.330201e+00 -5.002299e+00 -2.417074e+00 -4.951026e+00
102952.9 117 4.999733e+00 4.620631e-03 1.318843e+00 -5.146580e+00 -2.418073e+00 -5.118699e+00
103005.2 117.375 4.999717e+00 4.623537e-03 1.317065e+00 -5.297874e+00 -2.421152e+00 -5.285687e+00
103017.9 117.749 4.999721e+00 4.594618e-03 1.308243e+00 -5.413343e+00 -2.434071e+00 -5.409998e+00
103030.5 118.124 4.999747e+00 4.505324e-03 1.317676e+00 -5.545539e+00 -2.441312e+00 -5.503313e+00
103042.5 118.499 4.999744e+00 4.333806e-03 1.337271e+00 -5.693045e+00 -2.433379e+00 -5.594620e+00
103054.5 118.874 4.999766e+00 4.133733e-03 1.369556e+00 -5.839706e+00 -2.431385e+00 -5.673628e+00
