% Fogale DL Rail Calibration results.
% DL=5, Date=2016-03-11T09:04:00
% Tunnel Temperature=17.88 oC
% Scan Range: 1.125 - 118.875 mOPL
% Metrology used: ENCODERS
% Sensors: CALIBRATED
% Name=NSC
% Comment=
% WPS-Sensor tunnel center: WPS-7D6-003
% WPS-Sensor tunnel end: WPS-7D6-004
% DOMS-Sensor: DOM-7D2-003 S-330
% INCLINOMETER-Sensor: Inclinix
% TIMESTAMP[hhmmss.s] OPL-POSITION[m] DOMS[mm] INCL[rad] WPSTctrY[mm] WPSTctrZ[mm] WPSTendY[mm] WPSTendZ[mm]
090656.4 1.12504 4.999638e+00 3.602691e-03 3.077169e+00 -7.277967e+00 -7.782648e-01 -4.540892e+00
090708.1 1.49959 4.999701e+00 3.594938e-03 3.050067e+00 -7.134006e+00 -8.091484e-01 -4.417204e+00
090717.6 1.87446 4.999679e+00 3.621329e-03 3.023538e+00 -6.968039e+00 -8.364418e-01 -4.285608e+00
090730.3 2.24914 4.999692e+00 3.647573e-03 2.991841e+00 -6.779440e+00 -8.647630e-01 -4.131811e+00
090742.9 2.62438 4.999702e+00 3.671677e-03 2.982942e+00 -6.617301e+00 -8.833581e-01 -3.984290e+00
090755.3 3.00008 4.999662e+00 3.661373e-03 2.959134e+00 -6.478043e+00 -8.967928e-01 -3.854323e+00
090806.6 3.37466 4.999686e+00 3.641201e-03 2.951783e+00 -6.354038e+00 -9.151105e-01 -3.718934e+00
090820.2 3.74991 4.999701e+00 3.620118e-03 2.938527e+00 -6.196647e+00 -9.261493e-01 -3.576728e+00
090831.4 4.12509 4.999675e+00 3.584963e-03 2.928022e+00 -6.052281e+00 -9.240710e-01 -3.434962e+00
090843.0 4.4999 4.999655e+00 3.558227e-03 2.896422e+00 -5.914877e+00 -9.385571e-01 -3.321470e+00
090855.0 4.87426 4.999684e+00 3.569772e-03 2.858024e+00 -5.767803e+00 -9.553909e-01 -3.188907e+00
090907.3 5.25046 4.999676e+00 3.611437e-03 2.838879e+00 -5.600483e+00 -9.745381e-01 -3.053018e+00
090915.2 5.62526 4.999682e+00 3.623516e-03 2.820650e+00 -5.450877e+00 -9.754622e-01 -2.911803e+00
090924.4 5.99936 4.999662e+00 3.624345e-03 2.813146e+00 -5.341230e+00 -9.844062e-01 -2.806717e+00
090938.4 6.37473 4.999704e+00 3.622733e-03 2.793216e+00 -5.213145e+00 -9.810708e-01 -2.685436e+00
090951.7 6.74921 4.999683e+00 3.627133e-03 2.785441e+00 -5.063626e+00 -9.824165e-01 -2.544822e+00
091000.2 7.1249 4.999682e+00 3.629169e-03 2.801554e+00 -4.932104e+00 -9.917137e-01 -2.414961e+00
091010.5 7.50041 4.999669e+00 3.620212e-03 2.787030e+00 -4.801703e+00 -9.935849e-01 -2.299427e+00
091023.1 7.87476 4.999677e+00 3.614397e-03 2.771934e+00 -4.682544e+00 -1.001607e+00 -2.190314e+00
091030.9 8.2495 4.999688e+00 3.629462e-03 2.766925e+00 -4.525859e+00 -9.995122e-01 -2.055399e+00
091040.2 8.62488 4.999680e+00 3.647282e-03 2.781058e+00 -4.389911e+00 -1.002465e+00 -1.935268e+00
091053.1 8.99962 4.999684e+00 3.649935e-03 2.770437e+00 -4.264002e+00 -1.004508e+00 -1.823576e+00
091107.2 9.3739 4.999696e+00 3.649371e-03 2.768005e+00 -4.155079e+00 -1.012964e+00 -1.714459e+00
091121.1 9.74991 4.999683e+00 3.649209e-03 2.755359e+00 -4.016425e+00 -1.025878e+00 -1.579922e+00
091130.7 10.125 4.999684e+00 3.643424e-03 2.751510e+00 -3.881845e+00 -1.024663e+00 -1.458427e+00
091138.6 10.5003 4.999663e+00 3.632007e-03 2.751761e+00 -3.777410e+00 -1.022804e+00 -1.366697e+00
091150.5 10.8744 4.999678e+00 3.640685e-03 2.752326e+00 -3.654651e+00 -1.019391e+00 -1.258556e+00
091202.4 11.2497 4.999670e+00 3.663314e-03 2.746718e+00 -3.516044e+00 -1.021253e+00 -1.116706e+00
091211.4 11.6247 4.999702e+00 3.690068e-03 2.749523e+00 -3.382526e+00 -1.026928e+00 -9.971411e-01
091221.0 12 4.999696e+00 3.701032e-03 2.740081e+00 -3.280250e+00 -1.032036e+00 -8.999483e-01
091233.3 12.3752 4.999696e+00 3.711197e-03 2.737955e+00 -3.164971e+00 -1.040049e+00 -8.013025e-01
091242.2 12.7498 4.999702e+00 3.732297e-03 2.722419e+00 -3.039385e+00 -1.042839e+00 -6.896125e-01
091250.1 13.1245 4.999719e+00 3.749114e-03 2.711560e+00 -2.914153e+00 -1.042109e+00 -5.698760e-01
091259.9 13.5 4.999680e+00 3.755110e-03 2.706308e+00 -2.810077e+00 -1.045164e+00 -4.782200e-01
091309.9 13.8753 4.999702e+00 3.767192e-03 2.708154e+00 -2.701416e+00 -1.045892e+00 -3.782612e-01
091322.5 14.2497 4.999677e+00 3.796098e-03 2.708984e+00 -2.564066e+00 -1.053534e+00 -2.556480e-01
091331.0 14.6248 4.999698e+00 3.822427e-03 2.703986e+00 -2.436763e+00 -1.065409e+00 -1.427732e-01
091339.5 14.9999 4.999682e+00 3.838798e-03 2.702534e+00 -2.347536e+00 -1.077836e+00 -4.631123e-02
091407.0 15.3651 4.999695e+00 3.868970e-03 2.688096e+00 -2.248957e+00 -1.079253e+00 5.165452e-02
091420.7 15.7494 4.999700e+00 3.929002e-03 2.676697e+00 -2.098073e+00 -1.083117e+00 1.723206e-01
091431.9 16.1248 4.999703e+00 3.980042e-03 2.675106e+00 -1.978728e+00 -1.091495e+00 2.873224e-01
091444.5 16.4997 4.999675e+00 4.016997e-03 2.669171e+00 -1.879025e+00 -1.093826e+00 3.665736e-01
091455.1 16.8751 4.999692e+00 4.060084e-03 2.667732e+00 -1.785472e+00 -1.110177e+00 4.707034e-01
091507.7 17.2496 4.999703e+00 4.094068e-03 2.661208e+00 -1.666883e+00 -1.118868e+00 5.869624e-01
091516.6 17.6253 4.999693e+00 4.105690e-03 2.656459e+00 -1.549974e+00 -1.126825e+00 6.999585e-01
091528.5 18.0001 4.999692e+00 4.114984e-03 2.644486e+00 -1.465221e+00 -1.126000e+00 7.827755e-01
091552.3 18.366 4.999705e+00 4.130310e-03 2.629905e+00 -1.368756e+00 -1.131080e+00 8.740120e-01
091607.0 18.7493 4.999695e+00 4.154239e-03 2.629921e+00 -1.246820e+00 -1.134761e+00 9.783310e-01
091615.5 19.1244 4.999714e+00 4.148955e-03 2.634487e+00 -1.137958e+00 -1.140211e+00 1.075494e+00
091627.4 19.4994 4.999690e+00 4.094449e-03 2.633554e+00 -1.048126e+00 -1.154627e+00 1.156233e+00
091639.1 19.8751 4.999705e+00 4.015918e-03 2.625724e+00 -9.708324e-01 -1.156133e+00 1.236231e+00
091647.7 20.2501 4.999689e+00 3.950779e-03 2.623952e+00 -8.637750e-01 -1.151041e+00 1.332930e+00
091656.5 20.6252 4.999700e+00 3.894198e-03 2.629237e+00 -7.660907e-01 -1.145609e+00 1.426527e+00
091705.4 20.9996 4.999713e+00 3.844961e-03 2.631949e+00 -6.886900e-01 -1.149024e+00 1.487000e+00
091717.7 21.3747 4.999709e+00 3.822896e-03 2.635126e+00 -6.036360e-01 -1.156218e+00 1.568640e+00
091726.7 21.7493 4.999721e+00 3.827109e-03 2.623075e+00 -4.861874e-01 -1.159239e+00 1.672751e+00
091735.2 22.1253 4.999708e+00 3.834725e-03 2.620544e+00 -3.766731e-01 -1.170486e+00 1.764023e+00
091743.4 22.4999 4.999675e+00 3.814261e-03 2.614474e+00 -2.989617e-01 -1.177607e+00 1.836694e+00
091751.6 22.8748 4.999690e+00 3.797891e-03 2.610471e+00 -2.181767e-01 -1.174024e+00 1.913816e+00
091803.5 23.2501 4.999697e+00 3.792156e-03 2.606531e+00 -1.204532e-01 -1.174750e+00 2.005469e+00
091815.5 23.6248 4.999694e+00 3.787242e-03 2.605305e+00 -2.535508e-02 -1.179149e+00 2.101824e+00
091824.1 24 4.999712e+00 3.769814e-03 2.602946e+00 5.653966e-02 -1.189457e+00 2.179705e+00
091836.7 24.3748 4.999729e+00 3.755273e-03 2.597862e+00 1.405096e-01 -1.195577e+00 2.252938e+00
091846.0 24.7502 4.999704e+00 3.758172e-03 2.587311e+00 2.480267e-01 -1.199567e+00 2.343578e+00
091854.2 25.1253 4.999707e+00 3.763499e-03 2.580547e+00 3.459439e-01 -1.200162e+00 2.430458e+00
091903.1 25.4995 4.999701e+00 3.752350e-03 2.575375e+00 4.029416e-01 -1.201066e+00 2.489930e+00
091915.1 25.8744 4.999745e+00 3.738989e-03 2.573785e+00 4.813798e-01 -1.200641e+00 2.557695e+00
091927.1 26.2499 4.999711e+00 3.740286e-03 2.571712e+00 5.880666e-01 -1.201091e+00 2.647432e+00
091935.6 26.6246 4.999687e+00 3.725143e-03 2.571522e+00 6.730723e-01 -1.209584e+00 2.734873e+00
091944.5 26.9996 4.999717e+00 3.699684e-03 2.564524e+00 7.365766e-01 -1.217490e+00 2.796608e+00
091955.1 27.3755 4.999713e+00 3.681220e-03 2.561302e+00 8.118530e-01 -1.218284e+00 2.867264e+00
092003.4 27.7499 4.999709e+00 3.691823e-03 2.549056e+00 9.055866e-01 -1.215858e+00 2.951636e+00
092011.2 28.1243 4.999710e+00 3.700509e-03 2.550248e+00 1.001374e+00 -1.223387e+00 3.029978e+00
092019.7 28.4994 4.999695e+00 3.695065e-03 2.551955e+00 1.073358e+00 -1.232353e+00 3.087498e+00
092032.0 28.8747 4.999736e+00 3.695174e-03 2.548486e+00 1.148001e+00 -1.234437e+00 3.147981e+00
092040.5 29.2493 4.999700e+00 3.722579e-03 2.542071e+00 1.239040e+00 -1.237129e+00 3.230856e+00
092048.7 29.6251 4.999737e+00 3.741784e-03 2.538467e+00 1.320622e+00 -1.248908e+00 3.304461e+00
092057.3 29.9999 4.999717e+00 3.748991e-03 2.526798e+00 1.381644e+00 -1.252199e+00 3.361536e+00
092110.0 30.3743 4.999726e+00 3.749370e-03 2.527712e+00 1.446006e+00 -1.245929e+00 3.423570e+00
092133.8 30.7392 4.999735e+00 3.753478e-03 2.523735e+00 1.536344e+00 -1.255003e+00 3.509589e+00
092142.0 31.1246 4.999692e+00 3.744577e-03 2.521714e+00 1.626268e+00 -1.257857e+00 3.582075e+00
092149.6 31.4998 4.999699e+00 3.731230e-03 2.515922e+00 1.684458e+00 -1.259260e+00 3.623073e+00
092200.8 31.8744 4.999712e+00 3.692901e-03 2.514099e+00 1.746003e+00 -1.271166e+00 3.679514e+00
092212.1 32.2498 4.999730e+00 3.716382e-03 2.495373e+00 1.828708e+00 -1.268256e+00 3.761102e+00
092224.4 32.6249 4.999724e+00 3.729216e-03 2.492955e+00 1.913442e+00 -1.275397e+00 3.835764e+00
092233.0 32.9998 4.999713e+00 3.727058e-03 2.486750e+00 1.963528e+00 -1.282695e+00 3.888338e+00
092242.5 33.375 4.999731e+00 3.723695e-03 2.492187e+00 2.020355e+00 -1.283705e+00 3.932164e+00
092250.7 33.7494 4.999693e+00 3.747584e-03 2.488709e+00 2.095174e+00 -1.287440e+00 3.998217e+00
092259.6 34.1252 4.999724e+00 3.762710e-03 2.481315e+00 2.173314e+00 -1.294005e+00 4.066784e+00
092310.8 34.4997 4.999723e+00 3.749102e-03 2.482392e+00 2.222514e+00 -1.306344e+00 4.110022e+00
092322.9 34.8747 4.999716e+00 3.732576e-03 2.480814e+00 2.283822e+00 -1.304927e+00 4.156510e+00
092330.8 35.2495 4.999690e+00 3.729918e-03 2.470774e+00 2.367215e+00 -1.304466e+00 4.229865e+00
092339.4 35.6251 4.999710e+00 3.716249e-03 2.473100e+00 2.435010e+00 -1.306238e+00 4.291932e+00
092348.2 35.9995 4.999739e+00 3.700032e-03 2.471122e+00 2.468471e+00 -1.320051e+00 4.327153e+00
092401.2 36.3752 4.999693e+00 3.699267e-03 2.470919e+00 2.525728e+00 -1.318883e+00 4.370843e+00
092414.8 36.7499 4.999716e+00 3.717035e-03 2.465015e+00 2.605196e+00 -1.322217e+00 4.437293e+00
092423.4 37.1246 4.999697e+00 3.720317e-03 2.451353e+00 2.674933e+00 -1.327092e+00 4.490023e+00
092432.0 37.4992 4.999716e+00 3.704139e-03 2.446269e+00 2.720919e+00 -1.335614e+00 4.534384e+00
092443.6 37.875 4.999711e+00 3.691561e-03 2.438067e+00 2.757678e+00 -1.331097e+00 4.571241e+00
092455.9 38.2492 4.999707e+00 3.706334e-03 2.435757e+00 2.824506e+00 -1.341532e+00 4.631620e+00
092504.1 38.6243 4.999722e+00 3.720017e-03 2.428766e+00 2.893479e+00 -1.336355e+00 4.685729e+00
092512.7 38.9993 4.999702e+00 3.715660e-03 2.428075e+00 2.932818e+00 -1.342288e+00 4.719212e+00
092524.3 39.3749 4.999708e+00 3.719495e-03 2.419348e+00 2.982391e+00 -1.350747e+00 4.759715e+00
092533.2 39.75 4.999682e+00 3.749709e-03 2.413574e+00 3.050902e+00 -1.358421e+00 4.820847e+00
092541.1 40.1248 4.999712e+00 3.777373e-03 2.404146e+00 3.121213e+00 -1.358714e+00 4.862463e+00
092549.6 40.5 4.999702e+00 3.777630e-03 2.406101e+00 3.153208e+00 -1.363862e+00 4.899114e+00
092601.9 40.8742 4.999718e+00 3.782023e-03 2.403205e+00 3.200887e+00 -1.366752e+00 4.927759e+00
092614.9 41.25 4.999709e+00 3.802707e-03 2.402056e+00 3.256451e+00 -1.368921e+00 4.992037e+00
092624.4 41.6249 4.999720e+00 3.826238e-03 2.396237e+00 3.309520e+00 -1.373720e+00 5.033080e+00
092633.6 41.9992 4.999715e+00 3.839083e-03 2.389312e+00 3.345688e+00 -1.389132e+00 5.058579e+00
092645.9 42.3746 4.999687e+00 3.865673e-03 2.376202e+00 3.392035e+00 -1.390957e+00 5.089107e+00
092659.9 42.7499 4.999718e+00 3.866496e-03 2.372600e+00 3.449672e+00 -1.387635e+00 5.149160e+00
092708.1 43.1252 4.999700e+00 3.862631e-03 2.370678e+00 3.505015e+00 -1.392411e+00 5.201694e+00
092720.0 43.4997 4.999721e+00 3.884464e-03 2.366243e+00 3.532643e+00 -1.397287e+00 5.218456e+00
092732.3 43.8743 4.999707e+00 3.939229e-03 2.358957e+00 3.580294e+00 -1.404167e+00 5.245160e+00
092740.2 44.2492 4.999699e+00 4.018072e-03 2.343293e+00 3.634441e+00 -1.418678e+00 5.291014e+00
092748.7 44.6246 4.999694e+00 4.087401e-03 2.334145e+00 3.693106e+00 -1.422670e+00 5.336617e+00
092802.3 44.999 4.999716e+00 4.130738e-03 2.323186e+00 3.714309e+00 -1.423767e+00 5.365260e+00
092815.3 45.3741 4.999738e+00 4.167405e-03 2.319749e+00 3.755700e+00 -1.434702e+00 5.394588e+00
092829.2 45.7496 4.999701e+00 4.227446e-03 2.318627e+00 3.826979e+00 -1.447492e+00 5.457506e+00
092836.8 46.1248 4.999693e+00 4.285215e-03 2.304796e+00 3.871747e+00 -1.450093e+00 5.493829e+00
092847.7 46.4998 4.999732e+00 4.343690e-03 2.300194e+00 3.892967e+00 -1.460413e+00 5.505299e+00
092900.0 46.8746 4.999731e+00 4.413939e-03 2.286786e+00 3.917045e+00 -1.488138e+00 5.535522e+00
092912.7 47.249 4.999696e+00 4.482309e-03 2.278216e+00 3.989610e+00 -1.488565e+00 5.580123e+00
092924.3 47.6247 4.999724e+00 4.505445e-03 2.273906e+00 4.042526e+00 -1.491856e+00 5.625168e+00
092935.2 48.0003 4.999728e+00 4.467465e-03 2.279284e+00 4.053347e+00 -1.496492e+00 5.637414e+00
092944.1 48.3746 4.999718e+00 4.428981e-03 2.285865e+00 4.061543e+00 -1.495163e+00 5.646315e+00
092957.4 48.7505 4.999701e+00 4.412388e-03 2.285275e+00 4.088923e+00 -1.493480e+00 5.680499e+00
093005.0 49.1244 4.999730e+00 4.382249e-03 2.274776e+00 4.126751e+00 -1.499252e+00 5.697860e+00
093013.5 49.5003 4.999721e+00 4.331138e-03 2.270298e+00 4.142575e+00 -1.506654e+00 5.709447e+00
093021.4 49.8748 4.999711e+00 4.257465e-03 2.263320e+00 4.155157e+00 -1.511785e+00 5.724149e+00
093030.0 50.2498 4.999719e+00 4.194315e-03 2.261787e+00 4.201191e+00 -1.517399e+00 5.748576e+00
093038.8 50.625 4.999726e+00 4.129557e-03 2.262385e+00 4.224034e+00 -1.508957e+00 5.763561e+00
093050.4 50.9996 4.999712e+00 4.062079e-03 2.275760e+00 4.229320e+00 -1.507213e+00 5.756805e+00
093103.1 51.3744 4.999711e+00 4.022026e-03 2.272972e+00 4.239973e+00 -1.510436e+00 5.757481e+00
093116.0 51.7502 4.999741e+00 4.016111e-03 2.272163e+00 4.270415e+00 -1.519089e+00 5.780435e+00
093124.5 52.1241 4.999725e+00 4.026344e-03 2.263282e+00 4.307075e+00 -1.516925e+00 5.794365e+00
093134.7 52.5001 4.999714e+00 4.005382e-03 2.260363e+00 4.312063e+00 -1.515830e+00 5.792701e+00
093146.0 52.8754 4.999758e+00 3.988465e-03 2.262828e+00 4.327676e+00 -1.526602e+00 5.793641e+00
093158.3 53.2496 4.999696e+00 3.952187e-03 2.272188e+00 4.362181e+00 -1.527948e+00 5.848416e+00
093206.5 53.6248 4.999713e+00 3.913851e-03 2.268275e+00 4.380536e+00 -1.522230e+00 5.859559e+00
093218.8 53.9992 4.999717e+00 3.877447e-03 2.261836e+00 4.385241e+00 -1.527423e+00 5.858372e+00
093230.7 54.3748 4.999678e+00 3.878643e-03 2.245818e+00 4.398192e+00 -1.537038e+00 5.851893e+00
093239.3 54.75 4.999729e+00 3.894399e-03 2.225713e+00 4.426354e+00 -1.539868e+00 5.877641e+00
093249.0 55.1248 4.999725e+00 3.885582e-03 2.218274e+00 4.448231e+00 -1.542995e+00 5.883971e+00
093257.5 55.4998 4.999739e+00 3.867346e-03 2.221110e+00 4.449720e+00 -1.548053e+00 5.887139e+00
093309.4 55.8741 4.999732e+00 3.862542e-03 2.228551e+00 4.460655e+00 -1.550295e+00 5.885092e+00
093321.8 56.2503 4.999692e+00 3.880806e-03 2.229551e+00 4.480579e+00 -1.557915e+00 5.898803e+00
093332.7 56.6248 4.999739e+00 3.900864e-03 2.225392e+00 4.506475e+00 -1.565243e+00 5.908515e+00
093342.3 57.0005 4.999754e+00 3.905122e-03 2.208645e+00 4.496282e+00 -1.566581e+00 5.900278e+00
093354.6 57.375 4.999752e+00 3.900155e-03 2.202392e+00 4.491734e+00 -1.573124e+00 5.897010e+00
093407.9 57.75 4.999700e+00 3.901157e-03 2.199338e+00 4.532216e+00 -1.581308e+00 5.911077e+00
093416.8 58.1246 4.999749e+00 3.906078e-03 2.202036e+00 4.560602e+00 -1.586690e+00 5.921048e+00
093425.3 58.4995 4.999749e+00 3.893741e-03 2.197546e+00 4.553664e+00 -1.585824e+00 5.907327e+00
093433.5 58.8748 4.999712e+00 3.874741e-03 2.193783e+00 4.549110e+00 -1.596424e+00 5.896836e+00
093441.4 59.2498 4.999733e+00 3.861142e-03 2.180713e+00 4.567135e+00 -1.599503e+00 5.913032e+00
093455.9 59.6233 4.999677e+00 3.841327e-03 2.174305e+00 4.578661e+00 -1.597483e+00 5.917647e+00
093507.8 59.9999 4.999707e+00 3.823912e-03 2.174263e+00 4.570472e+00 -1.595707e+00 5.895584e+00
093520.0 60.3748 4.999771e+00 3.830120e-03 2.170360e+00 4.564099e+00 -1.612823e+00 5.889603e+00
093533.8 60.7518 4.999723e+00 3.858952e-03 2.171768e+00 4.586630e+00 -1.613569e+00 5.890236e+00
093546.4 61.1249 4.999733e+00 3.862200e-03 2.160299e+00 4.588187e+00 -1.618803e+00 5.899921e+00
093556.2 61.5001 4.999727e+00 3.860019e-03 2.156908e+00 4.571871e+00 -1.628231e+00 5.870093e+00
093607.8 61.8747 4.999698e+00 3.873238e-03 2.142191e+00 4.566895e+00 -1.628953e+00 5.859839e+00
093619.1 62.2501 4.999709e+00 3.900531e-03 2.126461e+00 4.579873e+00 -1.632000e+00 5.858845e+00
093627.2 62.6252 4.999724e+00 3.911509e-03 2.124571e+00 4.584173e+00 -1.637111e+00 5.848126e+00
093636.1 62.9998 4.999745e+00 3.911288e-03 2.124657e+00 4.570112e+00 -1.650023e+00 5.814899e+00
093648.4 63.374 4.999743e+00 3.940525e-03 2.128267e+00 4.564976e+00 -1.650617e+00 5.804522e+00
093701.0 63.7493 4.999739e+00 3.951971e-03 2.122296e+00 4.586129e+00 -1.667402e+00 5.820578e+00
093709.2 64.1243 4.999724e+00 3.948176e-03 2.111537e+00 4.589064e+00 -1.669478e+00 5.817524e+00
093717.8 64.5 4.999726e+00 3.916656e-03 2.112312e+00 4.566408e+00 -1.660975e+00 5.789519e+00
093728.7 64.8751 4.999757e+00 3.886296e-03 2.102504e+00 4.539626e+00 -1.668100e+00 5.767453e+00
093737.6 65.2494 4.999707e+00 3.875768e-03 2.102189e+00 4.540682e+00 -1.680435e+00 5.754598e+00
093746.4 65.6244 4.999697e+00 3.883009e-03 2.100823e+00 4.543257e+00 -1.680196e+00 5.733590e+00
093755.0 65.9998 4.999727e+00 3.856977e-03 2.101981e+00 4.512215e+00 -1.683295e+00 5.694402e+00
093807.2 66.3752 4.999747e+00 3.817156e-03 2.094297e+00 4.483215e+00 -1.692720e+00 5.667690e+00
093820.9 66.7497 4.999731e+00 3.785266e-03 2.091607e+00 4.484088e+00 -1.698656e+00 5.667298e+00
093832.6 67.1253 4.999708e+00 3.768871e-03 2.082873e+00 4.474836e+00 -1.701506e+00 5.647077e+00
093841.1 67.4995 4.999737e+00 3.745595e-03 2.073672e+00 4.432739e+00 -1.709123e+00 5.618659e+00
093849.3 67.8742 4.999736e+00 3.741808e-03 2.073541e+00 4.408961e+00 -1.714854e+00 5.587286e+00
093857.4 68.2499 4.999721e+00 3.761143e-03 2.073219e+00 4.422699e+00 -1.721880e+00 5.577901e+00
093909.8 68.6251 4.999730e+00 3.769997e-03 2.075971e+00 4.419761e+00 -1.729696e+00 5.555065e+00
093918.9 69 4.999714e+00 3.757207e-03 2.069930e+00 4.387553e+00 -1.727322e+00 5.510791e+00
093931.6 69.3749 4.999711e+00 3.745571e-03 2.062719e+00 4.357614e+00 -1.727313e+00 5.487837e+00
093940.1 69.75 4.999708e+00 3.745244e-03 2.049376e+00 4.348385e+00 -1.738787e+00 5.470177e+00
093951.3 70.1255 4.999745e+00 3.728591e-03 2.046221e+00 4.330177e+00 -1.747277e+00 5.448600e+00
093959.1 70.4994 4.999720e+00 3.708460e-03 2.037915e+00 4.285110e+00 -1.748233e+00 5.410433e+00
094009.8 70.8749 4.999750e+00 3.711113e-03 2.032440e+00 4.269972e+00 -1.747390e+00 5.369612e+00
094018.3 71.2497 4.999727e+00 3.742448e-03 2.024579e+00 4.269412e+00 -1.762425e+00 5.352723e+00
094026.5 71.6249 4.999677e+00 3.770890e-03 2.004783e+00 4.266173e+00 -1.763504e+00 5.327161e+00
094035.8 72.0001 4.999718e+00 3.763233e-03 1.997928e+00 4.224747e+00 -1.764387e+00 5.288391e+00
094048.4 72.3742 4.999733e+00 3.751340e-03 1.997178e+00 4.177610e+00 -1.778390e+00 5.261060e+00
094057.0 72.75 4.999729e+00 3.762511e-03 1.999083e+00 4.167598e+00 -1.782594e+00 5.231288e+00
094107.6 73.1252 4.999685e+00 3.771117e-03 1.995993e+00 4.146701e+00 -1.779304e+00 5.201207e+00
094116.1 73.4998 4.999719e+00 3.745468e-03 1.998175e+00 4.104202e+00 -1.771522e+00 5.140736e+00
094127.7 73.8746 4.999713e+00 3.755348e-03 1.989206e+00 4.077599e+00 -1.790207e+00 5.097752e+00
094139.7 74.2499 4.999739e+00 3.768600e-03 1.980174e+00 4.061381e+00 -1.790484e+00 5.083193e+00
094152.9 74.6248 4.999742e+00 3.773667e-03 1.971245e+00 4.042307e+00 -1.800764e+00 5.058973e+00
094202.6 75 4.999742e+00 3.773218e-03 1.967436e+00 3.991228e+00 -1.813058e+00 5.002282e+00
094214.8 75.3745 4.999721e+00 3.779598e-03 1.969769e+00 3.951366e+00 -1.814199e+00 4.949436e+00
094224.0 75.7502 4.999756e+00 3.786672e-03 1.963462e+00 3.934144e+00 -1.818336e+00 4.918989e+00
094232.5 76.1248 4.999735e+00 3.783765e-03 1.956490e+00 3.900294e+00 -1.827895e+00 4.878948e+00
094240.7 76.4994 4.999700e+00 3.761824e-03 1.952801e+00 3.855403e+00 -1.825921e+00 4.819510e+00
094253.0 76.8746 4.999735e+00 3.732605e-03 1.955659e+00 3.809325e+00 -1.828328e+00 4.773457e+00
094305.0 77.2492 4.999729e+00 3.717216e-03 1.943192e+00 3.784913e+00 -1.843807e+00 4.747720e+00
094315.6 77.6249 4.999767e+00 3.718237e-03 1.941023e+00 3.750725e+00 -1.853285e+00 4.697503e+00
094324.5 77.9996 4.999725e+00 3.718127e-03 1.946418e+00 3.697820e+00 -1.843451e+00 4.641192e+00
094337.4 78.3749 4.999730e+00 3.721362e-03 1.941733e+00 3.646400e+00 -1.843536e+00 4.580221e+00
094349.0 78.7501 4.999749e+00 3.734368e-03 1.929362e+00 3.636233e+00 -1.862640e+00 4.553724e+00
094357.2 79.125 4.999713e+00 3.715042e-03 1.918672e+00 3.606903e+00 -1.865177e+00 4.506623e+00
094405.3 79.4996 4.999751e+00 3.683692e-03 1.909488e+00 3.541128e+00 -1.871142e+00 4.444166e+00
094416.4 79.875 4.999717e+00 3.670468e-03 1.904364e+00 3.476581e+00 -1.877106e+00 4.380895e+00
094425.9 80.2501 4.999748e+00 3.679913e-03 1.897647e+00 3.444431e+00 -1.885939e+00 4.338174e+00
094434.5 80.6251 4.999729e+00 3.671376e-03 1.901509e+00 3.406929e+00 -1.882963e+00 4.295123e+00
094443.7 80.9994 4.999710e+00 3.652486e-03 1.899252e+00 3.343045e+00 -1.888475e+00 4.226046e+00
094453.9 81.375 4.999722e+00 3.647346e-03 1.892882e+00 3.301088e+00 -1.893943e+00 4.169046e+00
094502.8 81.75 4.999699e+00 3.656023e-03 1.877589e+00 3.271159e+00 -1.900603e+00 4.121700e+00
094513.0 82.1248 4.999759e+00 3.650177e-03 1.874341e+00 3.225370e+00 -1.913704e+00 4.071685e+00
094524.2 82.5002 4.999711e+00 3.628180e-03 1.879453e+00 3.156725e+00 -1.907395e+00 4.009556e+00
094532.4 82.8745 4.999717e+00 3.604911e-03 1.881092e+00 3.098573e+00 -1.904046e+00 3.946266e+00
094540.3 83.2494 4.999738e+00 3.606736e-03 1.879372e+00 3.063092e+00 -1.915676e+00 3.893478e+00
094548.8 83.6245 4.999735e+00 3.602285e-03 1.865678e+00 3.022284e+00 -1.929523e+00 3.845230e+00
094557.0 83.9997 4.999725e+00 3.579970e-03 1.857607e+00 2.948409e+00 -1.928869e+00 3.765240e+00
094608.9 84.3744 4.999745e+00 3.564617e-03 1.843227e+00 2.880336e+00 -1.936675e+00 3.688273e+00
094621.9 84.7502 4.999773e+00 3.582813e-03 1.839859e+00 2.837969e+00 -1.945735e+00 3.644255e+00
094629.7 85.1242 4.999721e+00 3.599278e-03 1.835474e+00 2.796651e+00 -1.947747e+00 3.587610e+00
094637.6 85.4995 4.999760e+00 3.590747e-03 1.834560e+00 2.724645e+00 -1.946583e+00 3.510611e+00
094646.2 85.875 4.999704e+00 3.580005e-03 1.838007e+00 2.659901e+00 -1.949723e+00 3.427319e+00
094657.1 86.2501 4.999715e+00 3.585399e-03 1.830617e+00 2.612200e+00 -1.960098e+00 3.371170e+00
094705.6 86.6242 4.999711e+00 3.587541e-03 1.814084e+00 2.556344e+00 -1.970427e+00 3.312961e+00
094714.5 86.9997 4.999749e+00 3.580907e-03 1.811000e+00 2.493416e+00 -1.975139e+00 3.238328e+00
094725.7 87.3743 4.999715e+00 3.582292e-03 1.802439e+00 2.427834e+00 -1.978864e+00 3.162315e+00
094734.6 87.7498 4.999718e+00 3.594102e-03 1.798594e+00 2.380977e+00 -1.975256e+00 3.106118e+00
094742.9 88.1247 4.999731e+00 3.584050e-03 1.795238e+00 2.324696e+00 -1.980531e+00 3.034370e+00
094751.4 88.4999 4.999718e+00 3.558682e-03 1.794216e+00 2.241775e+00 -1.989890e+00 2.952111e+00
094802.4 88.8751 4.999748e+00 3.541140e-03 1.785206e+00 2.169194e+00 -1.993009e+00 2.873988e+00
094814.7 89.2493 4.999733e+00 3.546081e-03 1.773880e+00 2.121377e+00 -1.998960e+00 2.812379e+00
094823.6 89.625 4.999723e+00 3.559052e-03 1.772962e+00 2.062222e+00 -2.011346e+00 2.744339e+00
094834.5 90.0001 4.999704e+00 3.556391e-03 1.771081e+00 1.974363e+00 -2.004114e+00 2.646475e+00
094846.8 90.375 4.999743e+00 3.553943e-03 1.773744e+00 1.898718e+00 -2.006969e+00 2.563690e+00
094855.1 90.7496 4.999731e+00 3.561175e-03 1.763646e+00 1.840955e+00 -2.012216e+00 2.495524e+00
094903.3 91.1248 4.999762e+00 3.573542e-03 1.759936e+00 1.785043e+00 -2.021234e+00 2.426415e+00
094911.1 91.4992 4.999739e+00 3.577085e-03 1.748699e+00 1.698900e+00 -2.032954e+00 2.337106e+00
094918.9 91.8744 4.999736e+00 3.582763e-03 1.733733e+00 1.619662e+00 -2.031039e+00 2.250300e+00
094930.9 92.2496 4.999744e+00 3.604944e-03 1.730806e+00 1.558958e+00 -2.049958e+00 2.187904e+00
094939.5 92.6248 4.999733e+00 3.627992e-03 1.729487e+00 1.495729e+00 -2.053559e+00 2.107466e+00
094951.4 92.9998 4.999719e+00 3.649366e-03 1.723684e+00 1.413066e+00 -2.055626e+00 2.014433e+00
095003.3 93.3744 4.999729e+00 3.676307e-03 1.715766e+00 1.334739e+00 -2.066544e+00 1.927838e+00
095016.6 93.7497 4.999732e+00 3.713767e-03 1.695635e+00 1.276227e+00 -2.073801e+00 1.862392e+00
095028.9 94.1246 4.999716e+00 3.739585e-03 1.686054e+00 1.205615e+00 -2.084008e+00 1.800722e+00
095041.5 94.4996 4.999729e+00 3.776015e-03 1.682895e+00 1.111308e+00 -2.091273e+00 1.695093e+00
095052.8 94.8749 4.999742e+00 3.820372e-03 1.688413e+00 1.026752e+00 -2.097407e+00 1.593167e+00
095104.4 95.2505 4.999739e+00 3.870552e-03 1.687773e+00 9.686289e-01 -2.104065e+00 1.531751e+00
095117.7 95.6249 4.999722e+00 3.893533e-03 1.680780e+00 9.076869e-01 -2.114669e+00 1.452428e+00
095126.3 95.9994 4.999706e+00 3.893446e-03 1.666051e+00 8.008654e-01 -2.123312e+00 1.354148e+00
095138.3 96.3745 4.999727e+00 3.888255e-03 1.655227e+00 7.116718e-01 -2.125202e+00 1.255950e+00
095147.8 96.7495 4.999716e+00 3.887996e-03 1.639489e+00 6.385498e-01 -2.128536e+00 1.166459e+00
095155.7 97.1248 4.999742e+00 3.880394e-03 1.636934e+00 5.607746e-01 -2.142430e+00 1.089828e+00
095203.9 97.4998 4.999739e+00 3.850525e-03 1.642565e+00 4.629302e-01 -2.140314e+00 9.801907e-01
095212.1 97.875 4.999717e+00 3.813416e-03 1.647725e+00 3.654004e-01 -2.140280e+00 8.721913e-01
095220.3 98.2496 4.999697e+00 3.781045e-03 1.638815e+00 2.917323e-01 -2.146380e+00 7.880838e-01
095228.9 98.6251 4.999709e+00 3.746966e-03 1.635304e+00 2.135667e-01 -2.148868e+00 6.968573e-01
095237.0 99.0001 4.999754e+00 3.714227e-03 1.629405e+00 9.577255e-02 -2.152182e+00 5.774236e-01
095249.1 99.3749 4.999741e+00 3.691913e-03 1.627341e+00 -1.273324e-02 -2.159757e+00 4.713742e-01
095257.7 99.7499 4.999706e+00 3.694581e-03 1.621927e+00 -8.356255e-02 -2.158484e+00 3.869351e-01
095310.3 100.125 4.999735e+00 3.701589e-03 1.619419e+00 -1.701392e-01 -2.160863e+00 2.928091e-01
095322.3 100.5 4.999742e+00 3.701630e-03 1.615835e+00 -2.645321e-01 -2.168056e+00 1.826223e-01
095333.5 100.875 4.999733e+00 3.699998e-03 1.612863e+00 -3.620524e-01 -2.167270e+00 7.885671e-02
095345.1 101.25 4.999749e+00 3.710337e-03 1.602308e+00 -4.461870e-01 -2.176245e+00 -1.053475e-02
095353.4 101.625 4.999677e+00 3.719097e-03 1.593266e+00 -5.321665e-01 -2.190987e+00 -1.085930e-01
095402.9 102 4.999717e+00 3.735594e-03 1.585772e+00 -6.436123e-01 -2.201619e+00 -2.234543e-01
095415.2 102.374 4.999726e+00 3.758967e-03 1.582393e+00 -7.476096e-01 -2.203572e+00 -3.388142e-01
095426.1 102.75 4.999738e+00 3.788468e-03 1.572914e+00 -8.266875e-01 -2.206373e+00 -4.277377e-01
095438.3 103.125 4.999717e+00 3.802366e-03 1.569900e+00 -9.124882e-01 -2.211461e+00 -5.207770e-01
095449.9 103.5 4.999750e+00 3.807742e-03 1.561487e+00 -1.033149e+00 -2.218391e+00 -6.429012e-01
095501.3 103.875 4.999758e+00 3.828823e-03 1.549253e+00 -1.136254e+00 -2.228967e+00 -7.491732e-01
095510.9 104.25 4.999721e+00 3.879411e-03 1.543786e+00 -1.217051e+00 -2.241503e+00 -8.440795e-01
095520.1 104.625 4.999703e+00 3.930911e-03 1.544061e+00 -1.308236e+00 -2.251982e+00 -9.386226e-01
095528.6 105 4.999744e+00 3.965804e-03 1.533163e+00 -1.422685e+00 -2.253039e+00 -1.072008e+00
095541.9 105.374 4.999718e+00 3.982622e-03 1.530909e+00 -1.529141e+00 -2.248492e+00 -1.189053e+00
095550.4 105.751 4.999702e+00 4.015997e-03 1.512881e+00 -1.616510e+00 -2.257255e+00 -1.278496e+00
095602.4 106.125 4.999700e+00 4.054760e-03 1.501414e+00 -1.711620e+00 -2.270575e+00 -1.378283e+00
095613.7 106.5 4.999744e+00 4.075453e-03 1.488279e+00 -1.831192e+00 -2.282983e+00 -1.502627e+00
095625.6 106.874 4.999724e+00 4.100926e-03 1.482931e+00 -1.949556e+00 -2.289857e+00 -1.618628e+00
095638.3 107.249 4.999727e+00 4.146551e-03 1.481158e+00 -2.038726e+00 -2.295645e+00 -1.726141e+00
095652.2 107.625 4.999715e+00 4.184876e-03 1.477282e+00 -2.133481e+00 -2.297987e+00 -1.842634e+00
095703.6 108 4.999717e+00 4.207727e-03 1.466353e+00 -2.252464e+00 -2.312112e+00 -1.972243e+00
095715.8 108.373 4.999736e+00 4.222409e-03 1.455225e+00 -2.369570e+00 -2.317128e+00 -2.090953e+00
095729.1 108.75 4.999741e+00 4.254620e-03 1.442647e+00 -2.465366e+00 -2.330372e+00 -2.193077e+00
095736.9 109.125 4.999730e+00 4.271796e-03 1.435879e+00 -2.568719e+00 -2.337206e+00 -2.306362e+00
095745.6 109.499 4.999742e+00 4.283171e-03 1.439175e+00 -2.707713e+00 -2.340698e+00 -2.442323e+00
095757.5 109.875 4.999732e+00 4.300966e-03 1.444060e+00 -2.832921e+00 -2.339106e+00 -2.569886e+00
095809.8 110.249 4.999748e+00 4.333684e-03 1.436493e+00 -2.915340e+00 -2.343545e+00 -2.681329e+00
095823.8 110.624 4.999723e+00 4.363278e-03 1.425643e+00 -3.015752e+00 -2.356528e+00 -2.794724e+00
095834.1 111 4.999742e+00 4.369853e-03 1.412231e+00 -3.153640e+00 -2.365297e+00 -2.927613e+00
095846.7 111.375 4.999738e+00 4.380930e-03 1.403058e+00 -3.282652e+00 -2.377346e+00 -3.061120e+00
095858.9 111.749 4.999731e+00 4.398755e-03 1.394740e+00 -3.391716e+00 -2.378252e+00 -3.173406e+00
095909.8 112.125 4.999723e+00 4.414301e-03 1.385446e+00 -3.504031e+00 -2.380162e+00 -3.294769e+00
095918.4 112.5 4.999745e+00 4.419966e-03 1.392237e+00 -3.643083e+00 -2.375199e+00 -3.435494e+00
095929.3 112.875 4.999736e+00 4.430730e-03 1.388379e+00 -3.765642e+00 -2.385388e+00 -3.571288e+00
095941.9 113.25 4.999722e+00 4.444685e-03 1.378257e+00 -3.868773e+00 -2.399878e+00 -3.692176e+00
095950.1 113.624 4.999706e+00 4.457063e-03 1.369123e+00 -3.988048e+00 -2.408770e+00 -3.811387e+00
095959.0 114 4.999721e+00 4.441874e-03 1.363749e+00 -4.135017e+00 -2.411180e+00 -3.956524e+00
100012.0 114.375 4.999705e+00 4.417635e-03 1.364958e+00 -4.264865e+00 -2.394003e+00 -4.085574e+00
100024.6 114.75 4.999708e+00 4.408332e-03 1.365991e+00 -4.380571e+00 -2.379374e+00 -4.202476e+00
100032.7 115.124 4.999698e+00 4.410032e-03 1.368853e+00 -4.497705e+00 -2.369475e+00 -4.329519e+00
100041.4 115.5 4.999718e+00 4.418460e-03 1.366224e+00 -4.641952e+00 -2.372450e+00 -4.498897e+00
100053.0 115.875 4.999760e+00 4.477070e-03 1.356222e+00 -4.776032e+00 -2.387333e+00 -4.663053e+00
100101.9 116.25 4.999738e+00 4.541219e-03 1.342963e+00 -4.888685e+00 -2.405413e+00 -4.806901e+00
100113.4 116.625 4.999731e+00 4.598013e-03 1.329355e+00 -5.008376e+00 -2.421134e+00 -4.955735e+00
100122.7 117 4.999720e+00 4.620933e-03 1.315537e+00 -5.149524e+00 -2.422114e+00 -5.122504e+00
100133.2 117.375 4.999717e+00 4.622453e-03 1.314780e+00 -5.301976e+00 -2.423564e+00 -5.289014e+00
100146.9 117.75 4.999742e+00 4.592241e-03 1.304664e+00 -5.415453e+00 -2.435852e+00 -5.409626e+00
100159.5 118.125 4.999732e+00 4.500023e-03 1.314272e+00 -5.549748e+00 -2.448160e+00 -5.508259e+00
100211.5 118.5 4.999714e+00 4.332242e-03 1.334844e+00 -5.696662e+00 -2.441757e+00 -5.596961e+00
100223.8 118.874 4.999750e+00 4.130859e-03 1.366914e+00 -5.840494e+00 -2.434320e+00 -5.675580e+00
