% Fogale DL Rail Calibration results.
% DL=5, Date=2016-03-23T08:41:51
% Tunnel Temperature=17.89 oC
% Scan Range: 1.125 - 118.875 mOPL
% Metrology used: ENCODERS
% Sensors: CALIBRATED
% Name=NSC
% Comment=not executed at night
% WPS-Sensor tunnel center: WPS-7D6-003
% WPS-Sensor tunnel end: WPS-7D6-004
% DOMS-Sensor: DOM-7D2-003 S-330
% INCLINOMETER-Sensor: Inclinix
% TIMESTAMP[hhmmss.s] OPL-POSITION[m] DOMS[mm] INCL[rad] WPSTctrY[mm] WPSTctrZ[mm] WPSTendY[mm] WPSTendZ[mm]
084403.7 1.12504 4.999678e+00 3.604167e-03 3.074909e+00 -7.286965e+00 -7.836973e-01 -4.550559e+00
084413.6 1.49972 4.999686e+00 3.596524e-03 3.045057e+00 -7.135392e+00 -8.088654e-01 -4.423304e+00
084423.5 1.8756 4.999709e+00 3.617026e-03 3.017905e+00 -6.969742e+00 -8.383697e-01 -4.291150e+00
084436.4 2.24888 4.999708e+00 3.642896e-03 2.984249e+00 -6.780629e+00 -8.739061e-01 -4.138103e+00
084444.4 2.624 4.999702e+00 3.668954e-03 2.977274e+00 -6.621176e+00 -8.885238e-01 -3.992374e+00
084454.6 3.00014 4.999703e+00 3.659678e-03 2.955706e+00 -6.484617e+00 -8.967585e-01 -3.863621e+00
084505.3 3.37441 4.999692e+00 3.640212e-03 2.948169e+00 -6.360631e+00 -9.097152e-01 -3.728310e+00
084519.0 3.74966 4.999728e+00 3.617300e-03 2.934828e+00 -6.203746e+00 -9.238066e-01 -3.585609e+00
084526.6 4.1249 4.999707e+00 3.577550e-03 2.923483e+00 -6.058363e+00 -9.261298e-01 -3.440383e+00
084538.5 4.49977 4.999730e+00 3.541660e-03 2.892572e+00 -5.921893e+00 -9.448049e-01 -3.324348e+00
084550.1 4.87394 4.999720e+00 3.546029e-03 2.855487e+00 -5.775718e+00 -9.633868e-01 -3.189079e+00
084558.7 5.24995 4.999736e+00 3.584318e-03 2.836862e+00 -5.608433e+00 -9.749173e-01 -3.051287e+00
084607.4 5.62469 4.999710e+00 3.593776e-03 2.821275e+00 -5.462036e+00 -9.701365e-01 -2.909618e+00
084616.8 5.99956 4.999714e+00 3.597748e-03 2.812090e+00 -5.349179e+00 -9.780818e-01 -2.807419e+00
084631.0 6.37422 4.999694e+00 3.606360e-03 2.788177e+00 -5.217889e+00 -9.812848e-01 -2.687280e+00
084643.3 6.75029 4.999742e+00 3.618308e-03 2.782722e+00 -5.074348e+00 -9.861249e-01 -2.552320e+00
084654.4 7.12516 4.999727e+00 3.631255e-03 2.797509e+00 -4.937602e+00 -9.919606e-01 -2.422774e+00
084702.2 7.49945 4.999722e+00 3.621589e-03 2.783863e+00 -4.814482e+00 -9.957288e-01 -2.313125e+00
084715.0 7.87508 4.999723e+00 3.615736e-03 2.766157e+00 -4.689950e+00 -1.001636e+00 -2.202070e+00
084725.8 8.25001 4.999717e+00 3.632189e-03 2.763899e+00 -4.534801e+00 -9.994612e-01 -2.065831e+00
084735.0 8.62545 4.999688e+00 3.644594e-03 2.775390e+00 -4.393486e+00 -1.000749e+00 -1.945202e+00
084746.2 8.99968 4.999743e+00 3.649072e-03 2.765565e+00 -4.266088e+00 -1.010322e+00 -1.833485e+00
084757.9 9.37409 4.999751e+00 3.649699e-03 2.763992e+00 -4.152658e+00 -1.021954e+00 -1.724094e+00
084806.9 9.74947 4.999694e+00 3.650723e-03 2.749180e+00 -4.010714e+00 -1.031315e+00 -1.589701e+00
084814.4 10.125 4.999723e+00 3.641875e-03 2.748348e+00 -3.875253e+00 -1.023790e+00 -1.468028e+00
084825.1 10.5002 4.999683e+00 3.630627e-03 2.747928e+00 -3.775283e+00 -1.020879e+00 -1.376952e+00
084837.1 10.8744 4.999738e+00 3.639060e-03 2.747790e+00 -3.656253e+00 -1.020768e+00 -1.269030e+00
084849.5 11.2492 4.999699e+00 3.662818e-03 2.739232e+00 -3.521580e+00 -1.024933e+00 -1.128292e+00
084902.2 11.6241 4.999724e+00 3.692114e-03 2.743304e+00 -3.391495e+00 -1.026679e+00 -1.009222e+00
084910.5 11.9998 4.999707e+00 3.700393e-03 2.735714e+00 -3.293034e+00 -1.037787e+00 -9.128914e-01
084922.8 12.3749 4.999710e+00 3.711307e-03 2.729296e+00 -3.174923e+00 -1.043190e+00 -8.143697e-01
084932.2 12.7493 4.999736e+00 3.730356e-03 2.717707e+00 -3.052466e+00 -1.048226e+00 -7.022763e-01
084939.8 13.1246 4.999730e+00 3.747023e-03 2.703864e+00 -2.924800e+00 -1.047442e+00 -5.831027e-01
084948.7 13.4996 4.999748e+00 3.751512e-03 2.699467e+00 -2.821732e+00 -1.055213e+00 -4.915922e-01
085000.4 13.8746 4.999745e+00 3.766166e-03 2.700382e+00 -2.713481e+00 -1.057766e+00 -3.920716e-01
085013.3 14.2498 4.999739e+00 3.798089e-03 2.701334e+00 -2.575441e+00 -1.063643e+00 -2.700410e-01
085022.6 14.6243 4.999727e+00 3.822534e-03 2.696361e+00 -2.448846e+00 -1.072249e+00 -1.564113e-01
085032.2 14.9995 4.999736e+00 3.837445e-03 2.695401e+00 -2.358920e+00 -1.077270e+00 -5.971288e-02
085045.9 15.3741 4.999744e+00 3.867683e-03 2.684933e+00 -2.256635e+00 -1.085068e+00 4.172160e-02
085059.0 15.7496 4.999715e+00 3.928883e-03 2.668613e+00 -2.109922e+00 -1.093181e+00 1.597984e-01
085110.7 16.1247 4.999747e+00 3.979555e-03 2.668503e+00 -1.991758e+00 -1.098293e+00 2.744182e-01
085122.4 16.4998 4.999737e+00 4.016580e-03 2.658154e+00 -1.891382e+00 -1.100122e+00 3.547741e-01
085135.1 16.8738 4.999726e+00 4.057883e-03 2.654272e+00 -1.798210e+00 -1.113637e+00 4.575537e-01
085145.2 17.2496 4.999736e+00 4.093747e-03 2.649886e+00 -1.680347e+00 -1.123375e+00 5.749158e-01
085153.6 17.6248 4.999736e+00 4.102567e-03 2.641507e+00 -1.561558e+00 -1.129193e+00 6.874940e-01
085206.6 17.9999 4.999736e+00 4.111997e-03 2.631555e+00 -1.478175e+00 -1.129104e+00 7.701638e-01
085219.0 18.3743 4.999733e+00 4.130115e-03 2.621216e+00 -1.379956e+00 -1.142501e+00 8.635500e-01
085231.5 18.75 4.999737e+00 4.153456e-03 2.618095e+00 -1.259019e+00 -1.142325e+00 9.656550e-01
085243.4 19.125 4.999720e+00 4.150529e-03 2.624495e+00 -1.150232e+00 -1.144482e+00 1.062783e+00
085250.8 19.4995 4.999741e+00 4.092826e-03 2.626189e+00 -1.061342e+00 -1.152074e+00 1.143568e+00
085301.2 19.8746 4.999742e+00 4.016811e-03 2.618793e+00 -9.844178e-01 -1.160581e+00 1.221671e+00
085308.9 20.2499 4.999747e+00 3.949992e-03 2.615376e+00 -8.765879e-01 -1.158537e+00 1.317444e+00
085317.3 20.6252 4.999724e+00 3.894638e-03 2.622021e+00 -7.794785e-01 -1.152835e+00 1.411876e+00
085326.5 20.9996 4.999730e+00 3.846389e-03 2.621962e+00 -7.012021e-01 -1.154949e+00 1.471337e+00
085337.9 21.375 4.999719e+00 3.825192e-03 2.627274e+00 -6.155215e-01 -1.155956e+00 1.552177e+00
085351.6 21.7493 4.999715e+00 3.825149e-03 2.616028e+00 -4.988991e-01 -1.161882e+00 1.656917e+00
085359.8 22.1248 4.999751e+00 3.833297e-03 2.612094e+00 -3.890414e-01 -1.168904e+00 1.748260e+00
085407.2 22.4993 4.999735e+00 3.814215e-03 2.605187e+00 -3.104725e-01 -1.175403e+00 1.820883e+00
085418.7 22.8748 4.999727e+00 3.797855e-03 2.601674e+00 -2.302867e-01 -1.180581e+00 1.897562e+00
085431.2 23.2499 4.999718e+00 3.792677e-03 2.598013e+00 -1.335048e-01 -1.183811e+00 1.988000e+00
085444.1 23.6243 4.999752e+00 3.787278e-03 2.595592e+00 -3.881790e-02 -1.185923e+00 2.083920e+00
085453.4 24.0001 4.999714e+00 3.770347e-03 2.590613e+00 4.360123e-02 -1.191431e+00 2.160416e+00
085503.6 24.3747 4.999735e+00 3.756637e-03 2.589217e+00 1.258565e-01 -1.196576e+00 2.233427e+00
085512.7 24.7504 4.999728e+00 3.760039e-03 2.575681e+00 2.336131e-01 -1.208531e+00 2.325175e+00
085521.4 25.1247 4.999758e+00 3.764581e-03 2.571597e+00 3.303930e-01 -1.210623e+00 2.410606e+00
085531.2 25.5002 4.999769e+00 3.755818e-03 2.567198e+00 3.876172e-01 -1.211908e+00 2.470881e+00
085542.7 25.8747 4.999727e+00 3.741044e-03 2.567294e+00 4.654246e-01 -1.214143e+00 2.538276e+00
085555.3 26.2494 4.999719e+00 3.739534e-03 2.566252e+00 5.723059e-01 -1.212907e+00 2.629471e+00
085603.4 26.6249 4.999737e+00 3.724122e-03 2.565400e+00 6.565597e-01 -1.217764e+00 2.715078e+00
085612.2 26.9997 4.999741e+00 3.697965e-03 2.562143e+00 7.198182e-01 -1.220656e+00 2.778665e+00
085624.8 27.3747 4.999763e+00 3.683170e-03 2.554589e+00 7.945822e-01 -1.226629e+00 2.848399e+00
085638.2 27.7498 4.999743e+00 3.690506e-03 2.538542e+00 8.874689e-01 -1.228509e+00 2.931902e+00
085645.6 28.1248 4.999745e+00 3.699135e-03 2.539714e+00 9.825109e-01 -1.231138e+00 3.009078e+00
085657.1 28.4998 4.999751e+00 3.691750e-03 2.539634e+00 1.054038e+00 -1.231414e+00 3.067128e+00
085709.4 28.8747 4.999753e+00 3.695820e-03 2.532648e+00 1.128138e+00 -1.234763e+00 3.126111e+00
085717.4 29.2498 4.999747e+00 3.717846e-03 2.526117e+00 1.219575e+00 -1.241464e+00 3.211229e+00
085727.2 29.625 4.999699e+00 3.739833e-03 2.521766e+00 1.302819e+00 -1.254934e+00 3.284907e+00
085738.4 30.0001 4.999751e+00 3.750070e-03 2.510809e+00 1.361074e+00 -1.253271e+00 3.339570e+00
085750.7 30.3743 4.999737e+00 3.749641e-03 2.512525e+00 1.426224e+00 -1.249697e+00 3.402864e+00
085801.6 30.7502 4.999765e+00 3.756427e-03 2.517031e+00 1.519969e+00 -1.259620e+00 3.491596e+00
085809.4 31.1246 4.999732e+00 3.746560e-03 2.513666e+00 1.608302e+00 -1.261936e+00 3.562617e+00
085818.9 31.5002 4.999717e+00 3.735889e-03 2.508492e+00 1.664757e+00 -1.261080e+00 3.604534e+00
085830.0 31.8746 4.999718e+00 3.691123e-03 2.507944e+00 1.725621e+00 -1.274928e+00 3.656152e+00
085841.4 32.2498 4.999773e+00 3.717105e-03 2.492365e+00 1.809053e+00 -1.279520e+00 3.739610e+00
085853.7 32.6249 4.999738e+00 3.731334e-03 2.487511e+00 1.893564e+00 -1.283220e+00 3.814401e+00
085902.6 32.9997 4.999741e+00 3.726477e-03 2.484467e+00 1.942146e+00 -1.287755e+00 3.865148e+00
085914.4 33.3749 4.999725e+00 3.723307e-03 2.486987e+00 2.001803e+00 -1.287247e+00 3.913439e+00
085927.1 33.7498 4.999735e+00 3.746254e-03 2.482082e+00 2.075802e+00 -1.292920e+00 3.977677e+00
085935.6 34.1242 4.999736e+00 3.761969e-03 2.470114e+00 2.150010e+00 -1.304592e+00 4.042902e+00
085943.2 34.4996 4.999755e+00 3.748430e-03 2.469957e+00 2.203767e+00 -1.315138e+00 4.090656e+00
085954.9 34.8745 4.999715e+00 3.733237e-03 2.470017e+00 2.265999e+00 -1.309717e+00 4.136575e+00
090007.1 35.25 4.999787e+00 3.731919e-03 2.458433e+00 2.346128e+00 -1.310573e+00 4.208509e+00
090017.0 35.6253 4.999738e+00 3.713509e-03 2.461076e+00 2.415067e+00 -1.313810e+00 4.270917e+00
090029.7 36.0002 4.999730e+00 3.698116e-03 2.459166e+00 2.446658e+00 -1.322166e+00 4.301986e+00
090041.8 36.3749 4.999731e+00 3.699568e-03 2.459140e+00 2.503283e+00 -1.320771e+00 4.348104e+00
090050.1 36.7496 4.999745e+00 3.717603e-03 2.452739e+00 2.583333e+00 -1.333416e+00 4.411564e+00
090058.5 37.125 4.999759e+00 3.721507e-03 2.437353e+00 2.651547e+00 -1.338073e+00 4.465186e+00
090107.0 37.4993 4.999745e+00 3.702292e-03 2.434914e+00 2.698433e+00 -1.342074e+00 4.508427e+00
090119.2 37.8749 4.999763e+00 3.690322e-03 2.430382e+00 2.736876e+00 -1.335929e+00 4.550433e+00
090131.9 38.2506 4.999743e+00 3.704057e-03 2.424585e+00 2.802532e+00 -1.346482e+00 4.605787e+00
090142.5 38.6251 4.999767e+00 3.720388e-03 2.418114e+00 2.870080e+00 -1.346529e+00 4.660821e+00
090154.9 38.9999 4.999714e+00 3.717063e-03 2.415253e+00 2.911691e+00 -1.350788e+00 4.696493e+00
090204.8 39.3752 4.999760e+00 3.719695e-03 2.407997e+00 2.958885e+00 -1.358417e+00 4.736400e+00
090218.5 39.7499 4.999733e+00 3.749684e-03 2.404696e+00 3.026245e+00 -1.362988e+00 4.792896e+00
090227.0 40.1246 4.999726e+00 3.777262e-03 2.395901e+00 3.097010e+00 -1.363264e+00 4.837085e+00
090235.4 40.4993 4.999758e+00 3.779405e-03 2.395532e+00 3.131752e+00 -1.369352e+00 4.877502e+00
090247.5 40.8743 4.999736e+00 3.783580e-03 2.390573e+00 3.176153e+00 -1.371384e+00 4.903267e+00
090255.3 41.2499 4.999729e+00 3.802615e-03 2.390756e+00 3.231753e+00 -1.378306e+00 4.966123e+00
090304.0 41.6248 4.999757e+00 3.827681e-03 2.384279e+00 3.283968e+00 -1.388490e+00 5.006049e+00
090315.6 42.0004 4.999758e+00 3.839184e-03 2.377230e+00 3.321843e+00 -1.399645e+00 5.033326e+00
090327.6 42.3748 4.999732e+00 3.866146e-03 2.366248e+00 3.367703e+00 -1.394036e+00 5.064333e+00
090341.6 42.7497 4.999741e+00 3.865591e-03 2.363054e+00 3.426541e+00 -1.389990e+00 5.126939e+00
090353.4 43.1247 4.999750e+00 3.862662e-03 2.360604e+00 3.480463e+00 -1.399071e+00 5.175288e+00
090404.3 43.5 4.999765e+00 3.884406e-03 2.356746e+00 3.508906e+00 -1.402499e+00 5.193500e+00
090416.2 43.8749 4.999753e+00 3.939886e-03 2.346480e+00 3.555680e+00 -1.409305e+00 5.219227e+00
090428.0 44.2498 4.999729e+00 4.019581e-03 2.333054e+00 3.611097e+00 -1.428078e+00 5.265398e+00
090436.3 44.6246 4.999731e+00 4.088724e-03 2.321604e+00 3.668140e+00 -1.432128e+00 5.311779e+00
090449.7 44.9992 4.999748e+00 4.130323e-03 2.314532e+00 3.691647e+00 -1.427808e+00 5.342079e+00
090503.2 45.375 4.999760e+00 4.168755e-03 2.308790e+00 3.729677e+00 -1.436238e+00 5.371256e+00
090526.0 45.7405 4.999755e+00 4.226460e-03 2.301122e+00 3.801306e+00 -1.456168e+00 5.432232e+00
090534.1 46.1245 4.999743e+00 4.284309e-03 2.294284e+00 3.849081e+00 -1.464150e+00 5.471086e+00
090541.8 46.4995 4.999737e+00 4.341549e-03 2.286200e+00 3.868119e+00 -1.473218e+00 5.481137e+00
090554.1 46.8745 4.999723e+00 4.412963e-03 2.275886e+00 3.894530e+00 -1.491810e+00 5.512032e+00
090606.1 47.2491 4.999762e+00 4.482885e-03 2.267215e+00 3.963018e+00 -1.489089e+00 5.553935e+00
090619.1 47.624 4.999744e+00 4.505697e-03 2.260224e+00 4.015117e+00 -1.494761e+00 5.600462e+00
090631.1 48.0007 4.999761e+00 4.470169e-03 2.268528e+00 4.031588e+00 -1.505139e+00 5.617120e+00
090643.5 48.3751 4.999748e+00 4.432663e-03 2.273739e+00 4.037322e+00 -1.497388e+00 5.623374e+00
090652.4 48.7494 4.999743e+00 4.412627e-03 2.270777e+00 4.064479e+00 -1.507542e+00 5.654071e+00
090702.2 49.1248 4.999745e+00 4.384914e-03 2.262421e+00 4.104271e+00 -1.511948e+00 5.674125e+00
090709.7 49.4997 4.999754e+00 4.330549e-03 2.258987e+00 4.116014e+00 -1.511027e+00 5.682195e+00
090717.7 49.8744 4.999761e+00 4.258999e-03 2.251039e+00 4.131335e+00 -1.511789e+00 5.698933e+00
090725.6 50.2506 4.999745e+00 4.193525e-03 2.250779e+00 4.175915e+00 -1.520887e+00 5.722511e+00
090734.1 50.6255 4.999733e+00 4.132491e-03 2.253552e+00 4.200804e+00 -1.516499e+00 5.738316e+00
090744.0 51.0004 4.999772e+00 4.063095e-03 2.264982e+00 4.207219e+00 -1.517206e+00 5.730858e+00
090756.0 51.3752 4.999764e+00 4.021295e-03 2.261867e+00 4.213772e+00 -1.516180e+00 5.731508e+00
090805.7 51.7496 4.999755e+00 4.014688e-03 2.264097e+00 4.246882e+00 -1.517560e+00 5.752267e+00
090813.1 52.1249 4.999755e+00 4.022305e-03 2.253036e+00 4.281405e+00 -1.520519e+00 5.766972e+00
090824.2 52.4998 4.999757e+00 4.004611e-03 2.252545e+00 4.289000e+00 -1.518869e+00 5.764781e+00
090836.1 52.8745 4.999749e+00 3.989020e-03 2.254767e+00 4.304365e+00 -1.528220e+00 5.767777e+00
090848.4 53.2498 4.999741e+00 3.954012e-03 2.262358e+00 4.336997e+00 -1.531338e+00 5.819437e+00
090857.7 53.6253 4.999739e+00 3.911520e-03 2.257114e+00 4.354825e+00 -1.528988e+00 5.830600e+00
090910.1 54.0003 4.999739e+00 3.877230e-03 2.253063e+00 4.358997e+00 -1.531947e+00 5.828793e+00
090922.3 54.3749 4.999755e+00 3.878844e-03 2.237536e+00 4.372441e+00 -1.536790e+00 5.824063e+00
091005.5 54.7296 4.999736e+00 3.894862e-03 2.210661e+00 4.400131e+00 -1.539605e+00 5.846747e+00
091013.6 55.1242 4.999793e+00 3.885119e-03 2.205849e+00 4.420641e+00 -1.553823e+00 5.854342e+00
091023.7 55.5005 4.999791e+00 3.868094e-03 2.212321e+00 4.423087e+00 -1.556766e+00 5.857097e+00
091035.3 55.874 4.999731e+00 3.861921e-03 2.219379e+00 4.432650e+00 -1.552874e+00 5.856271e+00
091046.5 56.2498 4.999741e+00 3.879948e-03 2.220673e+00 4.450976e+00 -1.556008e+00 5.865333e+00
091058.1 56.6249 4.999805e+00 3.901457e-03 2.217370e+00 4.478996e+00 -1.564982e+00 5.879656e+00
091108.5 57.0003 4.999726e+00 3.905032e-03 2.197539e+00 4.467305e+00 -1.570153e+00 5.868196e+00
091120.7 57.3745 4.999722e+00 3.894947e-03 2.194101e+00 4.463131e+00 -1.573090e+00 5.868722e+00
091133.1 57.7499 4.999765e+00 3.903235e-03 2.191509e+00 4.502380e+00 -1.583272e+00 5.879053e+00
091140.9 58.1246 4.999733e+00 3.904743e-03 2.194639e+00 4.537473e+00 -1.590193e+00 5.895248e+00
091153.5 58.5 4.999766e+00 3.892808e-03 2.188626e+00 4.524281e+00 -1.586980e+00 5.874972e+00
091202.0 58.8748 4.999767e+00 3.874881e-03 2.186535e+00 4.520761e+00 -1.592762e+00 5.868710e+00
091210.4 59.2501 4.999760e+00 3.862613e-03 2.173225e+00 4.537156e+00 -1.596145e+00 5.883222e+00
091219.1 59.6245 4.999755e+00 3.844304e-03 2.165964e+00 4.546158e+00 -1.600902e+00 5.884072e+00
091231.9 59.9997 4.999762e+00 3.824246e-03 2.164786e+00 4.540465e+00 -1.607232e+00 5.864523e+00
091242.3 60.3745 4.999749e+00 3.829545e-03 2.161921e+00 4.534340e+00 -1.617446e+00 5.858546e+00
091250.9 60.7498 4.999747e+00 3.858658e-03 2.163311e+00 4.558264e+00 -1.612310e+00 5.859091e+00
091259.1 61.1252 4.999743e+00 3.864756e-03 2.152401e+00 4.558710e+00 -1.615725e+00 5.868970e+00
091306.8 61.4998 4.999735e+00 3.860867e-03 2.149234e+00 4.543776e+00 -1.629460e+00 5.840021e+00
091318.1 61.8749 4.999767e+00 3.874043e-03 2.134686e+00 4.538050e+00 -1.631044e+00 5.828467e+00
091325.9 62.2499 4.999753e+00 3.897868e-03 2.118963e+00 4.550980e+00 -1.638884e+00 5.829900e+00
091334.0 62.6248 4.999750e+00 3.908959e-03 2.113779e+00 4.555818e+00 -1.647189e+00 5.819235e+00
091342.3 62.9995 4.999735e+00 3.911749e-03 2.115682e+00 4.537932e+00 -1.649662e+00 5.779509e+00
091354.4 63.374 4.999739e+00 3.938601e-03 2.117153e+00 4.532043e+00 -1.648394e+00 5.770954e+00
091405.3 63.7503 4.999746e+00 3.952215e-03 2.115642e+00 4.556567e+00 -1.661764e+00 5.792516e+00
091414.6 64.125 4.999755e+00 3.948085e-03 2.102527e+00 4.559520e+00 -1.673730e+00 5.785847e+00
091423.0 64.5 4.999725e+00 3.914515e-03 2.103751e+00 4.538154e+00 -1.674998e+00 5.759893e+00
091431.5 64.8746 4.999741e+00 3.883951e-03 2.093577e+00 4.509595e+00 -1.679234e+00 5.737760e+00
091442.5 65.2502 4.999743e+00 3.876214e-03 2.092954e+00 4.509949e+00 -1.680732e+00 5.724686e+00
091450.8 65.6246 4.999750e+00 3.883241e-03 2.091430e+00 4.511261e+00 -1.674828e+00 5.701898e+00
091503.5 66.0001 4.999754e+00 3.860117e-03 2.095797e+00 4.481471e+00 -1.679833e+00 5.662337e+00
091515.1 66.3753 4.999716e+00 3.817749e-03 2.088293e+00 4.451745e+00 -1.691988e+00 5.635917e+00
091527.3 66.7497 4.999758e+00 3.785350e-03 2.083804e+00 4.452036e+00 -1.694927e+00 5.632374e+00
091534.9 67.1241 4.999718e+00 3.769165e-03 2.073145e+00 4.443080e+00 -1.704241e+00 5.613224e+00
091543.1 67.4999 4.999781e+00 3.747001e-03 2.067567e+00 4.401009e+00 -1.709661e+00 5.584934e+00
091551.1 67.8743 4.999747e+00 3.741961e-03 2.068857e+00 4.378738e+00 -1.710949e+00 5.555622e+00
091559.7 68.2501 4.999736e+00 3.763146e-03 2.069713e+00 4.391879e+00 -1.712044e+00 5.544273e+00
091608.0 68.6245 4.999760e+00 3.771631e-03 2.070063e+00 4.389666e+00 -1.725235e+00 5.523563e+00
091617.0 68.9994 4.999759e+00 3.760948e-03 2.062891e+00 4.356894e+00 -1.732849e+00 5.477030e+00
091629.1 69.3748 4.999724e+00 3.744092e-03 2.056230e+00 4.325375e+00 -1.730080e+00 5.452871e+00
091655.5 69.7398 4.999748e+00 3.745396e-03 2.037582e+00 4.318200e+00 -1.739410e+00 5.436663e+00
091704.3 70.1245 4.999764e+00 3.730315e-03 2.038037e+00 4.298438e+00 -1.744049e+00 5.416420e+00
091715.2 70.5002 4.999756e+00 3.711185e-03 2.032104e+00 4.254210e+00 -1.743973e+00 5.379409e+00
091724.8 70.8751 4.999770e+00 3.713171e-03 2.025870e+00 4.236147e+00 -1.744117e+00 5.335208e+00
091733.0 71.2496 4.999759e+00 3.741925e-03 2.017655e+00 4.238965e+00 -1.759830e+00 5.320453e+00
091742.0 71.6243 4.999767e+00 3.774448e-03 1.995966e+00 4.234216e+00 -1.766311e+00 5.294145e+00
091750.1 71.9997 4.999758e+00 3.765597e-03 1.990433e+00 4.190727e+00 -1.765946e+00 5.253883e+00
091803.5 72.374 4.999779e+00 3.753711e-03 1.992716e+00 4.147154e+00 -1.780683e+00 5.228015e+00
091812.5 72.7495 4.999758e+00 3.764869e-03 1.993327e+00 4.134962e+00 -1.774510e+00 5.198202e+00
091824.5 73.1248 4.999741e+00 3.771340e-03 1.990262e+00 4.114554e+00 -1.773973e+00 5.167635e+00
091833.0 73.4998 4.999751e+00 3.748709e-03 1.989469e+00 4.069562e+00 -1.775995e+00 5.106326e+00
091844.6 73.8745 4.999773e+00 3.757946e-03 1.982797e+00 4.045783e+00 -1.795111e+00 5.064597e+00
091855.8 74.2499 4.999753e+00 3.768786e-03 1.974223e+00 4.026952e+00 -1.785734e+00 5.047592e+00
091909.8 74.6242 4.999785e+00 3.774287e-03 1.967031e+00 4.009644e+00 -1.794577e+00 5.027866e+00
091918.8 74.9996 4.999743e+00 3.775600e-03 1.962746e+00 3.959755e+00 -1.808237e+00 4.970387e+00
091930.4 75.3746 4.999782e+00 3.779879e-03 1.963006e+00 3.918224e+00 -1.814227e+00 4.917108e+00
091940.1 75.7493 4.999750e+00 3.788677e-03 1.957628e+00 3.899933e+00 -1.816263e+00 4.885803e+00
091948.1 76.125 4.999761e+00 3.784174e-03 1.950079e+00 3.867289e+00 -1.832792e+00 4.845998e+00
091959.9 76.5002 4.999749e+00 3.763217e-03 1.945368e+00 3.822262e+00 -1.832140e+00 4.784521e+00
092011.7 76.8748 4.999761e+00 3.732291e-03 1.946623e+00 3.778564e+00 -1.832152e+00 4.741110e+00
092022.6 77.2498 4.999785e+00 3.717884e-03 1.933668e+00 3.752586e+00 -1.842486e+00 4.716433e+00
092031.5 77.6246 4.999723e+00 3.720143e-03 1.932615e+00 3.719642e+00 -1.849467e+00 4.666432e+00
092040.0 77.9998 4.999742e+00 3.718233e-03 1.937090e+00 3.666233e+00 -1.848937e+00 4.610452e+00
092053.2 78.3749 4.999764e+00 3.721918e-03 1.931713e+00 3.613453e+00 -1.854738e+00 4.547944e+00
092102.4 78.7493 4.999750e+00 3.732730e-03 1.918950e+00 3.605089e+00 -1.865672e+00 4.523547e+00
092111.2 79.1245 4.999772e+00 3.713671e-03 1.912414e+00 3.576440e+00 -1.860411e+00 4.476419e+00
092121.6 79.5 4.999751e+00 3.687170e-03 1.898470e+00 3.507634e+00 -1.868029e+00 4.409604e+00
092129.3 79.8743 4.999778e+00 3.674196e-03 1.895127e+00 3.447561e+00 -1.880597e+00 4.351742e+00
092137.4 80.2494 4.999742e+00 3.680212e-03 1.889424e+00 3.415118e+00 -1.887928e+00 4.308774e+00
092145.9 80.625 4.999757e+00 3.672017e-03 1.893635e+00 3.375215e+00 -1.886867e+00 4.263086e+00
092158.9 81.0001 4.999739e+00 3.653909e-03 1.891220e+00 3.312488e+00 -1.897918e+00 4.196286e+00
092210.7 81.3749 4.999731e+00 3.650674e-03 1.885216e+00 3.269794e+00 -1.896002e+00 4.137363e+00
092219.1 81.7497 4.999758e+00 3.658148e-03 1.872477e+00 3.238822e+00 -1.894170e+00 4.089399e+00
092227.1 82.125 4.999749e+00 3.652132e-03 1.868809e+00 3.194250e+00 -1.909507e+00 4.040621e+00
092235.7 82.4995 4.999780e+00 3.627993e-03 1.871222e+00 3.124275e+00 -1.912379e+00 3.976770e+00
092247.0 82.875 4.999723e+00 3.605316e-03 1.871902e+00 3.068060e+00 -1.916078e+00 3.916649e+00
092258.9 83.2493 4.999749e+00 3.606112e-03 1.872074e+00 3.030973e+00 -1.918755e+00 3.860282e+00
092310.4 83.6251 4.999781e+00 3.604989e-03 1.859441e+00 2.992112e+00 -1.928037e+00 3.815872e+00
092319.6 83.9997 4.999747e+00 3.579661e-03 1.850536e+00 2.917598e+00 -1.922246e+00 3.734173e+00
092331.0 84.3752 4.999750e+00 3.564937e-03 1.835632e+00 2.848392e+00 -1.934494e+00 3.657078e+00
092341.9 84.7504 4.999754e+00 3.586056e-03 1.832944e+00 2.808579e+00 -1.946006e+00 3.615946e+00
092353.9 85.125 4.999727e+00 3.599707e-03 1.829662e+00 2.764418e+00 -1.946870e+00 3.554529e+00
092401.7 85.4991 4.999758e+00 3.591244e-03 1.825352e+00 2.694878e+00 -1.955908e+00 3.480900e+00
092412.7 85.8748 4.999757e+00 3.580439e-03 1.830174e+00 2.630950e+00 -1.953900e+00 3.398215e+00
092421.0 86.2498 4.999769e+00 3.586671e-03 1.823754e+00 2.582552e+00 -1.955625e+00 3.342228e+00
092429.1 86.6246 4.999748e+00 3.587692e-03 1.808384e+00 2.526853e+00 -1.965483e+00 3.284449e+00
092438.4 86.9999 4.999742e+00 3.580479e-03 1.802374e+00 2.461595e+00 -1.974965e+00 3.206329e+00
092450.8 87.3743 4.999739e+00 3.580511e-03 1.796613e+00 2.399545e+00 -1.989155e+00 3.134411e+00
092504.4 87.7501 4.999785e+00 3.592461e-03 1.790495e+00 2.350437e+00 -1.982842e+00 3.076436e+00
092512.2 88.1248 4.999762e+00 3.584971e-03 1.787703e+00 2.297905e+00 -1.985856e+00 3.008432e+00
092520.1 88.4999 4.999749e+00 3.558711e-03 1.786689e+00 2.213723e+00 -1.988249e+00 2.924267e+00
092530.9 88.8753 4.999744e+00 3.542739e-03 1.777196e+00 2.140416e+00 -1.993917e+00 2.845063e+00
092545.8 89.2499 4.999739e+00 3.546962e-03 1.767293e+00 2.091082e+00 -1.996850e+00 2.782120e+00
092554.4 89.625 4.999757e+00 3.554909e-03 1.765747e+00 2.032234e+00 -2.014709e+00 2.714565e+00
092603.1 89.9996 4.999707e+00 3.556636e-03 1.764748e+00 1.946057e+00 -2.010977e+00 2.618578e+00
092615.5 90.3743 4.999770e+00 3.551886e-03 1.767023e+00 1.868674e+00 -2.008131e+00 2.533882e+00
092627.6 90.7501 4.999745e+00 3.561660e-03 1.756794e+00 1.813315e+00 -2.012132e+00 2.467789e+00
092635.8 91.1249 4.999777e+00 3.575014e-03 1.753158e+00 1.756461e+00 -2.014328e+00 2.397682e+00
092643.4 91.4996 4.999767e+00 3.572444e-03 1.741261e+00 1.670574e+00 -2.033745e+00 2.309787e+00
092651.4 91.8744 4.999775e+00 3.580242e-03 1.726180e+00 1.591826e+00 -2.040764e+00 2.224190e+00
092703.4 92.2491 4.999759e+00 3.604629e-03 1.724296e+00 1.530228e+00 -2.054966e+00 2.159467e+00
092711.6 92.6245 4.999750e+00 3.627571e-03 1.724992e+00 1.467980e+00 -2.052077e+00 2.081155e+00
092722.6 93 4.999764e+00 3.650900e-03 1.717408e+00 1.384902e+00 -2.050747e+00 1.987226e+00
092734.6 93.3746 4.999758e+00 3.678773e-03 1.708995e+00 1.306126e+00 -2.060035e+00 1.899825e+00
092747.6 93.7498 4.999790e+00 3.713992e-03 1.690034e+00 1.248746e+00 -2.072650e+00 1.836072e+00
092800.8 94.1249 4.999767e+00 3.742109e-03 1.676851e+00 1.176783e+00 -2.083995e+00 1.773518e+00
092808.4 94.4995 4.999732e+00 3.777786e-03 1.673830e+00 1.082742e+00 -2.095466e+00 1.668696e+00
092816.3 94.8748 4.999742e+00 3.821290e-03 1.682697e+00 9.999259e-01 -2.100223e+00 1.568026e+00
092827.5 95.2505 4.999758e+00 3.870634e-03 1.683031e+00 9.410812e-01 -2.100142e+00 1.506906e+00
092836.9 95.6246 4.999771e+00 3.894167e-03 1.676309e+00 8.802553e-01 -2.101802e+00 1.428807e+00
092847.7 95.9995 4.999749e+00 3.890026e-03 1.662710e+00 7.735219e-01 -2.117651e+00 1.331630e+00
092900.4 96.3749 4.999753e+00 3.885473e-03 1.650169e+00 6.856113e-01 -2.130898e+00 1.233109e+00
092908.9 96.7501 4.999751e+00 3.886894e-03 1.634402e+00 6.126257e-01 -2.134928e+00 1.144694e+00
092920.7 97.1247 4.999725e+00 3.880149e-03 1.631825e+00 5.351391e-01 -2.140530e+00 1.068381e+00
092928.7 97.4999 4.999766e+00 3.850369e-03 1.638015e+00 4.376346e-01 -2.129972e+00 9.581998e-01
092939.0 97.8754 4.999710e+00 3.813223e-03 1.643678e+00 3.398593e-01 -2.126470e+00 8.486141e-01
092950.1 98.2501 4.999744e+00 3.778955e-03 1.634101e+00 2.655543e-01 -2.141188e+00 7.644198e-01
092959.3 98.6251 4.999756e+00 3.743709e-03 1.629352e+00 1.892367e-01 -2.146427e+00 6.732601e-01
093010.9 99.0003 4.999756e+00 3.713085e-03 1.626642e+00 7.149024e-02 -2.151723e+00 5.547283e-01
093022.6 99.375 4.999742e+00 3.690297e-03 1.622326e+00 -3.583267e-02 -2.160456e+00 4.484747e-01
093030.8 99.7498 4.999732e+00 3.694810e-03 1.617727e+00 -1.055616e-01 -2.153828e+00 3.636682e-01
093043.2 100.124 4.999735e+00 3.702570e-03 1.615825e+00 -1.911434e-01 -2.150210e+00 2.694967e-01
093050.7 100.499 4.999755e+00 3.701563e-03 1.611644e+00 -2.858635e-01 -2.157479e+00 1.596064e-01
093101.1 100.875 4.999743e+00 3.698083e-03 1.607483e+00 -3.837881e-01 -2.168823e+00 5.595281e-02
093112.6 101.25 4.999757e+00 3.710171e-03 1.597044e+00 -4.669731e-01 -2.183850e+00 -3.330432e-02
093121.0 101.625 4.999796e+00 3.719736e-03 1.587652e+00 -5.524834e-01 -2.191214e+00 -1.311405e-01
093129.5 102 4.999765e+00 3.735494e-03 1.582968e+00 -6.637200e-01 -2.188370e+00 -2.464189e-01
093142.4 102.374 4.999779e+00 3.761756e-03 1.579288e+00 -7.671625e-01 -2.183558e+00 -3.620408e-01
093150.6 102.75 4.999751e+00 3.793545e-03 1.572091e+00 -8.475748e-01 -2.190968e+00 -4.508604e-01
093202.9 103.125 4.999782e+00 3.803050e-03 1.567628e+00 -9.342763e-01 -2.196416e+00 -5.436292e-01
093212.5 103.5 4.999751e+00 3.809977e-03 1.559698e+00 -1.054252e+00 -2.206482e+00 -6.652673e-01
093223.4 103.875 4.999731e+00 3.829046e-03 1.545706e+00 -1.158629e+00 -2.223199e+00 -7.710681e-01
093234.6 104.25 4.999777e+00 3.883714e-03 1.540417e+00 -1.239413e+00 -2.231712e+00 -8.656614e-01
093243.7 104.624 4.999709e+00 3.933293e-03 1.541713e+00 -1.330589e+00 -2.233897e+00 -9.604973e-01
093252.6 104.999 4.999760e+00 3.967119e-03 1.532576e+00 -1.444134e+00 -2.236433e+00 -1.092388e+00
093305.7 105.374 4.999743e+00 3.982252e-03 1.527815e+00 -1.550926e+00 -2.241988e+00 -1.210135e+00
093318.7 105.75 4.999755e+00 4.015897e-03 1.509267e+00 -1.637877e+00 -2.260468e+00 -1.299473e+00
093330.9 106.125 4.999748e+00 4.054566e-03 1.501026e+00 -1.733050e+00 -2.267314e+00 -1.397908e+00
093338.6 106.5 4.999779e+00 4.074862e-03 1.492574e+00 -1.853066e+00 -2.274862e+00 -1.521365e+00
093349.7 106.875 4.999778e+00 4.104973e-03 1.491478e+00 -1.970530e+00 -2.274442e+00 -1.636368e+00
093401.1 107.25 4.999741e+00 4.146616e-03 1.493425e+00 -2.060998e+00 -2.284405e+00 -1.745248e+00
093409.7 107.625 4.999762e+00 4.184278e-03 1.488757e+00 -2.155838e+00 -2.291961e+00 -1.861882e+00
093417.8 107.999 4.999729e+00 4.204814e-03 1.473192e+00 -2.273624e+00 -2.309136e+00 -1.990935e+00
093428.7 108.374 4.999750e+00 4.222421e-03 1.460204e+00 -2.390608e+00 -2.316670e+00 -2.110049e+00
093440.3 108.751 4.999765e+00 4.255369e-03 1.443490e+00 -2.485306e+00 -2.326032e+00 -2.211452e+00
093452.3 109.125 4.999752e+00 4.273897e-03 1.437547e+00 -2.588232e+00 -2.323539e+00 -2.323602e+00
093500.4 109.5 4.999764e+00 4.283111e-03 1.438264e+00 -2.728286e+00 -2.325205e+00 -2.461444e+00
093509.7 109.875 4.999745e+00 4.299022e-03 1.439641e+00 -2.850539e+00 -2.330177e+00 -2.588003e+00
093522.7 110.249 4.999765e+00 4.333363e-03 1.432592e+00 -2.936851e+00 -2.343851e+00 -2.699984e+00
093531.4 110.624 4.999757e+00 4.360885e-03 1.422044e+00 -3.036930e+00 -2.359680e+00 -2.814251e+00
093540.0 111 4.999707e+00 4.370786e-03 1.410807e+00 -3.172798e+00 -2.356092e+00 -2.943330e+00
093552.4 111.375 4.999758e+00 4.379672e-03 1.401270e+00 -3.301776e+00 -2.364372e+00 -3.078078e+00
093603.9 111.75 4.999720e+00 4.400105e-03 1.394017e+00 -3.410501e+00 -2.368933e+00 -3.190098e+00
093612.1 112.125 4.999747e+00 4.414042e-03 1.384519e+00 -3.520874e+00 -2.376915e+00 -3.310402e+00
093624.0 112.5 4.999738e+00 4.420752e-03 1.394373e+00 -3.660652e+00 -2.374648e+00 -3.450447e+00
093634.4 112.875 4.999782e+00 4.431913e-03 1.391807e+00 -3.782902e+00 -2.388578e+00 -3.588099e+00
093645.8 113.25 4.999736e+00 4.448131e-03 1.382940e+00 -3.884498e+00 -2.401264e+00 -3.706838e+00
093659.1 113.625 4.999760e+00 4.458187e-03 1.376490e+00 -4.004861e+00 -2.404352e+00 -3.825849e+00
093707.3 114 4.999756e+00 4.440563e-03 1.368936e+00 -4.148957e+00 -2.402175e+00 -3.968414e+00
093720.3 114.375 4.999744e+00 4.416529e-03 1.369012e+00 -4.280251e+00 -2.391998e+00 -4.098309e+00
093732.5 114.75 4.999753e+00 4.408364e-03 1.365754e+00 -4.394985e+00 -2.382563e+00 -4.215376e+00
093743.8 115.125 4.999763e+00 4.412169e-03 1.367521e+00 -4.514837e+00 -2.377464e+00 -4.343199e+00
093751.3 115.499 4.999754e+00 4.418014e-03 1.363159e+00 -4.657221e+00 -2.374561e+00 -4.512368e+00
093800.2 115.874 4.999754e+00 4.476840e-03 1.353584e+00 -4.789841e+00 -2.380215e+00 -4.673685e+00
093808.4 116.25 4.999737e+00 4.545633e-03 1.339225e+00 -4.902007e+00 -2.396323e+00 -4.818294e+00
093817.5 116.625 4.999757e+00 4.597533e-03 1.325161e+00 -5.019012e+00 -2.414154e+00 -4.963770e+00
093826.9 117 4.999744e+00 4.621922e-03 1.313025e+00 -5.163525e+00 -2.421835e+00 -5.131767e+00
093838.3 117.375 4.999775e+00 4.622199e-03 1.309642e+00 -5.310304e+00 -2.423184e+00 -5.293473e+00
093851.4 117.75 4.999763e+00 4.596653e-03 1.301129e+00 -5.426046e+00 -2.436310e+00 -5.417356e+00
093904.3 118.124 4.999766e+00 4.501957e-03 1.310279e+00 -5.560869e+00 -2.442451e+00 -5.515108e+00
093916.7 118.499 4.999737e+00 4.333243e-03 1.331357e+00 -5.707723e+00 -2.429616e+00 -5.606982e+00
093924.3 118.874 4.999727e+00 4.133453e-03 1.363857e+00 -5.854109e+00 -2.427459e+00 -5.684965e+00
