% Fogale DL Rail Calibration results.
% DL=6, Date=2016-03-23T09:36:09
% Tunnel Temperature=17.94 oC
% Scan Range: 118.875 - 1.125 mOPL
% Metrology used: ENCODERS
% Sensors: CALIBRATED
% Name=NSC
% Comment=not executed at night
% WPS-Sensor tunnel center: WPS-7D6-001
% WPS-Sensor tunnel end: WPS-7D6-002
% DOMS-Sensor: DOM-7D2-003 S-330
% INCLINOMETER-Sensor: Inclinix
% TIMESTAMP[hhmmss.s] OPL-POSITION[m] DOMS[mm] INCL[rad] WPSTctrY[mm] WPSTctrZ[mm] WPSTendY[mm] WPSTendZ[mm]
093614.4 118.874 4.997500e+00 1.972831e-03 2.573062e+00 -4.432411e+00 -2.420134e+00 -4.630787e+00
093622.6 118.5 4.997506e+00 2.093345e-03 2.567672e+00 -4.286083e+00 -2.403440e+00 -4.527092e+00
093630.5 118.125 4.997513e+00 2.191177e-03 2.555236e+00 -4.142303e+00 -2.416670e+00 -4.435119e+00
093643.8 117.751 4.997474e+00 2.218426e-03 2.537108e+00 -4.019713e+00 -2.398540e+00 -4.281578e+00
093652.4 117.375 4.997518e+00 2.202691e-03 2.558377e+00 -3.901862e+00 -2.391822e+00 -4.151393e+00
093704.3 117 4.997522e+00 2.192280e-03 2.559629e+00 -3.767916e+00 -2.405333e+00 -4.005518e+00
093712.5 116.625 4.997514e+00 2.195349e-03 2.554706e+00 -3.623717e+00 -2.386779e+00 -3.845015e+00
093720.7 116.25 4.997516e+00 2.188870e-03 2.548372e+00 -3.509596e+00 -2.391468e+00 -3.722086e+00
093728.5 115.875 4.997514e+00 2.199622e-03 2.555596e+00 -3.411970e+00 -2.394326e+00 -3.612997e+00
093737.1 115.5 4.997511e+00 2.242089e-03 2.541950e+00 -3.272626e+00 -2.410928e+00 -3.482047e+00
093744.6 115.125 4.997479e+00 2.269127e-03 2.528355e+00 -3.135573e+00 -2.409982e+00 -3.336972e+00
093758.3 114.751 4.997520e+00 2.259101e-03 2.543991e+00 -3.018305e+00 -2.405487e+00 -3.219455e+00
093807.1 114.375 4.997528e+00 2.251553e-03 2.541399e+00 -2.903600e+00 -2.401984e+00 -3.097866e+00
093817.0 114 4.997515e+00 2.259746e-03 2.534422e+00 -2.762296e+00 -2.409848e+00 -2.964405e+00
093825.9 113.626 4.997501e+00 2.271457e-03 2.536979e+00 -2.632744e+00 -2.404142e+00 -2.824377e+00
093834.1 113.25 4.997487e+00 2.252584e-03 2.534010e+00 -2.536512e+00 -2.403608e+00 -2.704162e+00
093842.3 112.875 4.997512e+00 2.220909e-03 2.507366e+00 -2.450913e+00 -2.408836e+00 -2.589747e+00
093850.5 112.5 4.997484e+00 2.202077e-03 2.508231e+00 -2.342383e+00 -2.412460e+00 -2.469934e+00
093858.0 112.125 4.997524e+00 2.207056e-03 2.517624e+00 -2.222430e+00 -2.409515e+00 -2.334602e+00
093906.9 111.75 4.997504e+00 2.204470e-03 2.509691e+00 -2.118041e+00 -2.410039e+00 -2.230016e+00
093916.2 111.375 4.997490e+00 2.189717e-03 2.511295e+00 -2.016222e+00 -2.408469e+00 -2.124314e+00
093924.8 111 4.997521e+00 2.182122e-03 2.514129e+00 -1.885360e+00 -2.413237e+00 -1.999286e+00
093933.3 110.626 4.997508e+00 2.171001e-03 2.507370e+00 -1.752510e+00 -2.419410e+00 -1.862122e+00
093941.8 110.25 4.997504e+00 2.128992e-03 2.616086e+00 -1.656146e+00 -2.418445e+00 -1.752059e+00
093950.3 109.875 4.997497e+00 2.086505e-03 2.494925e+00 -1.570157e+00 -2.417416e+00 -1.641527e+00
093957.9 109.5 4.997513e+00 2.052755e-03 2.504317e+00 -1.462812e+00 -2.419218e+00 -1.516858e+00
094006.1 109.125 4.997520e+00 2.031967e-03 2.501131e+00 -1.341642e+00 -2.419525e+00 -1.390204e+00
094015.3 108.75 4.997521e+00 2.022255e-03 2.502932e+00 -1.252727e+00 -2.419796e+00 -1.297762e+00
094023.9 108.375 4.997524e+00 2.030141e-03 2.501081e+00 -1.159682e+00 -2.428968e+00 -1.208465e+00
094033.1 108 4.997529e+00 2.040820e-03 2.480083e+00 -1.051185e+00 -2.441893e+00 -1.098641e+00
094041.3 107.625 4.997504e+00 2.023959e-03 2.469279e+00 -9.339195e-01 -2.440066e+00 -9.823882e-01
094050.0 107.25 4.997534e+00 1.967134e-03 2.488863e+00 -8.470377e-01 -2.432447e+00 -8.861086e-01
094058.5 106.875 4.997522e+00 1.898873e-03 2.493626e+00 -7.622235e-01 -2.417991e+00 -7.788333e-01
094106.4 106.501 4.997508e+00 1.852499e-03 2.488176e+00 -6.630318e-01 -2.423328e+00 -6.698606e-01
094114.6 106.126 4.997491e+00 1.842907e-03 2.500217e+00 -5.608157e-01 -2.428103e+00 -5.466159e-01
094124.3 105.75 4.997507e+00 1.837139e-03 2.487251e+00 -4.753706e-01 -2.437505e+00 -4.416863e-01
094134.5 105.375 4.997522e+00 1.816692e-03 2.469363e+00 -3.912161e-01 -2.445721e+00 -3.580997e-01
094145.1 104.999 4.997521e+00 1.793122e-03 2.480873e+00 -2.923985e-01 -2.444510e+00 -2.505403e-01
094153.9 104.625 4.997503e+00 1.768830e-03 2.478243e+00 -1.852522e-01 -2.447908e+00 -1.405165e-01
094202.1 104.25 4.997548e+00 1.719104e-03 2.481359e+00 -1.072580e-01 -2.440949e+00 -5.164909e-02
094210.6 103.875 4.997491e+00 1.662189e-03 2.485147e+00 -2.655620e-02 -2.437193e+00 3.748725e-02
094218.5 103.5 4.997539e+00 1.629715e-03 2.489277e+00 7.383894e-02 -2.446463e+00 1.425889e-01
094227.1 103.125 4.997522e+00 1.614870e-03 2.478600e+00 1.822245e-01 -2.451229e+00 2.505076e-01
094237.3 102.75 4.997532e+00 1.589117e-03 2.466015e+00 2.577739e-01 -2.449488e+00 3.385597e-01
094246.2 102.375 4.997517e+00 1.553562e-03 2.492109e+00 3.287141e-01 -2.448189e+00 4.239964e-01
094256.7 102 4.997510e+00 1.531081e-03 2.494305e+00 4.229296e-01 -2.452731e+00 5.238380e-01
094306.3 101.625 4.997507e+00 1.527618e-03 2.480905e+00 5.291703e-01 -2.445173e+00 6.251442e-01
094314.1 101.251 4.997510e+00 1.531847e-03 2.481801e+00 6.088020e-01 -2.448826e+00 7.109067e-01
094322.3 100.875 4.997539e+00 1.525928e-03 2.479158e+00 6.814665e-01 -2.461753e+00 7.916606e-01
094330.2 100.501 4.997524e+00 1.528884e-03 2.459012e+00 7.701986e-01 -2.464703e+00 8.898432e-01
094341.2 100.125 4.997494e+00 1.532859e-03 2.460941e+00 8.663622e-01 -2.472792e+00 9.960577e-01
094350.1 99.7497 4.997507e+00 1.546610e-03 2.461325e+00 9.366546e-01 -2.476952e+00 1.082632e+00
094358.3 99.3752 4.997513e+00 1.562760e-03 2.459035e+00 1.001651e+00 -2.484494e+00 1.165413e+00
094407.3 99.0008 4.997514e+00 1.589432e-03 2.460565e+00 1.102896e+00 -2.481864e+00 1.267424e+00
094416.5 98.6256 4.997515e+00 1.619228e-03 2.451121e+00 1.212049e+00 -2.487467e+00 1.370133e+00
094425.7 98.25 4.997489e+00 1.640280e-03 2.436465e+00 1.287743e+00 -2.498374e+00 1.448630e+00
094434.5 97.875 4.997533e+00 1.649303e-03 2.423188e+00 1.352320e+00 -2.503678e+00 1.525020e+00
094443.0 97.5005 4.997497e+00 1.682053e-03 2.427741e+00 1.431143e+00 -2.511074e+00 1.624091e+00
094450.9 97.1255 4.997517e+00 1.711132e-03 2.432358e+00 1.522597e+00 -2.520175e+00 1.730027e+00
094500.1 96.7502 4.997509e+00 1.706332e-03 2.423721e+00 1.588294e+00 -2.515389e+00 1.811266e+00
094509.6 96.3749 4.997479e+00 1.709597e-03 2.423499e+00 1.648745e+00 -2.518958e+00 1.882059e+00
094519.5 95.9997 4.997499e+00 1.719553e-03 2.421144e+00 1.733362e+00 -2.533244e+00 1.970813e+00
094527.7 95.6253 4.997538e+00 1.718375e-03 2.399074e+00 1.824047e+00 -2.536145e+00 2.061385e+00
094535.9 95.2502 4.997533e+00 1.686572e-03 2.403600e+00 1.882659e+00 -2.540604e+00 2.131160e+00
094545.1 94.8739 4.997497e+00 1.620794e-03 2.409835e+00 1.929830e+00 -2.537387e+00 2.187247e+00
094553.3 94.4999 4.997493e+00 1.534672e-03 2.425199e+00 2.000825e+00 -2.536427e+00 2.271505e+00
094604.2 94.1251 4.997536e+00 1.519668e-03 2.409028e+00 2.080428e+00 -2.528492e+00 2.364826e+00
094612.7 93.7502 4.997518e+00 1.496176e-03 2.417976e+00 2.144343e+00 -2.536965e+00 2.433775e+00
094623.0 93.3744 4.997500e+00 1.462832e-03 2.403204e+00 2.197916e+00 -2.539135e+00 2.492550e+00
094632.6 93.0004 4.997527e+00 1.437917e-03 2.393749e+00 2.272893e+00 -2.542778e+00 2.565594e+00
094641.1 92.625 4.997500e+00 1.415762e-03 2.402497e+00 2.345524e+00 -2.546174e+00 2.648424e+00
094649.6 92.2501 4.997514e+00 1.385092e-03 2.414395e+00 2.398080e+00 -2.546984e+00 2.712566e+00
094657.8 91.8747 4.997507e+00 1.363798e-03 2.414565e+00 2.443820e+00 -2.535933e+00 2.766225e+00
094706.7 91.4998 4.997499e+00 1.379615e-03 2.412227e+00 2.511338e+00 -2.543408e+00 2.841003e+00
094714.9 91.1253 4.997534e+00 1.410925e-03 2.408704e+00 2.589642e+00 -2.556588e+00 2.936902e+00
094723.9 90.7503 4.997519e+00 1.429206e-03 2.387633e+00 2.641728e+00 -2.561303e+00 2.992504e+00
094733.1 90.3748 4.997512e+00 1.431168e-03 2.386023e+00 2.701875e+00 -2.572570e+00 3.057242e+00
094741.9 90.0001 4.997475e+00 1.438331e-03 2.394475e+00 2.770679e+00 -2.573109e+00 3.127628e+00
094754.5 89.6249 4.997529e+00 1.433763e-03 2.386713e+00 2.843927e+00 -2.572167e+00 3.206959e+00
094802.4 89.2504 4.997517e+00 1.400179e-03 2.374624e+00 2.887047e+00 -2.563246e+00 3.262703e+00
094812.6 88.8748 4.997512e+00 1.359177e-03 2.389025e+00 2.917650e+00 -2.564800e+00 3.316328e+00
094820.8 88.5002 4.997502e+00 1.356640e-03 2.378477e+00 2.984437e+00 -2.578899e+00 3.387276e+00
094831.4 88.1249 4.997506e+00 1.370844e-03 2.355003e+00 3.060230e+00 -2.580764e+00 3.469744e+00
094840.3 87.7505 4.997534e+00 1.395910e-03 2.366750e+00 3.104459e+00 -2.590795e+00 3.524682e+00
094849.1 87.3747 4.997513e+00 1.418263e-03 2.363929e+00 3.143846e+00 -2.590372e+00 3.573144e+00
094858.7 87.0001 4.997491e+00 1.458112e-03 2.367898e+00 3.207054e+00 -2.589920e+00 3.644646e+00
094907.9 86.6254 4.997539e+00 1.499402e-03 2.360986e+00 3.275394e+00 -2.597307e+00 3.709945e+00
094916.4 86.2501 4.997532e+00 1.504862e-03 2.359206e+00 3.309042e+00 -2.603384e+00 3.760283e+00
094924.3 85.8752 4.997517e+00 1.483729e-03 2.343937e+00 3.361075e+00 -2.604480e+00 3.805848e+00
094932.8 85.5004 4.997523e+00 1.474044e-03 2.331533e+00 3.414511e+00 -2.613176e+00 3.881077e+00
094940.3 85.1257 4.997492e+00 1.484567e-03 2.372764e+00 3.515367e+00 -2.614742e+00 3.950922e+00
094950.0 84.7496 4.997507e+00 1.484018e-03 2.348172e+00 3.511470e+00 -2.614908e+00 3.996037e+00
094958.8 84.3747 4.997502e+00 1.497276e-03 2.347086e+00 3.546336e+00 -2.611389e+00 4.029150e+00
095009.2 83.9997 4.997542e+00 1.513831e-03 2.340595e+00 3.598212e+00 -2.627701e+00 4.098633e+00
095020.4 83.6248 4.997518e+00 1.521483e-03 2.330801e+00 3.659640e+00 -2.638247e+00 4.172676e+00
095029.6 83.2499 4.997508e+00 1.508386e-03 2.317730e+00 3.694856e+00 -2.636160e+00 4.213018e+00
095037.2 82.8753 4.997512e+00 1.505318e-03 2.326482e+00 3.718976e+00 -2.634330e+00 4.239538e+00
095045.1 82.5003 4.997524e+00 1.523751e-03 2.328099e+00 3.774959e+00 -2.647993e+00 4.310658e+00
095056.0 82.1248 4.997517e+00 1.536741e-03 2.329960e+00 3.837533e+00 -2.642171e+00 4.356239e+00
095105.6 81.7496 4.997536e+00 1.542131e-03 2.322321e+00 3.857480e+00 -2.651520e+00 4.422953e+00
095114.9 81.375 4.997555e+00 1.546142e-03 2.321440e+00 3.886575e+00 -2.652248e+00 4.430476e+00
095123.7 81.0008 4.997534e+00 1.551293e-03 2.308507e+00 3.931322e+00 -2.651915e+00 4.489097e+00
095132.2 80.6256 4.997527e+00 1.548735e-03 2.295630e+00 3.982144e+00 -2.662310e+00 4.553765e+00
095141.2 80.25 4.997498e+00 1.537350e-03 2.313795e+00 4.011451e+00 -2.663830e+00 4.593274e+00
095149.3 79.8754 4.997519e+00 1.533507e-03 2.310479e+00 4.034014e+00 -2.670869e+00 4.634391e+00
095157.6 79.5003 4.997528e+00 1.553938e-03 2.295689e+00 4.078438e+00 -2.654851e+00 4.665561e+00
095205.8 79.1258 4.997530e+00 1.579981e-03 2.295644e+00 4.128291e+00 -2.672396e+00 4.723120e+00
095216.4 78.7496 4.997528e+00 1.581008e-03 2.295757e+00 4.143857e+00 -2.675940e+00 4.757458e+00
095224.6 78.3755 4.997518e+00 1.574180e-03 2.278027e+00 4.148263e+00 -2.670280e+00 4.775339e+00
095233.8 78.0007 4.997555e+00 1.574252e-03 2.283114e+00 4.194328e+00 -2.677759e+00 4.827883e+00
095242.7 77.6253 4.997528e+00 1.584297e-03 2.286542e+00 4.245614e+00 -2.679809e+00 4.887430e+00
095251.3 77.2503 4.997547e+00 1.591761e-03 2.281264e+00 4.269924e+00 -2.672495e+00 4.917880e+00
095259.1 76.8751 4.997508e+00 1.606539e-03 2.279246e+00 4.285384e+00 -2.679037e+00 4.943681e+00
095306.9 76.5005 4.997528e+00 1.632540e-03 2.279817e+00 4.311321e+00 -2.691910e+00 4.979731e+00
095314.4 76.1254 4.997545e+00 1.647052e-03 2.267919e+00 4.359106e+00 -2.695032e+00 5.024755e+00
095323.7 75.7505 4.997504e+00 1.629008e-03 2.254957e+00 4.378344e+00 -2.701403e+00 5.057343e+00
095332.6 75.3749 4.997496e+00 1.608659e-03 2.256284e+00 4.390699e+00 -2.698096e+00 5.067112e+00
095341.8 75.0007 4.997470e+00 1.609675e-03 2.251997e+00 4.415221e+00 -2.702086e+00 5.115964e+00
095350.3 74.6254 4.997487e+00 1.629444e-03 2.245165e+00 4.455251e+00 -2.699291e+00 5.156717e+00
095401.2 74.2498 4.997513e+00 1.636360e-03 2.248457e+00 4.476631e+00 -2.706235e+00 5.168897e+00
095410.4 73.8743 4.997507e+00 1.648531e-03 2.251092e+00 4.477819e+00 -2.713212e+00 5.177681e+00
095418.7 73.5001 4.997485e+00 1.648171e-03 2.237818e+00 4.503701e+00 -2.716802e+00 5.224548e+00
095427.0 73.1252 4.997532e+00 1.645811e-03 2.228044e+00 4.532132e+00 -2.721714e+00 5.260788e+00
095436.8 72.7494 4.997493e+00 1.635123e-03 2.240290e+00 4.536447e+00 -2.729117e+00 5.289954e+00
095446.7 72.3748 4.997513e+00 1.632511e-03 2.237504e+00 4.544902e+00 -2.710164e+00 5.300791e+00
095456.0 72.0006 4.997534e+00 1.650073e-03 2.226738e+00 4.572439e+00 -2.720874e+00 5.326899e+00
095505.2 71.6254 4.997476e+00 1.664082e-03 2.232266e+00 4.609849e+00 -2.724914e+00 5.357584e+00
095514.8 71.2501 4.997529e+00 1.655040e-03 2.224479e+00 4.603595e+00 -2.724826e+00 5.365895e+00
095524.0 70.8748 4.997492e+00 1.632362e-03 2.209569e+00 4.600073e+00 -2.732686e+00 5.390056e+00
095533.2 70.4998 4.997512e+00 1.615665e-03 2.220373e+00 4.614356e+00 -2.736646e+00 5.414819e+00
095542.1 70.1246 4.997551e+00 1.606866e-03 2.222922e+00 4.641805e+00 -2.740499e+00 5.453287e+00
095550.2 69.75 4.997520e+00 1.596713e-03 2.219164e+00 4.642687e+00 -2.735009e+00 5.462796e+00
095559.4 69.3749 4.997485e+00 1.592445e-03 2.221504e+00 4.642665e+00 -2.737983e+00 5.474030e+00
095608.0 69.0004 4.997530e+00 1.613269e-03 2.220940e+00 4.659189e+00 -2.748000e+00 5.493904e+00
095621.2 68.6254 4.997499e+00 1.638227e-03 2.206587e+00 4.687637e+00 -2.752600e+00 5.518300e+00
095630.1 68.249 4.997516e+00 1.646430e-03 2.201336e+00 4.679340e+00 -2.759080e+00 5.521449e+00
095637.9 67.8746 4.997516e+00 1.644295e-03 2.212778e+00 4.653447e+00 -2.758586e+00 5.514242e+00
095646.6 67.5006 4.997519e+00 1.661078e-03 2.204673e+00 4.686314e+00 -2.766537e+00 5.548198e+00
095654.4 67.1258 4.997520e+00 1.698798e-03 2.190287e+00 4.714861e+00 -2.763887e+00 5.581936e+00
095702.9 66.75 4.997491e+00 1.738383e-03 2.199182e+00 4.719840e+00 -2.778660e+00 5.587291e+00
095711.8 66.3749 4.997547e+00 1.758409e-03 2.191558e+00 4.709412e+00 -2.781422e+00 5.580348e+00
095721.3 66.0006 4.997530e+00 1.783654e-03 2.175717e+00 4.718796e+00 -2.789779e+00 5.596151e+00
095730.6 65.6249 4.997503e+00 1.809079e-03 2.170623e+00 4.733756e+00 -2.797842e+00 5.619991e+00
095738.8 65.2502 4.997505e+00 1.822382e-03 2.179312e+00 4.727828e+00 -2.799696e+00 5.629598e+00
095746.4 64.8751 4.997518e+00 1.838703e-03 2.173239e+00 4.714328e+00 -2.795077e+00 5.631751e+00
095754.6 64.5007 4.997505e+00 1.863154e-03 2.169051e+00 4.727633e+00 -2.796703e+00 5.641654e+00
095803.1 64.125 4.997529e+00 1.877511e-03 2.167302e+00 4.734600e+00 -2.806048e+00 5.667889e+00
095814.4 63.7498 4.997520e+00 1.857390e-03 2.153714e+00 4.716140e+00 -2.808176e+00 5.648063e+00
095824.0 63.3742 4.997527e+00 1.833516e-03 2.141553e+00 4.698623e+00 -2.816404e+00 5.632488e+00
095833.2 62.9997 4.997527e+00 1.815718e-03 2.158624e+00 4.704478e+00 -2.825998e+00 5.646713e+00
095841.8 62.6252 4.997491e+00 1.813482e-03 2.147403e+00 4.710001e+00 -2.809421e+00 5.665645e+00
095850.3 62.2502 4.997523e+00 1.814802e-03 2.144890e+00 4.687952e+00 -2.817763e+00 5.658608e+00
095858.6 61.8751 4.997557e+00 1.816784e-03 2.155168e+00 4.667503e+00 -2.819894e+00 5.650274e+00
095907.2 61.5006 4.997457e+00 1.830865e-03 2.147021e+00 4.653917e+00 -2.820884e+00 5.650135e+00
095915.7 61.1253 4.997535e+00 1.847892e-03 2.127285e+00 4.662593e+00 -2.829933e+00 5.664925e+00
095924.6 60.75 4.997536e+00 1.846741e-03 2.133614e+00 4.642019e+00 -2.838754e+00 5.652025e+00
095933.1 60.3747 4.997487e+00 1.833523e-03 2.135306e+00 4.618702e+00 -2.840212e+00 5.638798e+00
095942.4 60 4.997492e+00 1.838906e-03 2.133235e+00 4.616465e+00 -2.831906e+00 5.648023e+00
095952.0 59.6251 4.997505e+00 1.862070e-03 2.122906e+00 4.615894e+00 -2.846135e+00 5.668070e+00
100003.9 59.2501 4.997514e+00 1.875218e-03 2.120398e+00 4.591961e+00 -2.844663e+00 5.633704e+00
100011.7 58.8754 4.997492e+00 1.883779e-03 2.110668e+00 4.568690e+00 -2.842275e+00 5.613395e+00
100019.3 58.5006 4.997503e+00 1.901489e-03 2.095837e+00 4.564925e+00 -2.856003e+00 5.617454e+00
100030.6 58.1248 4.997496e+00 1.910334e-03 2.106125e+00 4.568867e+00 -2.865024e+00 5.622034e+00
100039.5 57.7496 4.997522e+00 1.913136e-03 2.112881e+00 4.532930e+00 -2.857671e+00 5.607651e+00
100048.3 57.3749 4.997509e+00 1.911602e-03 2.098335e+00 4.500384e+00 -2.856880e+00 5.580172e+00
100058.6 56.9997 4.997509e+00 1.925669e-03 2.104634e+00 4.484783e+00 -2.864835e+00 5.572680e+00
100107.4 56.6247 4.997513e+00 1.932941e-03 2.093679e+00 4.489465e+00 -2.865744e+00 5.572934e+00
100116.4 56.2494 4.997496e+00 1.922952e-03 2.078825e+00 4.453110e+00 -2.873911e+00 5.550020e+00
100124.7 55.8753 4.997491e+00 1.913538e-03 2.074431e+00 4.415025e+00 -2.879801e+00 5.525178e+00
100132.3 55.5008 4.997501e+00 1.932643e-03 2.084518e+00 4.390998e+00 -2.877035e+00 5.516350e+00
100141.9 55.1244 4.997514e+00 1.958156e-03 2.090813e+00 4.382103e+00 -2.877794e+00 5.513739e+00
100150.4 54.7503 4.997511e+00 1.963612e-03 2.076908e+00 4.349537e+00 -2.894801e+00 5.500971e+00
100200.3 54.3747 4.997491e+00 1.949090e-03 2.083662e+00 4.305746e+00 -2.882849e+00 5.458137e+00
100208.8 54.0002 4.997504e+00 1.962746e-03 2.079849e+00 4.294179e+00 -2.895307e+00 5.454659e+00
100222.2 53.6261 4.997511e+00 1.989982e-03 2.054499e+00 4.276083e+00 -2.901004e+00 5.449271e+00
100230.0 53.25 4.997497e+00 2.007625e-03 2.061318e+00 4.242572e+00 -2.916809e+00 5.431999e+00
100238.2 52.8744 4.997484e+00 2.012271e-03 2.065434e+00 4.203942e+00 -2.902789e+00 5.385970e+00
100246.0 52.5003 4.997525e+00 2.070545e-03 2.055296e+00 4.184241e+00 -2.904247e+00 5.372851e+00
100254.6 52.1253 4.997518e+00 2.098998e-03 2.051533e+00 4.172239e+00 -2.916139e+00 5.360596e+00
100307.2 51.7498 4.997524e+00 2.102735e-03 2.050919e+00 4.125971e+00 -2.919020e+00 5.332809e+00
100317.5 51.3748 4.997509e+00 2.129374e-03 2.031272e+00 4.083771e+00 -2.927318e+00 5.296558e+00
100328.7 51.0004 4.997494e+00 2.177302e-03 2.018971e+00 4.053060e+00 -2.934956e+00 5.271968e+00
100340.6 50.6252 4.997539e+00 2.219500e-03 2.020872e+00 4.042415e+00 -2.937797e+00 5.269710e+00
100351.0 50.2499 4.997503e+00 2.247456e-03 2.016651e+00 3.998829e+00 -2.938038e+00 5.236862e+00
100402.2 49.8751 4.997505e+00 2.290759e-03 2.008878e+00 3.959512e+00 -2.945720e+00 5.203595e+00
100413.5 49.5002 4.997508e+00 2.359210e-03 2.004306e+00 3.926671e+00 -2.954539e+00 5.188611e+00
100425.1 49.1251 4.997515e+00 2.421843e-03 1.988458e+00 3.909714e+00 -2.959395e+00 5.166691e+00
100435.0 48.7497 4.997512e+00 2.452246e-03 1.959863e+00 3.852698e+00 -2.979740e+00 5.128732e+00
100445.2 48.375 4.997515e+00 2.470921e-03 1.970237e+00 3.810263e+00 -2.982267e+00 5.094382e+00
100454.1 48.0005 4.997530e+00 2.501278e-03 1.978352e+00 3.785364e+00 -2.994866e+00 5.091915e+00
100502.6 47.6254 4.997516e+00 2.524917e-03 1.968417e+00 3.760220e+00 -2.973634e+00 5.046177e+00
100510.2 47.2499 4.997496e+00 2.510133e-03 1.968231e+00 3.705376e+00 -2.983361e+00 5.002214e+00
100518.7 46.8742 4.997500e+00 2.461061e-03 1.975667e+00 3.625931e+00 -2.979845e+00 4.938964e+00
100526.5 46.5 4.997487e+00 2.409316e-03 1.961717e+00 3.590332e+00 -2.991415e+00 4.908804e+00
100534.4 46.1254 4.997542e+00 2.342495e-03 1.947958e+00 3.558364e+00 -2.993823e+00 4.882798e+00
100544.7 45.7495 4.997496e+00 2.261481e-03 1.970351e+00 3.494969e+00 -2.988327e+00 4.835044e+00
100556.0 45.3741 4.997534e+00 2.188916e-03 1.979502e+00 3.426525e+00 -2.977721e+00 4.768143e+00
100605.5 44.999 4.997489e+00 2.150078e-03 1.969715e+00 3.373190e+00 -2.980533e+00 4.723879e+00
100614.1 44.625 4.997530e+00 2.130677e-03 1.977600e+00 3.334401e+00 -2.981874e+00 4.685432e+00
100623.3 44.2495 4.997513e+00 2.100555e-03 1.967589e+00 3.266726e+00 -2.987830e+00 4.623440e+00
100632.8 43.8744 4.997499e+00 2.044335e-03 1.955504e+00 3.210455e+00 -2.990717e+00 4.569086e+00
100640.4 43.5005 4.997511e+00 1.998088e-03 1.971776e+00 3.160054e+00 -2.988383e+00 4.532119e+00
100647.9 43.1253 4.997511e+00 1.969041e-03 1.977953e+00 3.116569e+00 -2.982396e+00 4.503331e+00
100658.5 42.7496 4.997528e+00 1.935121e-03 1.968862e+00 3.041925e+00 -2.986795e+00 4.442800e+00
100708.4 42.3748 4.997513e+00 1.902511e-03 1.966227e+00 2.973563e+00 -2.981278e+00 4.365775e+00
100717.6 42.0001 4.997489e+00 1.865977e-03 1.973153e+00 2.922087e+00 -2.982401e+00 4.327328e+00
100729.3 41.625 4.997524e+00 1.869277e-03 1.952427e+00 2.882643e+00 -2.995794e+00 4.297908e+00
100737.8 41.2503 4.997506e+00 1.868668e-03 1.940841e+00 2.810634e+00 -2.999569e+00 4.248820e+00
100746.0 40.875 4.997527e+00 1.861048e-03 1.957189e+00 2.733773e+00 -2.997933e+00 4.174024e+00
100754.5 40.5003 4.997503e+00 1.868430e-03 1.954089e+00 2.681520e+00 -3.001533e+00 4.136042e+00
100803.4 40.1247 4.997487e+00 1.871713e-03 1.942077e+00 2.636432e+00 -2.994184e+00 4.092670e+00
100812.6 39.7498 4.997497e+00 1.854934e-03 1.950766e+00 2.572443e+00 -3.006437e+00 4.033223e+00
100821.8 39.3749 4.997514e+00 1.839739e-03 1.944154e+00 2.485305e+00 -3.005333e+00 3.965905e+00
100830.5 39.0004 4.997510e+00 1.854054e-03 1.924241e+00 2.428992e+00 -3.017099e+00 3.918028e+00
100839.6 38.6251 4.997519e+00 1.874223e-03 1.911378e+00 2.375550e+00 -3.024178e+00 3.872052e+00
100847.9 38.2499 4.997511e+00 1.889052e-03 1.923152e+00 2.310224e+00 -3.024536e+00 3.806573e+00
100856.1 37.8749 4.997490e+00 1.887744e-03 1.926832e+00 2.232598e+00 -3.023201e+00 3.741761e+00
100903.9 37.5007 4.997515e+00 1.894568e-03 1.915394e+00 2.176483e+00 -3.031139e+00 3.688739e+00
100912.1 37.1255 4.997493e+00 1.898517e-03 1.924456e+00 2.117612e+00 -3.036838e+00 3.639248e+00
100921.7 36.7496 4.997499e+00 1.894776e-03 1.911485e+00 2.037826e+00 -3.042801e+00 3.557759e+00
100930.9 36.3748 4.997561e+00 1.905333e-03 1.887692e+00 1.947219e+00 -3.055827e+00 3.488925e+00
100942.1 36.0002 4.997533e+00 1.928363e-03 1.904168e+00 1.899459e+00 -3.051666e+00 3.432072e+00
100955.4 35.6254 4.997498e+00 1.950720e-03 1.898464e+00 1.854357e+00 -3.049299e+00 3.395639e+00
101004.3 35.2506 4.997510e+00 1.952711e-03 1.889965e+00 1.771797e+00 -3.056418e+00 3.323484e+00
101012.8 34.8751 4.997513e+00 1.934938e-03 1.886641e+00 1.681091e+00 -3.057550e+00 3.247187e+00
101021.3 34.5007 4.997524e+00 1.935383e-03 1.882196e+00 1.608904e+00 -3.061634e+00 3.177359e+00
101029.2 34.1253 4.997517e+00 1.948762e-03 1.862242e+00 1.548074e+00 -3.079890e+00 3.125574e+00
101041.1 33.7502 4.997518e+00 1.941536e-03 1.856531e+00 1.468122e+00 -3.084948e+00 3.051083e+00
101050.3 33.375 4.997538e+00 1.939699e-03 1.868105e+00 1.370025e+00 -3.084940e+00 2.982600e+00
101101.9 33.0005 4.997504e+00 1.955401e-03 1.875214e+00 1.303330e+00 -3.070119e+00 2.913921e+00
101110.1 32.6254 4.997499e+00 1.971928e-03 1.861623e+00 1.241788e+00 -3.080926e+00 2.854559e+00
101119.0 32.2496 4.997511e+00 1.959382e-03 1.869399e+00 1.151633e+00 -3.080118e+00 2.765216e+00
101127.8 31.8738 4.997534e+00 1.940350e-03 1.859114e+00 1.047104e+00 -3.084592e+00 2.667698e+00
101136.0 31.5003 4.997514e+00 1.910642e-03 1.845662e+00 9.679504e-01 -3.091180e+00 2.609396e+00
101147.4 31.1251 4.997508e+00 1.935529e-03 1.849971e+00 9.031394e-01 -3.089139e+00 2.561355e+00
101157.6 30.7499 4.997529e+00 1.965303e-03 1.850247e+00 8.153840e-01 -3.092727e+00 2.479381e+00
101206.8 30.3745 4.997473e+00 1.963404e-03 1.838918e+00 7.146505e-01 -3.102441e+00 2.393587e+00
101217.0 29.9993 4.997509e+00 1.956224e-03 1.843043e+00 6.401414e-01 -3.096100e+00 2.309879e+00
101225.6 29.6254 4.997496e+00 1.957190e-03 1.843617e+00 5.698986e-01 -3.107392e+00 2.250998e+00
101233.4 29.2507 4.997529e+00 1.955252e-03 1.826676e+00 4.677329e-01 -3.112860e+00 2.160503e+00
101241.9 28.8746 4.997501e+00 1.947257e-03 1.817488e+00 3.633861e-01 -3.121161e+00 2.068821e+00
101250.4 28.5008 4.997529e+00 1.957743e-03 1.834703e+00 2.870279e-01 -3.111538e+00 1.996743e+00
101258.3 28.1253 4.997479e+00 1.973901e-03 1.825650e+00 2.192083e-01 -3.121302e+00 1.932317e+00
101307.5 27.7499 4.997498e+00 1.984833e-03 1.811125e+00 1.205063e-01 -3.119982e+00 1.841676e+00
101316.1 27.375 4.997505e+00 1.996475e-03 1.825163e+00 1.527161e-02 -3.119533e+00 1.742851e+00
101327.7 26.9999 4.997504e+00 2.016927e-03 1.814892e+00 -6.893640e-02 -3.128356e+00 1.660102e+00
101336.9 26.6258 4.997523e+00 2.032064e-03 1.797980e+00 -1.445620e-01 -3.140186e+00 1.590984e+00
101346.1 26.2496 4.997541e+00 2.025088e-03 1.799026e+00 -2.516887e-01 -3.143345e+00 1.501200e+00
101355.1 25.8744 4.997518e+00 2.018882e-03 1.796955e+00 -3.722201e-01 -3.142737e+00 1.400267e+00
101402.9 25.5004 4.997516e+00 2.026132e-03 1.796270e+00 -4.556130e-01 -3.140030e+00 1.322356e+00
101411.4 25.1255 4.997502e+00 2.039057e-03 1.798541e+00 -5.244125e-01 -3.139501e+00 1.253801e+00
101421.3 24.7495 4.997529e+00 2.046717e-03 1.797607e+00 -6.384156e-01 -3.153786e+00 1.153273e+00
101429.9 24.3747 4.997499e+00 2.065507e-03 1.784914e+00 -7.507734e-01 -3.157828e+00 1.040174e+00
101439.1 24.0001 4.997518e+00 2.082074e-03 1.768059e+00 -8.522073e-01 -3.164153e+00 9.528181e-01
101447.6 23.6259 4.997522e+00 2.099557e-03 1.781309e+00 -9.393739e-01 -3.169401e+00 8.816603e-01
101456.5 23.2504 4.997487e+00 2.101760e-03 1.779369e+00 -1.049556e+00 -3.168458e+00 7.901476e-01
101504.1 22.875 4.997508e+00 2.099717e-03 1.770955e+00 -1.153425e+00 -3.161288e+00 6.848374e-01
101512.3 22.5001 4.997540e+00 2.115043e-03 1.775070e+00 -1.248613e+00 -3.164794e+00 5.933274e-01
101520.1 22.1257 4.997523e+00 2.148832e-03 1.764296e+00 -1.342741e+00 -3.174980e+00 5.058691e-01
101530.7 21.7496 4.997530e+00 2.169028e-03 1.749290e+00 -1.454744e+00 -3.186637e+00 4.026109e-01
101539.5 21.375 4.997516e+00 2.184415e-03 1.744523e+00 -1.578953e+00 -3.197300e+00 2.864594e-01
101551.1 21.0001 4.997529e+00 2.200939e-03 1.743213e+00 -1.670423e+00 -3.190736e+00 2.072268e-01
101604.5 20.6254 4.997510e+00 2.240891e-03 1.744773e+00 -1.769747e+00 -3.193671e+00 1.285758e-01
101615.1 20.2497 4.997513e+00 2.290026e-03 1.736220e+00 -1.883297e+00 -3.197783e+00 2.025600e-02
101623.3 19.8751 4.997511e+00 2.366895e-03 1.737174e+00 -1.998959e+00 -3.207772e+00 -9.376468e-02
101634.9 19.5008 4.997503e+00 2.452109e-03 1.708177e+00 -2.091219e+00 -3.227495e+00 -1.789466e-01
101643.1 19.1253 4.997553e+00 2.512699e-03 1.685146e+00 -2.173036e+00 -3.235150e+00 -2.637058e-01
101651.3 18.7505 4.997521e+00 2.519724e-03 1.697874e+00 -2.297254e+00 -3.235703e+00 -3.701200e-01
101701.6 18.3747 4.997489e+00 2.507562e-03 1.708503e+00 -2.432920e+00 -3.232815e+00 -4.846134e-01
101711.5 18 4.997519e+00 2.504395e-03 1.695815e+00 -2.550809e+00 -3.234087e+00 -5.884502e-01
101719.7 17.6251 4.997517e+00 2.506454e-03 1.692651e+00 -2.641947e+00 -3.235243e+00 -6.838117e-01
101728.4 17.2496 4.997497e+00 2.490650e-03 1.699036e+00 -2.769532e+00 -3.237615e+00 -8.144629e-01
101736.5 16.8751 4.997538e+00 2.451826e-03 1.684117e+00 -2.901696e+00 -3.244451e+00 -9.431569e-01
101744.5 16.5001 4.997522e+00 2.424155e-03 1.682674e+00 -3.016035e+00 -3.247621e+00 -1.045080e+00
101752.8 16.1251 4.997524e+00 2.404047e-03 1.693365e+00 -3.114867e+00 -3.244147e+00 -1.149208e+00
101804.3 15.7492 4.997525e+00 2.371162e-03 1.686652e+00 -3.245850e+00 -3.241565e+00 -1.265167e+00
101814.6 15.3744 4.997506e+00 2.325738e-03 1.664989e+00 -3.396863e+00 -3.233697e+00 -1.399519e+00
101823.4 15.0004 4.997549e+00 2.294703e-03 1.683200e+00 -3.514259e+00 -3.236679e+00 -1.512184e+00
101832.3 14.6248 4.997511e+00 2.274650e-03 1.680898e+00 -3.621517e+00 -3.249675e+00 -1.619405e+00
101840.8 14.2499 4.997523e+00 2.244602e-03 1.668714e+00 -3.758216e+00 -3.254134e+00 -1.737134e+00
101849.4 13.8751 4.997496e+00 2.225525e-03 1.674261e+00 -3.891660e+00 -3.243575e+00 -1.870168e+00
101856.9 13.5001 4.997525e+00 2.228633e-03 1.682558e+00 -4.024197e+00 -3.250359e+00 -1.987680e+00
101905.2 13.125 4.997535e+00 2.219309e-03 1.677553e+00 -4.147983e+00 -3.246594e+00 -2.101534e+00
101914.0 12.7501 4.997508e+00 2.190168e-03 1.673970e+00 -4.272917e+00 -3.246690e+00 -2.224476e+00
101922.3 12.375 4.997489e+00 2.168457e-03 1.668502e+00 -4.412521e+00 -3.247121e+00 -2.351263e+00
101932.2 11.9997 4.997496e+00 2.159378e-03 1.657288e+00 -4.526285e+00 -3.263054e+00 -2.461993e+00
101941.1 11.6249 4.997523e+00 2.151263e-03 1.654220e+00 -4.638177e+00 -3.258257e+00 -2.562584e+00
101948.9 11.2497 4.997496e+00 2.117287e-03 1.683552e+00 -4.790499e+00 -3.250596e+00 -2.695993e+00
101957.8 10.8755 4.997514e+00 2.093682e-03 1.681974e+00 -4.948509e+00 -3.253655e+00 -2.844473e+00
102006.0 10.5001 4.997498e+00 2.114043e-03 1.670798e+00 -5.066957e+00 -3.245676e+00 -2.951481e+00
102014.2 10.1254 4.997507e+00 2.157523e-03 1.670211e+00 -5.177436e+00 -3.259622e+00 -3.065858e+00
102024.1 9.74958 4.997515e+00 2.186700e-03 1.628401e+00 -5.318518e+00 -3.282583e+00 -3.200914e+00
102033.6 9.37459 4.997536e+00 2.186838e-03 1.598460e+00 -5.467888e+00 -3.278992e+00 -3.337131e+00
102043.1 8.9998 4.997525e+00 2.196706e-03 1.603646e+00 -5.597531e+00 -3.285585e+00 -3.467674e+00
102052.7 8.625 4.997496e+00 2.213808e-03 1.630619e+00 -5.729468e+00 -3.281420e+00 -3.585468e+00
102104.2 8.25013 4.997489e+00 2.189709e-03 1.651746e+00 -5.889469e+00 -3.269152e+00 -3.721718e+00
102112.4 7.87501 4.997540e+00 2.155447e-03 1.672301e+00 -6.038690e+00 -3.267375e+00 -3.860922e+00
102120.3 7.50014 4.997508e+00 2.145402e-03 1.744183e+00 -6.178442e+00 -3.277475e+00 -3.991165e+00
102129.5 7.12471 4.997515e+00 2.148825e-03 1.773441e+00 -6.315651e+00 -3.262045e+00 -4.106366e+00
102138.7 6.74952 4.997522e+00 2.155127e-03 1.783199e+00 -6.496248e+00 -3.246430e+00 -4.255965e+00
102147.5 6.37453 4.997503e+00 2.155180e-03 1.817987e+00 -6.691786e+00 -3.233456e+00 -4.407631e+00
102156.4 5.99961 4.997530e+00 2.171669e-03 1.834477e+00 -6.881217e+00 -3.228215e+00 -4.545484e+00
102206.0 5.6243 4.997533e+00 2.189107e-03 1.837963e+00 -7.062759e+00 -3.224451e+00 -4.668498e+00
102213.8 5.24931 4.997519e+00 2.192227e-03 1.853107e+00 -7.268369e+00 -3.236882e+00 -4.819544e+00
102221.7 4.87488 4.997509e+00 2.192427e-03 1.860796e+00 -7.490771e+00 -3.253102e+00 -4.989845e+00
102230.2 4.49995 4.997518e+00 2.223017e-03 1.925012e+00 -7.653931e+00 -3.244261e+00 -5.130051e+00
102238.8 4.12559 4.997542e+00 2.260841e-03 1.965791e+00 -7.795804e+00 -3.226714e+00 -5.269652e+00
102249.1 3.74901 4.997484e+00 2.267831e-03 1.995712e+00 -7.968431e+00 -3.210682e+00 -5.415329e+00
102259.6 3.37472 4.997534e+00 2.253600e-03 2.004043e+00 -8.139993e+00 -3.182329e+00 -5.569926e+00
102309.9 2.99989 4.997494e+00 2.261070e-03 1.988713e+00 -8.285179e+00 -3.148195e+00 -5.707249e+00
102319.1 2.62445 4.997514e+00 2.295396e-03 1.975298e+00 -8.413763e+00 -3.135731e+00 -5.854888e+00
102327.3 2.25009 4.997525e+00 2.349021e-03 1.924006e+00 -8.568522e+00 -3.130803e+00 -6.033273e+00
102336.2 1.87478 4.997519e+00 2.432888e-03 1.877133e+00 -8.706155e+00 -3.127358e+00 -6.213347e+00
102347.8 1.49985 4.997543e+00 2.539950e-03 1.864008e+00 -8.834547e+00 -3.124358e+00 -6.390329e+00
102357.1 1.12517 4.997512e+00 2.636395e-03 1.858392e+00 -8.916057e+00 -3.124939e+00 -6.547675e+00
