% Fogale DL Rail Calibration results.
% DL=6, Date=2016-03-23T08:41:52
% Tunnel Temperature=17.89 oC
% Scan Range: 1.125 - 118.875 mOPL
% Metrology used: ENCODERS
% Sensors: CALIBRATED
% Name=NSC
% Comment=not executed at night
% WPS-Sensor tunnel center: WPS-7D6-001
% WPS-Sensor tunnel end: WPS-7D6-002
% DOMS-Sensor: DOM-7D2-003 S-330
% INCLINOMETER-Sensor: Inclinix
% TIMESTAMP[hhmmss.s] OPL-POSITION[m] DOMS[mm] INCL[rad] WPSTctrY[mm] WPSTctrZ[mm] WPSTendY[mm] WPSTendZ[mm]
084257.0 1.12498 4.997456e+00 2.632746e-03 1.859355e+00 -8.916550e+00 -3.126136e+00 -6.547865e+00
084307.9 1.49966 4.997484e+00 2.535836e-03 1.868055e+00 -8.836221e+00 -3.140352e+00 -6.391553e+00
084318.2 1.87452 4.997486e+00 2.427711e-03 1.877364e+00 -8.706876e+00 -3.150307e+00 -6.214336e+00
084328.8 2.24984 4.997477e+00 2.344513e-03 1.917598e+00 -8.569214e+00 -3.166948e+00 -6.034490e+00
084337.3 2.62407 4.997494e+00 2.292992e-03 1.968648e+00 -8.415582e+00 -3.177494e+00 -5.856378e+00
084346.2 2.99989 4.997461e+00 2.260676e-03 1.982579e+00 -8.285024e+00 -3.197049e+00 -5.708842e+00
084358.8 3.37497 4.997478e+00 2.254463e-03 2.000093e+00 -8.140142e+00 -3.239666e+00 -5.571493e+00
084410.4 3.74997 4.997478e+00 2.269072e-03 1.990304e+00 -7.969141e+00 -3.285569e+00 -5.416404e+00
084418.6 4.12477 4.997484e+00 2.257309e-03 1.961769e+00 -7.797155e+00 -3.319079e+00 -5.271232e+00
084426.8 4.50021 4.997479e+00 2.222032e-03 1.915986e+00 -7.653236e+00 -3.358429e+00 -5.131480e+00
084439.1 4.87425 4.997497e+00 2.192615e-03 1.854918e+00 -7.491743e+00 -3.377967e+00 -4.991813e+00
084451.8 5.24905 4.997516e+00 2.194449e-03 1.837788e+00 -7.268066e+00 -3.382237e+00 -4.822253e+00
084506.4 5.62487 4.997504e+00 2.195147e-03 1.824259e+00 -7.061780e+00 -3.367186e+00 -4.670056e+00
084520.0 5.9998 4.997497e+00 2.174830e-03 1.823056e+00 -6.879848e+00 -3.355785e+00 -4.548191e+00
084530.3 6.37465 4.997471e+00 2.158921e-03 1.811338e+00 -6.690904e+00 -3.354360e+00 -4.410060e+00
084544.2 6.74958 4.997492e+00 2.158435e-03 1.772921e+00 -6.495966e+00 -3.366627e+00 -4.257820e+00
084552.1 7.12471 4.997477e+00 2.152441e-03 1.765153e+00 -6.315691e+00 -3.369646e+00 -4.108273e+00
084603.3 7.50002 4.997505e+00 2.147236e-03 1.738181e+00 -6.178765e+00 -3.384459e+00 -3.992681e+00
084616.0 7.87457 4.997497e+00 2.158869e-03 1.673972e+00 -6.039777e+00 -3.372163e+00 -3.862327e+00
084628.6 8.24994 4.997481e+00 2.193660e-03 1.645599e+00 -5.889805e+00 -3.368342e+00 -3.723344e+00
084636.8 8.62468 4.997490e+00 2.214559e-03 1.627910e+00 -5.729458e+00 -3.368183e+00 -3.587060e+00
084650.7 8.99942 4.997462e+00 2.200353e-03 1.600034e+00 -5.597091e+00 -3.375761e+00 -3.468469e+00
084704.4 9.3751 4.997462e+00 2.190187e-03 1.594297e+00 -5.467565e+00 -3.370453e+00 -3.338223e+00
084715.9 9.7492 4.997499e+00 2.190889e-03 1.616497e+00 -5.316904e+00 -3.368422e+00 -3.201532e+00
084727.5 10.125 4.997479e+00 2.159732e-03 1.663155e+00 -5.177103e+00 -3.351943e+00 -3.067118e+00
084735.7 10.4999 4.997496e+00 2.114622e-03 1.667037e+00 -5.066614e+00 -3.339458e+00 -2.953224e+00
084748.0 10.8749 4.997523e+00 2.095173e-03 1.675290e+00 -4.948607e+00 -3.342969e+00 -2.846680e+00
084801.2 11.2493 4.997516e+00 2.117367e-03 1.678847e+00 -4.790328e+00 -3.340004e+00 -2.697466e+00
084810.1 11.6246 4.997459e+00 2.150745e-03 1.652377e+00 -4.638508e+00 -3.347316e+00 -2.563697e+00
084822.7 12.0002 4.997492e+00 2.161035e-03 1.652709e+00 -4.525468e+00 -3.345082e+00 -2.461969e+00
084836.0 12.3752 4.997509e+00 2.170417e-03 1.662398e+00 -4.411442e+00 -3.332900e+00 -2.351870e+00
084847.9 12.7499 4.997458e+00 2.190587e-03 1.666876e+00 -4.272061e+00 -3.332010e+00 -2.225610e+00
084858.0 13.125 4.997474e+00 2.217685e-03 1.673635e+00 -4.147311e+00 -3.324030e+00 -2.101456e+00
084906.6 13.4999 4.997480e+00 2.224907e-03 1.681090e+00 -4.023380e+00 -3.324256e+00 -1.988877e+00
084918.5 13.8745 4.997466e+00 2.225146e-03 1.673017e+00 -3.890926e+00 -3.322164e+00 -1.870529e+00
084926.3 14.2492 4.997511e+00 2.243464e-03 1.663605e+00 -3.757579e+00 -3.334412e+00 -1.737484e+00
084937.2 14.6251 4.997496e+00 2.278390e-03 1.673980e+00 -3.620436e+00 -3.331507e+00 -1.619281e+00
084946.8 14.9995 4.997496e+00 2.295666e-03 1.676150e+00 -3.513001e+00 -3.320287e+00 -1.512709e+00
085000.8 15.374 4.997505e+00 2.327490e-03 1.664574e+00 -3.395952e+00 -3.313875e+00 -1.399655e+00
085009.4 15.7491 4.997510e+00 2.373233e-03 1.682693e+00 -3.245227e+00 -3.315028e+00 -1.265365e+00
085017.9 16.1245 4.997519e+00 2.402070e-03 1.687981e+00 -3.114229e+00 -3.323008e+00 -1.149397e+00
085025.7 16.4997 4.997492e+00 2.421108e-03 1.681072e+00 -3.015112e+00 -3.328730e+00 -1.044789e+00
085037.0 16.8746 4.997493e+00 2.452048e-03 1.678337e+00 -2.899980e+00 -3.326802e+00 -9.427507e-01
085044.8 17.2496 4.997513e+00 2.489309e-03 1.693215e+00 -2.768614e+00 -3.324186e+00 -8.141862e-01
085053.4 17.6249 4.997491e+00 2.507869e-03 1.688940e+00 -2.641158e+00 -3.322184e+00 -6.842676e-01
085107.0 17.999 4.997483e+00 2.505165e-03 1.690548e+00 -2.550044e+00 -3.316968e+00 -5.899540e-01
085119.6 18.3752 4.997512e+00 2.511406e-03 1.702926e+00 -2.431127e+00 -3.311092e+00 -4.840111e-01
085127.9 18.75 4.997492e+00 2.518886e-03 1.690849e+00 -2.296007e+00 -3.319870e+00 -3.701414e-01
085136.5 19.125 4.997515e+00 2.513702e-03 1.678564e+00 -2.171524e+00 -3.322732e+00 -2.636589e-01
085144.7 19.5001 4.997509e+00 2.454657e-03 1.700854e+00 -2.090537e+00 -3.319547e+00 -1.797655e-01
085156.0 19.8748 4.997502e+00 2.366724e-03 1.730908e+00 -1.997229e+00 -3.299937e+00 -9.441505e-02
085207.6 20.2502 4.997479e+00 2.291133e-03 1.736570e+00 -1.882625e+00 -3.290179e+00 1.966082e-02
085215.9 20.625 4.997490e+00 2.240507e-03 1.739540e+00 -1.768524e+00 -3.278540e+00 1.281966e-01
085225.2 21.0001 4.997506e+00 2.203390e-03 1.737943e+00 -1.668693e+00 -3.275945e+00 2.069966e-01
085238.8 21.3748 4.997496e+00 2.187801e-03 1.741359e+00 -1.578436e+00 -3.285197e+00 2.861131e-01
085247.0 21.7497 4.997497e+00 2.171279e-03 1.740444e+00 -1.452972e+00 -3.278148e+00 4.027587e-01
085254.8 22.125 4.997475e+00 2.146580e-03 1.756785e+00 -1.341372e+00 -3.272234e+00 5.058541e-01
085307.5 22.4996 4.997513e+00 2.114976e-03 1.768112e+00 -1.248004e+00 -3.260426e+00 5.922907e-01
085318.8 22.8749 4.997503e+00 2.100300e-03 1.766701e+00 -1.153188e+00 -3.250686e+00 6.836798e-01
085327.7 23.2494 4.997493e+00 2.102170e-03 1.772247e+00 -1.048970e+00 -3.252449e+00 7.885175e-01
085335.8 23.6249 4.997513e+00 2.098790e-03 1.773630e+00 -9.382801e-01 -3.259624e+00 8.819417e-01
085344.5 23.9995 4.997508e+00 2.084839e-03 1.759541e+00 -8.516015e-01 -3.255897e+00 9.520777e-01
085355.5 24.3748 4.997517e+00 2.067811e-03 1.777373e+00 -7.502798e-01 -3.255283e+00 1.039841e+00
085408.5 24.75 4.997494e+00 2.050310e-03 1.790710e+00 -6.367123e-01 -3.247646e+00 1.153817e+00
085416.6 25.1245 4.997484e+00 2.038963e-03 1.791591e+00 -5.243460e-01 -3.235496e+00 1.252354e+00
085425.5 25.4996 4.997503e+00 2.024692e-03 1.790589e+00 -4.549278e-01 -3.224654e+00 1.322052e+00
085437.8 25.8744 4.997472e+00 2.019588e-03 1.792845e+00 -3.720760e-01 -3.228242e+00 1.399638e+00
085447.4 26.2494 4.997508e+00 2.026834e-03 1.793744e+00 -2.512193e-01 -3.233384e+00 1.500829e+00
085456.2 26.625 4.997516e+00 2.034225e-03 1.789414e+00 -1.424797e-01 -3.231081e+00 1.591712e+00
085505.8 27.0007 4.997504e+00 2.017990e-03 1.806838e+00 -6.737165e-02 -3.219880e+00 1.660195e+00
085519.1 27.375 4.997512e+00 1.998182e-03 1.817656e+00 1.635195e-02 -3.209358e+00 1.742709e+00
085527.7 27.7493 4.997525e+00 1.985988e-03 1.810091e+00 1.218497e-01 -3.200403e+00 1.842061e+00
085536.0 28.1248 4.997500e+00 1.971442e-03 1.822169e+00 2.207111e-01 -3.200744e+00 1.932932e+00
085543.8 28.4995 4.997543e+00 1.956170e-03 1.830191e+00 2.890123e-01 -3.197745e+00 1.996654e+00
085556.1 28.8742 4.997523e+00 1.946836e-03 1.814347e+00 3.651176e-01 -3.205471e+00 2.069548e+00
085604.2 29.2498 4.997521e+00 1.952092e-03 1.819998e+00 4.693982e-01 -3.202634e+00 2.161109e+00
085612.8 29.6249 4.997534e+00 1.956231e-03 1.837291e+00 5.708604e-01 -3.197395e+00 2.250201e+00
085621.6 29.9997 4.997504e+00 1.956587e-03 1.838222e+00 6.423992e-01 -3.187626e+00 2.310143e+00
085634.6 30.3748 4.997496e+00 1.966249e-03 1.835658e+00 7.160717e-01 -3.188855e+00 2.393580e+00
085643.1 30.7493 4.997493e+00 1.965701e-03 1.847128e+00 8.169099e-01 -3.180093e+00 2.480339e+00
085651.3 31.1251 4.997511e+00 1.939845e-03 1.844534e+00 9.040725e-01 -3.175175e+00 2.562223e+00
085659.4 31.4998 4.997529e+00 1.910032e-03 1.839932e+00 9.696868e-01 -3.181186e+00 2.610117e+00
085712.0 31.8742 4.997490e+00 1.942116e-03 1.853747e+00 1.049396e+00 -3.176614e+00 2.669357e+00
085725.0 32.2497 4.997485e+00 1.958954e-03 1.863372e+00 1.153151e+00 -3.173620e+00 2.765104e+00
085733.5 32.6249 4.997497e+00 1.971250e-03 1.863148e+00 1.243607e+00 -3.162891e+00 2.853592e+00
085742.1 32.9995 4.997552e+00 1.958225e-03 1.870162e+00 1.306000e+00 -3.152444e+00 2.914688e+00
085755.4 33.375 4.997502e+00 1.942522e-03 1.861937e+00 1.372064e+00 -3.170961e+00 2.983976e+00
085804.6 33.75 4.997512e+00 1.944669e-03 1.854136e+00 1.469092e+00 -3.168090e+00 3.050976e+00
085812.8 34.1249 4.997516e+00 1.947413e-03 1.855057e+00 1.550175e+00 -3.172377e+00 3.125894e+00
085820.6 34.5 4.997504e+00 1.935265e-03 1.874401e+00 1.609674e+00 -3.155823e+00 3.177089e+00
085832.5 34.8749 4.997511e+00 1.937364e-03 1.881378e+00 1.682154e+00 -3.148486e+00 3.247097e+00
085840.8 35.2494 4.997493e+00 1.955554e-03 1.882609e+00 1.773457e+00 -3.138694e+00 3.322877e+00
085849.3 35.625 4.997480e+00 1.951674e-03 1.891772e+00 1.855944e+00 -3.137435e+00 3.395759e+00
085858.9 36.0002 4.997509e+00 1.931068e-03 1.897800e+00 1.900459e+00 -3.141229e+00 3.431270e+00
085909.8 36.375 4.997540e+00 1.907324e-03 1.880643e+00 1.948702e+00 -3.146255e+00 3.488826e+00
085918.7 36.7498 4.997497e+00 1.897988e-03 1.901321e+00 2.040378e+00 -3.134155e+00 3.558807e+00
085927.6 37.1241 4.997536e+00 1.895753e-03 1.917926e+00 2.119028e+00 -3.131513e+00 3.638870e+00
085936.1 37.5 4.997516e+00 1.893860e-03 1.912705e+00 2.177987e+00 -3.121885e+00 3.688826e+00
085948.7 37.8749 4.997541e+00 1.888371e-03 1.921545e+00 2.233474e+00 -3.114344e+00 3.740933e+00
085959.9 38.2511 4.997500e+00 1.889145e-03 1.918167e+00 2.312174e+00 -3.116592e+00 3.807224e+00
090013.6 38.6252 4.997492e+00 1.874585e-03 1.908874e+00 2.376637e+00 -3.108930e+00 3.872039e+00
090023.3 38.9995 4.997551e+00 1.856113e-03 1.914675e+00 2.430861e+00 -3.108747e+00 3.918734e+00
090037.2 39.375 4.997499e+00 1.842402e-03 1.933051e+00 2.484866e+00 -3.096547e+00 3.964530e+00
090046.1 39.7496 4.997525e+00 1.855251e-03 1.943961e+00 2.573355e+00 -3.091651e+00 4.032874e+00
090054.4 40.125 4.997487e+00 1.872021e-03 1.936419e+00 2.637699e+00 -3.079354e+00 4.092900e+00
090102.3 40.4993 4.997520e+00 1.868568e-03 1.948212e+00 2.681350e+00 -3.088275e+00 4.133577e+00
090112.5 40.8751 4.997506e+00 1.860729e-03 1.950531e+00 2.734609e+00 -3.081997e+00 4.173223e+00
090120.4 41.2496 4.997503e+00 1.869523e-03 1.937076e+00 2.809867e+00 -3.081210e+00 4.246022e+00
090128.9 41.6249 4.997534e+00 1.873361e-03 1.943533e+00 2.882640e+00 -3.082944e+00 4.296263e+00
090139.8 41.9999 4.997560e+00 1.867353e-03 1.961684e+00 2.923641e+00 -3.068853e+00 4.326310e+00
090149.3 42.3743 4.997485e+00 1.903367e-03 1.961831e+00 2.974654e+00 -3.061193e+00 4.364267e+00
090157.9 42.7495 4.997520e+00 1.936167e-03 1.964074e+00 3.043106e+00 -3.063990e+00 4.442242e+00
090205.7 43.1249 4.997527e+00 1.967766e-03 1.968534e+00 3.118492e+00 -3.064629e+00 4.504013e+00
090214.3 43.4998 4.997515e+00 1.996207e-03 1.966453e+00 3.160198e+00 -3.064842e+00 4.531460e+00
090226.1 43.8744 4.997509e+00 2.047258e-03 1.949926e+00 3.211204e+00 -3.075296e+00 4.568041e+00
090238.4 44.2497 4.997504e+00 2.102540e-03 1.960657e+00 3.267415e+00 -3.073393e+00 4.623454e+00
090251.4 44.6248 4.997527e+00 2.131579e-03 1.971765e+00 3.336278e+00 -3.067356e+00 4.684886e+00
090303.0 44.9996 4.997520e+00 2.155142e-03 1.963876e+00 3.376323e+00 -3.059867e+00 4.724471e+00
090317.3 45.3745 4.997517e+00 2.192607e-03 1.971457e+00 3.429486e+00 -3.060574e+00 4.768808e+00
090331.9 45.7495 4.997516e+00 2.264083e-03 1.965854e+00 3.496925e+00 -3.064497e+00 4.835250e+00
090343.6 46.1249 4.997538e+00 2.343640e-03 1.945526e+00 3.559531e+00 -3.074918e+00 4.881881e+00
090355.6 46.4998 4.997527e+00 2.411654e-03 1.954278e+00 3.591284e+00 -3.082481e+00 4.907896e+00
090407.9 46.8748 4.997524e+00 2.462902e-03 1.968495e+00 3.626191e+00 -3.072770e+00 4.937862e+00
090420.2 47.2497 4.997493e+00 2.509683e-03 1.960439e+00 3.706679e+00 -3.071584e+00 5.001416e+00
090429.4 47.6247 4.997479e+00 2.525916e-03 1.959927e+00 3.762221e+00 -3.058932e+00 5.045643e+00
090437.6 48 4.997515e+00 2.503220e-03 1.971254e+00 3.787049e+00 -3.081526e+00 5.092015e+00
090448.8 48.3757 4.997530e+00 2.474218e-03 1.964309e+00 3.810600e+00 -3.066986e+00 5.093489e+00
090457.4 48.7498 4.997496e+00 2.455732e-03 1.948863e+00 3.854674e+00 -3.067115e+00 5.127503e+00
090506.3 49.125 4.997533e+00 2.423052e-03 1.977208e+00 3.910709e+00 -3.054840e+00 5.166125e+00
090514.9 49.5 4.997532e+00 2.360867e-03 1.994970e+00 3.927932e+00 -3.048596e+00 5.187217e+00
090522.7 49.8749 4.997494e+00 2.294383e-03 2.006252e+00 3.961306e+00 -3.032389e+00 5.203105e+00
090530.5 50.2497 4.997535e+00 2.248607e-03 2.012313e+00 4.001147e+00 -3.025948e+00 5.236324e+00
090540.4 50.6253 4.997532e+00 2.223003e-03 2.014651e+00 4.043583e+00 -3.026187e+00 5.268552e+00
090552.4 51.0002 4.997518e+00 2.179340e-03 2.010216e+00 4.054911e+00 -3.022562e+00 5.270707e+00
090603.0 51.3755 4.997498e+00 2.133185e-03 2.020946e+00 4.085073e+00 -3.024394e+00 5.295315e+00
090611.8 51.7502 4.997483e+00 2.107924e-03 2.039358e+00 4.128095e+00 -3.016624e+00 5.332907e+00
090619.7 52.1248 4.997527e+00 2.097217e-03 2.040852e+00 4.174082e+00 -3.009891e+00 5.360586e+00
090629.6 52.5002 4.997518e+00 2.072381e-03 2.046705e+00 4.186459e+00 -3.001383e+00 5.372326e+00
090642.2 52.8743 4.997515e+00 2.016591e-03 2.056438e+00 4.204903e+00 -2.997653e+00 5.385041e+00
090651.1 53.2498 4.997525e+00 2.007264e-03 2.054974e+00 4.244898e+00 -3.002053e+00 5.433118e+00
090659.6 53.6254 4.997506e+00 1.993811e-03 2.045797e+00 4.277168e+00 -2.993445e+00 5.448299e+00
090708.2 53.9994 4.997543e+00 1.965330e-03 2.068091e+00 4.295060e+00 -2.991214e+00 5.453905e+00
090719.5 54.3751 4.997540e+00 1.953114e-03 2.075720e+00 4.307041e+00 -2.978302e+00 5.457779e+00
090727.7 54.7499 4.997543e+00 1.964245e-03 2.071514e+00 4.349825e+00 -2.983986e+00 5.499484e+00
090735.5 55.1248 4.997499e+00 1.960935e-03 2.079819e+00 4.383830e+00 -2.973275e+00 5.512818e+00
090744.7 55.5001 4.997520e+00 1.932621e-03 2.074493e+00 4.390744e+00 -2.967290e+00 5.515264e+00
090757.1 55.8746 4.997499e+00 1.914383e-03 2.069629e+00 4.414806e+00 -2.967765e+00 5.523413e+00
090805.3 56.2492 4.997521e+00 1.922860e-03 2.070867e+00 4.453864e+00 -2.968214e+00 5.548862e+00
090816.6 56.6251 4.997504e+00 1.935323e-03 2.085542e+00 4.491198e+00 -2.959051e+00 5.573363e+00
090828.8 56.9997 4.997510e+00 1.929141e-03 2.096409e+00 4.484960e+00 -2.951294e+00 5.571976e+00
090842.5 57.3752 4.997504e+00 1.916229e-03 2.090340e+00 4.500353e+00 -2.944403e+00 5.578623e+00
090853.0 57.7495 4.997506e+00 1.915509e-03 2.102472e+00 4.535110e+00 -2.944470e+00 5.607672e+00
090901.6 58.1257 4.997509e+00 1.912987e-03 2.102414e+00 4.570603e+00 -2.943627e+00 5.621838e+00
090909.5 58.4998 4.997509e+00 1.901113e-03 2.090956e+00 4.566503e+00 -2.947055e+00 5.616666e+00
090921.0 58.8748 4.997521e+00 1.884530e-03 2.101605e+00 4.570074e+00 -2.939494e+00 5.613672e+00
090932.4 59.2502 4.997552e+00 1.876029e-03 2.111823e+00 4.594033e+00 -2.936264e+00 5.633524e+00
090941.3 59.6247 4.997518e+00 1.862981e-03 2.117968e+00 4.618222e+00 -2.930442e+00 5.668793e+00
090949.8 59.9998 4.997487e+00 1.841071e-03 2.123646e+00 4.618961e+00 -2.921040e+00 5.648138e+00
091002.4 60.3745 4.997527e+00 1.837226e-03 2.131516e+00 4.619096e+00 -2.920643e+00 5.637095e+00
091015.7 60.7499 4.997522e+00 1.848874e-03 2.128077e+00 4.643135e+00 -2.920088e+00 5.651764e+00
091024.9 61.1254 4.997471e+00 1.849681e-03 2.121096e+00 4.663580e+00 -2.918273e+00 5.663023e+00
091033.1 61.4996 4.997520e+00 1.829309e-03 2.138155e+00 4.654643e+00 -2.910922e+00 5.647735e+00
091040.7 61.8747 4.997526e+00 1.815964e-03 2.149968e+00 4.667547e+00 -2.902090e+00 5.649275e+00
091048.5 62.2499 4.997523e+00 1.815597e-03 2.143836e+00 4.690625e+00 -2.898540e+00 5.659454e+00
091057.1 62.6246 4.997515e+00 1.812357e-03 2.145085e+00 4.710767e+00 -2.889463e+00 5.666435e+00
091109.7 62.9999 4.997518e+00 1.817445e-03 2.155038e+00 4.707155e+00 -2.904880e+00 5.648388e+00
091122.9 63.3743 4.997487e+00 1.838549e-03 2.140179e+00 4.699352e+00 -2.905407e+00 5.632052e+00
091135.9 63.7495 4.997497e+00 1.862772e-03 2.146814e+00 4.716983e+00 -2.899026e+00 5.647896e+00
091144.1 64.1244 4.997530e+00 1.876676e-03 2.162341e+00 4.735901e+00 -2.892673e+00 5.667744e+00
091151.9 64.4998 4.997504e+00 1.863413e-03 2.164394e+00 4.728871e+00 -2.881494e+00 5.641610e+00
091202.5 64.8748 4.997493e+00 1.837097e-03 2.172575e+00 4.715760e+00 -2.882260e+00 5.630697e+00
091211.1 65.2496 4.997502e+00 1.821899e-03 2.177335e+00 4.729685e+00 -2.879740e+00 5.629318e+00
091219.9 65.6249 4.997534e+00 1.809781e-03 2.165263e+00 4.736087e+00 -2.882992e+00 5.619681e+00
091228.1 66.0004 4.997527e+00 1.786902e-03 2.166898e+00 4.719557e+00 -2.885056e+00 5.594756e+00
091241.8 66.375 4.997542e+00 1.760396e-03 2.182915e+00 4.708919e+00 -2.877054e+00 5.579144e+00
091255.5 66.7498 4.997517e+00 1.738457e-03 2.193721e+00 4.720448e+00 -2.870511e+00 5.586684e+00
091304.1 67.1251 4.997515e+00 1.698090e-03 2.187420e+00 4.715578e+00 -2.855434e+00 5.581161e+00
091312.6 67.5001 4.997500e+00 1.659957e-03 2.197795e+00 4.687323e+00 -2.855529e+00 5.546672e+00
091323.9 67.8745 4.997491e+00 1.645258e-03 2.203358e+00 4.653560e+00 -2.847824e+00 5.512295e+00
091331.5 68.2495 4.997503e+00 1.645713e-03 2.194348e+00 4.680478e+00 -2.849843e+00 5.519815e+00
091340.7 68.625 4.997512e+00 1.640403e-03 2.199010e+00 4.688565e+00 -2.845876e+00 5.516117e+00
091350.2 69.0001 4.997532e+00 1.613357e-03 2.212768e+00 4.659333e+00 -2.837098e+00 5.492205e+00
091403.5 69.3748 4.997541e+00 1.594126e-03 2.217177e+00 4.641667e+00 -2.824901e+00 5.471300e+00
091416.1 69.7502 4.997509e+00 1.599600e-03 2.214549e+00 4.643288e+00 -2.822237e+00 5.462239e+00
091424.7 70.1247 4.997524e+00 1.608784e-03 2.215655e+00 4.641343e+00 -2.822529e+00 5.451756e+00
091432.9 70.4993 4.997505e+00 1.616980e-03 2.211882e+00 4.615522e+00 -2.823547e+00 5.413827e+00
091445.1 70.8748 4.997507e+00 1.633675e-03 2.200722e+00 4.599812e+00 -2.827448e+00 5.388788e+00
091453.0 71.2498 4.997511e+00 1.652300e-03 2.217518e+00 4.604601e+00 -2.816107e+00 5.364816e+00
091501.1 71.6253 4.997494e+00 1.663990e-03 2.225323e+00 4.610438e+00 -2.808720e+00 5.355847e+00
091510.4 71.9997 4.997508e+00 1.652042e-03 2.223655e+00 4.574463e+00 -2.805717e+00 5.325421e+00
091520.9 72.3747 4.997508e+00 1.636006e-03 2.229720e+00 4.546065e+00 -2.797055e+00 5.300340e+00
091530.2 72.7497 4.997523e+00 1.638409e-03 2.234207e+00 4.538913e+00 -2.806535e+00 5.289004e+00
091538.4 73.1248 4.997492e+00 1.644697e-03 2.223567e+00 4.533301e+00 -2.805321e+00 5.260424e+00
091546.3 73.4996 4.997524e+00 1.649218e-03 2.232636e+00 4.505680e+00 -2.808010e+00 5.224395e+00
091559.3 73.8742 4.997518e+00 1.649756e-03 2.243446e+00 4.478384e+00 -2.799634e+00 5.175962e+00
091607.5 74.2493 4.997534e+00 1.637561e-03 2.243413e+00 4.477711e+00 -2.788935e+00 5.167370e+00
091616.0 74.6247 4.997511e+00 1.630535e-03 2.239180e+00 4.455760e+00 -2.786730e+00 5.155530e+00
091624.5 74.9999 4.997523e+00 1.611720e-03 2.245521e+00 4.415894e+00 -2.783778e+00 5.114646e+00
091638.4 75.3751 4.997526e+00 1.611804e-03 2.251277e+00 4.390826e+00 -2.782199e+00 5.066399e+00
091647.1 75.7491 4.997498e+00 1.631394e-03 2.246657e+00 4.380047e+00 -2.791869e+00 5.056646e+00
091654.9 76.1249 4.997533e+00 1.642454e-03 2.257853e+00 4.359612e+00 -2.785351e+00 5.022364e+00
091703.4 76.5001 4.997517e+00 1.632383e-03 2.271292e+00 4.311627e+00 -2.775572e+00 4.978578e+00
091714.7 76.8748 4.997541e+00 1.606491e-03 2.276289e+00 4.283747e+00 -2.769489e+00 4.941424e+00
091722.7 77.2498 4.997516e+00 1.591416e-03 2.277552e+00 4.269706e+00 -2.761002e+00 4.916720e+00
091731.2 77.6251 4.997512e+00 1.585356e-03 2.281895e+00 4.244471e+00 -2.761603e+00 4.885974e+00
091741.1 78.0002 4.997512e+00 1.577549e-03 2.275431e+00 4.194640e+00 -2.765388e+00 4.826504e+00
091753.7 78.3748 4.997499e+00 1.575240e-03 2.270411e+00 4.148612e+00 -2.764905e+00 4.773465e+00
091802.4 78.7498 4.997534e+00 1.582269e-03 2.286513e+00 4.143113e+00 -2.762833e+00 4.754892e+00
091810.7 79.1248 4.997505e+00 1.579622e-03 2.288524e+00 4.128046e+00 -2.759616e+00 4.721105e+00
091818.9 79.4996 4.997517e+00 1.556448e-03 2.291906e+00 4.077032e+00 -2.745158e+00 4.662294e+00
091830.4 79.8755 4.997515e+00 1.535282e-03 2.303711e+00 4.033058e+00 -2.753263e+00 4.631221e+00
091841.4 80.2503 4.997494e+00 1.543203e-03 2.307658e+00 4.011245e+00 -2.747017e+00 4.590734e+00
091850.6 80.625 4.997505e+00 1.550244e-03 2.292291e+00 3.981875e+00 -2.750626e+00 4.551405e+00
091903.2 81.0003 4.997535e+00 1.554411e-03 2.300505e+00 3.930534e+00 -2.740157e+00 4.487425e+00
091915.8 81.3743 4.997523e+00 1.548731e-03 2.314893e+00 3.885539e+00 -2.739146e+00 4.429031e+00
091927.4 81.7497 4.997529e+00 1.546113e-03 2.315516e+00 3.857539e+00 -2.740642e+00 4.419936e+00
091935.3 82.1248 4.997525e+00 1.538998e-03 2.322570e+00 3.837024e+00 -2.726354e+00 4.353644e+00
091943.0 82.4998 4.997519e+00 1.521160e-03 2.320683e+00 3.773332e+00 -2.729627e+00 4.307586e+00
091955.2 82.8749 4.997510e+00 1.506567e-03 2.319909e+00 3.718657e+00 -2.721357e+00 4.237011e+00
092007.5 83.2501 4.997521e+00 1.511110e-03 2.309219e+00 3.693342e+00 -2.728359e+00 4.209740e+00
092019.4 83.6251 4.997508e+00 1.525215e-03 2.324237e+00 3.657915e+00 -2.724134e+00 4.170652e+00
092031.0 83.9999 4.997543e+00 1.515599e-03 2.331241e+00 3.596266e+00 -2.712189e+00 4.095669e+00
092044.6 84.3746 4.997517e+00 1.500446e-03 2.343307e+00 3.545817e+00 -2.704204e+00 4.025904e+00
092059.3 84.7498 4.997543e+00 1.486330e-03 2.341510e+00 3.510641e+00 -2.698197e+00 3.993353e+00
092107.5 85.1247 4.997520e+00 1.482317e-03 2.366379e+00 3.515389e+00 -2.701432e+00 3.948808e+00
092115.4 85.4997 4.997511e+00 1.472094e-03 2.326795e+00 3.415381e+00 -2.703391e+00 3.879880e+00
092125.9 85.8748 4.997521e+00 1.483363e-03 2.335356e+00 3.361737e+00 -2.698622e+00 3.804279e+00
092133.5 86.2498 4.997529e+00 1.502848e-03 2.350966e+00 3.309307e+00 -2.690798e+00 3.759447e+00
092141.7 86.6249 4.997516e+00 1.501439e-03 2.353250e+00 3.276077e+00 -2.689437e+00 3.708316e+00
092150.0 87 4.997525e+00 1.458464e-03 2.360844e+00 3.208281e+00 -2.675026e+00 3.642137e+00
092203.6 87.3746 4.997526e+00 1.421737e-03 2.360977e+00 3.142122e+00 -2.672514e+00 3.570962e+00
092212.5 87.7499 4.997533e+00 1.395331e-03 2.362161e+00 3.103991e+00 -2.673428e+00 3.522827e+00
092220.3 88.125 4.997517e+00 1.372270e-03 2.348118e+00 3.060323e+00 -2.674307e+00 3.468294e+00
092228.8 88.4999 4.997541e+00 1.352526e-03 2.370416e+00 2.983741e+00 -2.668233e+00 3.384660e+00
092240.1 88.8756 4.997513e+00 1.361602e-03 2.383725e+00 2.916488e+00 -2.656933e+00 3.313347e+00
092252.1 89.2497 4.997484e+00 1.402360e-03 2.373258e+00 2.885962e+00 -2.656752e+00 3.260775e+00
092305.4 89.6251 4.997536e+00 1.437822e-03 2.381720e+00 2.845233e+00 -2.656285e+00 3.204884e+00
092313.9 90.0002 4.997506e+00 1.440282e-03 2.384226e+00 2.770115e+00 -2.656192e+00 3.125753e+00
092324.5 90.3748 4.997504e+00 1.432508e-03 2.381029e+00 2.701043e+00 -2.662864e+00 3.054898e+00
092333.7 90.75 4.997535e+00 1.429877e-03 2.378056e+00 2.642268e+00 -2.655058e+00 2.990230e+00
092342.5 91.1243 4.997525e+00 1.410143e-03 2.401225e+00 2.591221e+00 -2.642400e+00 2.936177e+00
092351.1 91.4994 4.997517e+00 1.378479e-03 2.405931e+00 2.512195e+00 -2.634547e+00 2.839853e+00
092403.7 91.8751 4.997527e+00 1.364810e-03 2.409807e+00 2.444302e+00 -2.622868e+00 2.764757e+00
092416.7 92.25 4.997533e+00 1.387514e-03 2.409194e+00 2.397622e+00 -2.626311e+00 2.710616e+00
092424.9 92.6246 4.997522e+00 1.415507e-03 2.395657e+00 2.346350e+00 -2.628951e+00 2.646896e+00
092433.5 93.0001 4.997558e+00 1.439534e-03 2.386359e+00 2.272614e+00 -2.631999e+00 2.564033e+00
092444.4 93.3746 4.997539e+00 1.465769e-03 2.394904e+00 2.198386e+00 -2.625421e+00 2.490289e+00
092459.4 93.7501 4.997490e+00 1.497324e-03 2.411152e+00 2.143688e+00 -2.621570e+00 2.432504e+00
092509.9 94.1253 4.997514e+00 1.524079e-03 2.407310e+00 2.080860e+00 -2.615868e+00 2.362891e+00
092517.8 94.5 4.997500e+00 1.536693e-03 2.419418e+00 2.001200e+00 -2.614555e+00 2.269473e+00
092531.4 94.8742 4.997551e+00 1.624790e-03 2.404552e+00 1.929880e+00 -2.618164e+00 2.185580e+00
092539.3 95.2497 4.997528e+00 1.683642e-03 2.400881e+00 1.882125e+00 -2.624638e+00 2.129467e+00
092547.9 95.6248 4.997545e+00 1.717560e-03 2.392399e+00 1.824758e+00 -2.626588e+00 2.060228e+00
092556.7 95.9997 4.997527e+00 1.718164e-03 2.412543e+00 1.734435e+00 -2.618016e+00 1.969549e+00
092609.0 96.375 4.997504e+00 1.711506e-03 2.416683e+00 1.648721e+00 -2.613002e+00 1.881009e+00
092617.6 96.7498 4.997520e+00 1.707613e-03 2.415647e+00 1.588427e+00 -2.603482e+00 1.809987e+00
092625.2 97.1246 4.997553e+00 1.709780e-03 2.423879e+00 1.523338e+00 -2.601128e+00 1.728929e+00
092633.1 97.4998 4.997506e+00 1.683092e-03 2.424126e+00 1.431659e+00 -2.593477e+00 1.623814e+00
092641.3 97.8743 4.997513e+00 1.649810e-03 2.419839e+00 1.352096e+00 -2.594258e+00 1.523747e+00
092649.3 98.2499 4.997520e+00 1.638288e-03 2.428219e+00 1.287686e+00 -2.585803e+00 1.447731e+00
092657.2 98.6249 4.997538e+00 1.619964e-03 2.442827e+00 1.213129e+00 -2.574630e+00 1.370010e+00
092706.1 98.999 4.997512e+00 1.591588e-03 2.451428e+00 1.104960e+00 -2.570727e+00 1.267806e+00
092717.7 99.3747 4.997497e+00 1.564725e-03 2.453487e+00 1.003431e+00 -2.566030e+00 1.165006e+00
092726.9 99.7492 4.997509e+00 1.548547e-03 2.455216e+00 9.363226e-01 -2.560237e+00 1.081985e+00
092735.2 100.125 4.997490e+00 1.534018e-03 2.453334e+00 8.670578e-01 -2.560758e+00 9.950367e-01
092744.1 100.5 4.997511e+00 1.529200e-03 2.449049e+00 7.702336e-01 -2.559649e+00 8.877866e-01
092752.0 100.875 4.997512e+00 1.523945e-03 2.470131e+00 6.809993e-01 -2.549384e+00 7.909376e-01
092804.6 101.25 4.997506e+00 1.531959e-03 2.472847e+00 6.093409e-01 -2.544827e+00 7.101162e-01
092813.4 101.625 4.997513e+00 1.531855e-03 2.474853e+00 5.296060e-01 -2.532387e+00 6.242113e-01
092826.4 102 4.997538e+00 1.535242e-03 2.487988e+00 4.235828e-01 -2.531024e+00 5.230776e-01
092837.6 102.375 4.997506e+00 1.556662e-03 2.485760e+00 3.288716e-01 -2.532361e+00 4.225380e-01
092846.5 102.75 4.997534e+00 1.589645e-03 2.457415e+00 2.583455e-01 -2.536117e+00 3.372676e-01
092854.7 103.125 4.997507e+00 1.611361e-03 2.471496e+00 1.819359e-01 -2.533856e+00 2.497873e-01
092902.6 103.5 4.997575e+00 1.628220e-03 2.483961e+00 7.407386e-02 -2.530198e+00 1.419952e-01
092915.3 103.874 4.997516e+00 1.663876e-03 2.482100e+00 -2.648025e-02 -2.522011e+00 3.615042e-02
092928.2 104.25 4.997528e+00 1.718081e-03 2.476914e+00 -1.066215e-01 -2.515129e+00 -5.196732e-02
092937.1 104.625 4.997498e+00 1.769678e-03 2.472843e+00 -1.846355e-01 -2.524638e+00 -1.413591e-01
092948.8 105 4.997491e+00 1.797628e-03 2.471373e+00 -2.924750e-01 -2.526746e+00 -2.516202e-01
093001.7 105.375 4.997498e+00 1.819186e-03 2.461673e+00 -3.901588e-01 -2.535245e+00 -3.598071e-01
093009.9 105.75 4.997543e+00 1.838864e-03 2.482214e+00 -4.751290e-01 -2.522379e+00 -4.416054e-01
093018.4 106.124 4.997520e+00 1.840952e-03 2.492216e+00 -5.600447e-01 -2.517887e+00 -5.472884e-01
093027.3 106.499 4.997491e+00 1.852826e-03 2.486602e+00 -6.616765e-01 -2.505358e+00 -6.704210e-01
093038.6 106.875 4.997509e+00 1.901021e-03 2.488803e+00 -7.614834e-01 -2.496806e+00 -7.790701e-01
093046.6 107.249 4.997533e+00 1.967776e-03 2.485422e+00 -8.460827e-01 -2.509788e+00 -8.858293e-01
093059.3 107.625 4.997492e+00 2.025775e-03 2.466859e+00 -9.336417e-01 -2.522120e+00 -9.834492e-01
093107.8 108 4.997489e+00 2.042342e-03 2.471073e+00 -1.050620e+00 -2.520864e+00 -1.098829e+00
093120.5 108.375 4.997476e+00 2.032171e-03 2.491876e+00 -1.159256e+00 -2.515054e+00 -1.209466e+00
093129.0 108.75 4.997532e+00 2.026085e-03 2.494370e+00 -1.251791e+00 -2.504299e+00 -1.298066e+00
093137.2 109.124 4.997498e+00 2.032506e-03 2.494628e+00 -1.340851e+00 -2.492829e+00 -1.390230e+00
093145.7 109.5 4.997503e+00 2.051305e-03 2.500293e+00 -1.462600e+00 -2.494431e+00 -1.516982e+00
093157.0 109.875 4.997510e+00 2.086519e-03 2.489879e+00 -1.570250e+00 -2.496247e+00 -1.641758e+00
093209.9 110.249 4.997486e+00 2.132048e-03 2.611766e+00 -1.655986e+00 -2.499895e+00 -1.753403e+00
093218.6 110.625 4.997543e+00 2.170088e-03 2.500329e+00 -1.752570e+00 -2.497809e+00 -1.862901e+00
093228.1 111 4.997522e+00 2.184152e-03 2.505618e+00 -1.885385e+00 -2.492934e+00 -1.999439e+00
093239.0 111.374 4.997559e+00 2.192817e-03 2.511053e+00 -2.016047e+00 -2.484828e+00 -2.126062e+00
093247.6 111.75 4.997528e+00 2.206100e-03 2.505660e+00 -2.117759e+00 -2.483809e+00 -2.231430e+00
093255.4 112.125 4.997532e+00 2.202588e-03 2.512248e+00 -2.222411e+00 -2.484054e+00 -2.334798e+00
093303.9 112.5 4.997517e+00 2.197838e-03 2.504882e+00 -2.342193e+00 -2.488346e+00 -2.470068e+00
093316.3 112.875 4.997519e+00 2.219985e-03 2.501575e+00 -2.451848e+00 -2.485830e+00 -2.588981e+00
093326.5 113.25 4.997494e+00 2.250840e-03 2.524940e+00 -2.535893e+00 -2.484034e+00 -2.704653e+00
093334.7 113.625 4.997553e+00 2.275005e-03 2.530025e+00 -2.632400e+00 -2.482052e+00 -2.824845e+00
093345.3 114 4.997522e+00 2.264843e-03 2.527492e+00 -2.762362e+00 -2.480744e+00 -2.965387e+00
093355.1 114.375 4.997493e+00 2.257114e-03 2.536161e+00 -2.903228e+00 -2.479570e+00 -3.099509e+00
093403.4 114.75 4.997534e+00 2.261851e-03 2.536541e+00 -3.017845e+00 -2.485878e+00 -3.221556e+00
093411.2 115.125 4.997512e+00 2.268986e-03 2.519669e+00 -3.135060e+00 -2.492171e+00 -3.339016e+00
093419.8 115.5 4.997527e+00 2.242968e-03 2.534290e+00 -3.272716e+00 -2.493628e+00 -3.482996e+00
093432.1 115.875 4.997516e+00 2.201375e-03 2.547620e+00 -3.411466e+00 -2.482260e+00 -3.613684e+00
093445.4 116.249 4.997553e+00 2.192721e-03 2.547036e+00 -3.510548e+00 -2.471033e+00 -3.722654e+00
093458.6 116.625 4.997522e+00 2.197562e-03 2.550472e+00 -3.623463e+00 -2.459304e+00 -3.846515e+00
093507.5 117 4.997530e+00 2.196288e-03 2.552788e+00 -3.765550e+00 -2.468740e+00 -4.007704e+00
093521.9 117.375 4.997528e+00 2.204627e-03 2.555141e+00 -3.900285e+00 -2.443151e+00 -4.152476e+00
093531.8 117.75 4.997490e+00 2.219359e-03 2.536715e+00 -4.020992e+00 -2.434665e+00 -4.280854e+00
093539.4 118.125 4.997522e+00 2.186883e-03 2.554461e+00 -4.141790e+00 -2.442836e+00 -4.435257e+00
093552.0 118.5 4.997534e+00 2.091030e-03 2.570325e+00 -4.285623e+00 -2.417727e+00 -4.527037e+00
093604.6 118.875 4.997522e+00 1.972481e-03 2.573049e+00 -4.433064e+00 -2.420573e+00 -4.630876e+00
