% Fogale DL Rail Calibration results.
% DL=6, Date=2016-03-11T09:04:01
% Tunnel Temperature=17.88 oC
% Scan Range: 1.125 - 118.875 mOPL
% Metrology used: ENCODERS
% Sensors: CALIBRATED
% Name=che
% Comment=
% WPS-Sensor tunnel center: WPS-7D6-001
% WPS-Sensor tunnel end: WPS-7D6-002
% DOMS-Sensor: DOM-7D2-003 S-330
% INCLINOMETER-Sensor: Inclinix
% TIMESTAMP[hhmmss.s] OPL-POSITION[m] DOMS[mm] INCL[rad] WPSTctrY[mm] WPSTctrZ[mm] WPSTendY[mm] WPSTendZ[mm]
090700.9 1.12504 4.997457e+00 2.634083e-03 1.847383e+00 -8.882066e+00 -3.103096e+00 -6.510921e+00
090711.8 1.49991 4.997453e+00 2.538212e-03 1.851136e+00 -8.785167e+00 -3.114316e+00 -6.345031e+00
090722.7 1.87459 4.997437e+00 2.430628e-03 1.869509e+00 -8.679140e+00 -3.138423e+00 -6.190680e+00
090731.2 2.25009 4.997434e+00 2.344318e-03 1.886992e+00 -8.488276e+00 -3.138903e+00 -5.977950e+00
090740.3 2.6247 4.997436e+00 2.292592e-03 1.962992e+00 -8.397353e+00 -3.169088e+00 -5.833264e+00
090748.8 2.99995 4.997448e+00 2.260514e-03 1.976068e+00 -8.260940e+00 -3.185944e+00 -5.680629e+00
090802.5 3.37376 4.997443e+00 2.254215e-03 1.992222e+00 -8.118302e+00 -3.236973e+00 -5.550742e+00
090814.4 3.7499 4.997438e+00 2.270702e-03 1.979913e+00 -7.938239e+00 -3.283412e+00 -5.393862e+00
090823.0 4.12483 4.997455e+00 2.263355e-03 1.957393e+00 -7.780030e+00 -3.315854e+00 -5.250862e+00
090830.8 4.49995 4.997472e+00 2.232726e-03 1.907544e+00 -7.629727e+00 -3.357082e+00 -5.113911e+00
090846.5 4.87507 4.997431e+00 2.210433e-03 1.847417e+00 -7.472976e+00 -3.374755e+00 -4.974238e+00
090908.0 5.23946 4.997447e+00 2.212603e-03 1.813659e+00 -7.210952e+00 -3.354846e+00 -4.785365e+00
090921.9 5.62481 4.997448e+00 2.212685e-03 1.808261e+00 -7.013127e+00 -3.357695e+00 -4.645186e+00
090930.5 5.99955 4.997441e+00 2.184580e-03 1.811280e+00 -6.855171e+00 -3.345485e+00 -4.527174e+00
090943.2 6.37446 4.997434e+00 2.168929e-03 1.800309e+00 -6.654778e+00 -3.346904e+00 -4.388092e+00
090957.5 6.74933 4.997438e+00 2.164095e-03 1.755316e+00 -6.437049e+00 -3.347397e+00 -4.221220e+00
091007.7 7.12451 4.997450e+00 2.151996e-03 1.757778e+00 -6.284841e+00 -3.362571e+00 -4.084069e+00
091020.3 7.49951 4.997425e+00 2.146046e-03 1.716675e+00 -6.114398e+00 -3.355700e+00 -3.947317e+00
091032.6 7.87482 4.997461e+00 2.156226e-03 1.655900e+00 -5.984526e+00 -3.353095e+00 -3.825806e+00
091044.9 8.25007 4.997459e+00 2.192867e-03 1.625261e+00 -5.833431e+00 -3.342533e+00 -3.681588e+00
091054.4 8.62462 4.997448e+00 2.216002e-03 1.616242e+00 -5.687318e+00 -3.354264e+00 -3.557841e+00
091102.6 8.99974 4.997449e+00 2.199029e-03 1.592721e+00 -5.573503e+00 -3.360774e+00 -3.440422e+00
091115.9 9.37446 4.997422e+00 2.191039e-03 1.579471e+00 -5.428873e+00 -3.355016e+00 -3.308861e+00
091124.1 9.74952 4.997444e+00 2.188579e-03 1.603907e+00 -5.282854e+00 -3.354636e+00 -3.175366e+00
091132.3 10.125 4.997456e+00 2.158290e-03 1.640636e+00 -5.127034e+00 -3.325668e+00 -3.031211e+00
091140.5 10.4998 4.997454e+00 2.113651e-03 1.662448e+00 -5.052631e+00 -3.330505e+00 -2.932854e+00
091153.6 10.8746 4.997446e+00 2.096679e-03 1.656186e+00 -4.902805e+00 -3.317199e+00 -2.812655e+00
091205.2 11.2497 4.997438e+00 2.117940e-03 1.671783e+00 -4.761236e+00 -3.330873e+00 -2.675544e+00
091216.8 11.6252 4.997456e+00 2.152948e-03 1.651280e+00 -4.616580e+00 -3.341473e+00 -2.543784e+00
091228.0 11.9999 4.997466e+00 2.161415e-03 1.647324e+00 -4.503206e+00 -3.339511e+00 -2.442234e+00
091241.3 12.3748 4.997460e+00 2.172436e-03 1.643761e+00 -4.360949e+00 -3.307831e+00 -2.320379e+00
091250.5 12.7493 4.997453e+00 2.192246e-03 1.663140e+00 -4.249855e+00 -3.325644e+00 -2.205166e+00
091259.4 13.1249 4.997457e+00 2.218164e-03 1.653271e+00 -4.097118e+00 -3.299551e+00 -2.071169e+00
091307.2 13.4996 4.997470e+00 2.227131e-03 1.663381e+00 -3.975587e+00 -3.300993e+00 -1.960698e+00
091319.2 13.8746 4.997469e+00 2.226010e-03 1.660173e+00 -3.849685e+00 -3.305365e+00 -1.846226e+00
091329.7 14.2496 4.997436e+00 2.245828e-03 1.646782e+00 -3.712320e+00 -3.308006e+00 -1.709406e+00
091338.9 14.6249 4.997432e+00 2.276412e-03 1.669206e+00 -3.598960e+00 -3.322941e+00 -1.601267e+00
091351.9 14.9997 4.997435e+00 2.297877e-03 1.660538e+00 -3.471048e+00 -3.296454e+00 -1.488450e+00
091406.2 15.3743 4.997467e+00 2.328225e-03 1.650346e+00 -3.354412e+00 -3.293196e+00 -1.377909e+00
091419.9 15.7495 4.997465e+00 2.375201e-03 1.671282e+00 -3.211830e+00 -3.300185e+00 -1.246686e+00
091432.8 16.1247 4.997491e+00 2.404298e-03 1.681596e+00 -3.087737e+00 -3.306181e+00 -1.129884e+00
091444.0 16.5 4.997463e+00 2.424398e-03 1.677412e+00 -2.991394e+00 -3.318067e+00 -1.028040e+00
091457.0 16.8744 4.997464e+00 2.453847e-03 1.675191e+00 -2.879018e+00 -3.319302e+00 -9.274875e-01
091508.2 17.2499 4.997451e+00 2.494452e-03 1.682811e+00 -2.739427e+00 -3.305430e+00 -7.964095e-01
091517.1 17.6249 4.997475e+00 2.510327e-03 1.678170e+00 -2.612701e+00 -3.302448e+00 -6.680250e-01
091525.7 17.9993 4.997468e+00 2.504981e-03 1.671919e+00 -2.515719e+00 -3.293108e+00 -5.732504e-01
091535.9 18.3749 4.997489e+00 2.512156e-03 1.696635e+00 -2.409309e+00 -3.300382e+00 -4.697913e-01
091544.5 18.7503 4.997461e+00 2.522345e-03 1.683688e+00 -2.270539e+00 -3.305698e+00 -3.560848e-01
091553.0 19.125 4.997462e+00 2.514393e-03 1.664947e+00 -2.141297e+00 -3.300651e+00 -2.506175e-01
091600.6 19.4999 4.997442e+00 2.455351e-03 1.684671e+00 -2.060998e+00 -3.296264e+00 -1.651826e-01
091608.4 19.8747 4.997442e+00 2.367490e-03 1.718407e+00 -1.970031e+00 -3.284000e+00 -8.063623e-02
091617.1 20.2497 4.997493e+00 2.292315e-03 1.728655e+00 -1.862881e+00 -3.275626e+00 3.490575e-02
091626.9 20.6251 4.997468e+00 2.242454e-03 1.732137e+00 -1.749123e+00 -3.265699e+00 1.432744e-01
091635.1 21.0001 4.997436e+00 2.202993e-03 1.727744e+00 -1.645910e+00 -3.259113e+00 2.203181e-01
091649.1 21.3747 4.997478e+00 2.189925e-03 1.744402e+00 -1.566191e+00 -3.285581e+00 3.022926e-01
091702.4 21.7497 4.997432e+00 2.174951e-03 1.743188e+00 -1.440614e+00 -3.279033e+00 4.190694e-01
091710.3 22.1249 4.997473e+00 2.151275e-03 1.758318e+00 -1.328988e+00 -3.272806e+00 5.224885e-01
091722.3 22.4996 4.997457e+00 2.117384e-03 1.770713e+00 -1.235156e+00 -3.261652e+00 6.095986e-01
091734.6 22.8747 4.997435e+00 2.100883e-03 1.770131e+00 -1.141112e+00 -3.251794e+00 7.008772e-01
091742.4 23.25 4.997414e+00 2.103378e-03 1.773627e+00 -1.036684e+00 -3.251097e+00 8.064711e-01
091750.6 23.6247 4.997449e+00 2.099938e-03 1.778571e+00 -9.262023e-01 -3.257650e+00 9.003260e-01
091802.9 23.9995 4.997477e+00 2.086207e-03 1.768599e+00 -8.386942e-01 -3.254840e+00 9.714305e-01
091813.1 24.3749 4.997460e+00 2.068286e-03 1.781231e+00 -7.358835e-01 -3.254349e+00 1.059154e+00
091825.7 24.75 4.997479e+00 2.053440e-03 1.793541e+00 -6.223383e-01 -3.248246e+00 1.172785e+00
091833.9 25.1246 4.997473e+00 2.039964e-03 1.795833e+00 -5.096816e-01 -3.235598e+00 1.271374e+00
091842.5 25.4993 4.997474e+00 2.027759e-03 1.793874e+00 -4.386738e-01 -3.224039e+00 1.341049e+00
091854.9 25.8742 4.997447e+00 2.021323e-03 1.797214e+00 -3.556766e-01 -3.228079e+00 1.418322e+00
091906.8 26.2498 4.997464e+00 2.029456e-03 1.800683e+00 -2.348822e-01 -3.232278e+00 1.520167e+00
091915.7 26.6247 4.997456e+00 2.035347e-03 1.792672e+00 -1.257732e-01 -3.230995e+00 1.610653e+00
091925.6 27.0002 4.997462e+00 2.021085e-03 1.808191e+00 -4.967362e-02 -3.220367e+00 1.679339e+00
091936.5 27.3747 4.997450e+00 1.998884e-03 1.822798e+00 3.386248e-02 -3.210369e+00 1.763151e+00
091950.1 27.7496 4.997468e+00 1.988921e-03 1.816190e+00 1.394722e-01 -3.203216e+00 1.862163e+00
091958.1 28.125 4.997442e+00 1.972748e-03 1.825731e+00 2.402217e-01 -3.198487e+00 1.954795e+00
092007.0 28.4999 4.997468e+00 1.959331e-03 1.834174e+00 3.066204e-01 -3.195834e+00 2.016587e+00
092019.0 28.8744 4.997464e+00 1.948514e-03 1.819249e+00 3.836486e-01 -3.204005e+00 2.090106e+00
092027.2 29.2499 4.997497e+00 1.953386e-03 1.823680e+00 4.889756e-01 -3.203146e+00 2.182519e+00
092038.8 29.6251 4.997474e+00 1.960729e-03 1.841267e+00 5.912206e-01 -3.199345e+00 2.271572e+00
092051.7 29.9997 4.997507e+00 1.960510e-03 1.845643e+00 6.609448e-01 -3.188774e+00 2.332024e+00
092104.7 30.3745 4.997418e+00 1.968824e-03 1.839160e+00 7.362632e-01 -3.188592e+00 2.414753e+00
092113.6 30.7501 4.997466e+00 1.968255e-03 1.850537e+00 8.362696e-01 -3.180988e+00 2.501191e+00
092122.8 31.1251 4.997493e+00 1.942527e-03 1.849499e+00 9.244163e-01 -3.177193e+00 2.583128e+00
092131.0 31.4996 4.997441e+00 1.912078e-03 1.844702e+00 9.903087e-01 -3.181443e+00 2.631981e+00
092143.6 31.8742 4.997457e+00 1.945968e-03 1.857194e+00 1.069713e+00 -3.178514e+00 2.690220e+00
092152.2 32.2492 4.997473e+00 1.960983e-03 1.868657e+00 1.172915e+00 -3.174666e+00 2.786259e+00
092204.4 32.6251 4.997486e+00 1.974171e-03 1.867555e+00 1.264211e+00 -3.163627e+00 2.876461e+00
092213.7 32.9999 4.997456e+00 1.959769e-03 1.874957e+00 1.326525e+00 -3.151662e+00 2.936317e+00
092223.9 33.3752 4.997479e+00 1.945959e-03 1.867554e+00 1.392914e+00 -3.169190e+00 3.005996e+00
092234.6 33.7496 4.997504e+00 1.949453e-03 1.859541e+00 1.490402e+00 -3.168049e+00 3.074312e+00
092243.1 34.1246 4.997437e+00 1.943904e-03 1.857545e+00 1.571427e+00 -3.173914e+00 3.150752e+00
092254.0 34.5002 4.997524e+00 1.928558e-03 1.876535e+00 1.630569e+00 -3.161209e+00 3.204744e+00
092301.8 34.8743 4.997465e+00 1.920379e-03 1.884059e+00 1.703342e+00 -3.154042e+00 3.277441e+00
092310.0 35.2491 4.997464e+00 1.935720e-03 1.886078e+00 1.793805e+00 -3.145301e+00 3.356146e+00
092318.9 35.6251 4.997472e+00 1.933565e-03 1.899206e+00 1.876592e+00 -3.141634e+00 3.428157e+00
092328.4 35.9997 4.997489e+00 1.915000e-03 1.905405e+00 1.921880e+00 -3.145148e+00 3.462929e+00
092342.4 36.3749 4.997483e+00 1.895211e-03 1.887178e+00 1.969732e+00 -3.150641e+00 3.519509e+00
092351.6 36.7502 4.997475e+00 1.889889e-03 1.904320e+00 2.062178e+00 -3.138764e+00 3.587271e+00
092359.8 37.125 4.997446e+00 1.890745e-03 1.920394e+00 2.140826e+00 -3.133725e+00 3.666732e+00
092408.0 37.4997 4.997491e+00 1.885224e-03 1.918771e+00 2.200008e+00 -3.124669e+00 3.717041e+00
092420.3 37.8748 4.997462e+00 1.880276e-03 1.925673e+00 2.256020e+00 -3.119174e+00 3.769803e+00
092431.6 38.2501 4.997480e+00 1.880581e-03 1.922722e+00 2.333835e+00 -3.123122e+00 3.835633e+00
092441.1 38.6251 4.997479e+00 1.865686e-03 1.911296e+00 2.402845e+00 -3.116991e+00 3.903224e+00
092450.3 39.0001 4.997464e+00 1.845164e-03 1.912423e+00 2.459363e+00 -3.118478e+00 3.950751e+00
092504.6 39.375 4.997489e+00 1.831603e-03 1.930556e+00 2.517104e+00 -3.105941e+00 3.996404e+00
092519.4 39.75 4.997490e+00 1.846403e-03 1.940294e+00 2.608823e+00 -3.104453e+00 4.066717e+00
092527.5 40.1241 4.997461e+00 1.861249e-03 1.933637e+00 2.672015e+00 -3.087516e+00 4.125007e+00
092535.4 40.4999 4.997485e+00 1.862711e-03 1.946036e+00 2.716837e+00 -3.094811e+00 4.167329e+00
092543.2 40.8744 4.997497e+00 1.856438e-03 1.949841e+00 2.766907e+00 -3.091067e+00 4.204189e+00
092555.3 41.2493 4.997475e+00 1.869508e-03 1.938638e+00 2.840833e+00 -3.090275e+00 4.275454e+00
092604.2 41.6248 4.997483e+00 1.876484e-03 1.944651e+00 2.913613e+00 -3.091741e+00 4.325865e+00
092612.7 42.0001 4.997474e+00 1.868910e-03 1.960551e+00 2.953718e+00 -3.078471e+00 4.353976e+00
092628.1 42.3745 4.997469e+00 1.910566e-03 1.958068e+00 3.006444e+00 -3.071022e+00 4.392666e+00
092642.5 42.7497 4.997489e+00 1.939228e-03 1.956694e+00 3.074603e+00 -3.071885e+00 4.470134e+00
092650.8 43.1246 4.997464e+00 1.970055e-03 1.959690e+00 3.156366e+00 -3.071695e+00 4.532266e+00
092659.3 43.4998 4.997484e+00 1.995469e-03 1.963150e+00 3.194582e+00 -3.071212e+00 4.561055e+00
092712.0 43.8741 4.997466e+00 2.051671e-03 1.943110e+00 3.244513e+00 -3.081736e+00 4.596350e+00
092722.9 44.2501 4.997497e+00 2.105446e-03 1.956527e+00 3.301725e+00 -3.078424e+00 4.651116e+00
092732.8 44.625 4.997475e+00 2.135213e-03 1.970302e+00 3.368932e+00 -3.071265e+00 4.711602e+00
092745.5 44.9998 4.997453e+00 2.157786e-03 1.963296e+00 3.406977e+00 -3.063054e+00 4.751070e+00
092759.8 45.3745 4.997463e+00 2.194573e-03 1.956575e+00 3.438372e+00 -3.045092e+00 4.768683e+00
092811.1 45.7499 4.997499e+00 2.266878e-03 1.949830e+00 3.505072e+00 -3.052205e+00 4.837970e+00
092818.9 46.1244 4.997466e+00 2.340138e-03 1.929417e+00 3.567320e+00 -3.058628e+00 4.885565e+00
092826.7 46.4994 4.997477e+00 2.401610e-03 1.938099e+00 3.595667e+00 -3.065464e+00 4.912818e+00
092839.7 46.8744 4.997499e+00 2.450961e-03 1.952974e+00 3.629499e+00 -3.052587e+00 4.942152e+00
092853.1 47.2496 4.997485e+00 2.493081e-03 1.941674e+00 3.698839e+00 -3.045858e+00 4.997931e+00
092901.3 47.6251 4.997492e+00 2.507281e-03 1.948964e+00 3.767254e+00 -3.041945e+00 5.053795e+00
092909.8 47.9999 4.997479e+00 2.488824e-03 1.962537e+00 3.790216e+00 -3.063683e+00 5.099140e+00
092923.4 48.3753 4.997474e+00 2.463962e-03 1.955793e+00 3.810807e+00 -3.045600e+00 5.094977e+00
092932.3 48.7499 4.997514e+00 2.451290e-03 1.941300e+00 3.855471e+00 -3.051385e+00 5.129270e+00
092940.9 49.1249 4.997453e+00 2.422109e-03 1.967968e+00 3.910987e+00 -3.037106e+00 5.164872e+00
092948.7 49.5001 4.997470e+00 2.361791e-03 1.987815e+00 3.932021e+00 -3.032069e+00 5.189084e+00
092956.3 49.875 4.997478e+00 2.294254e-03 1.995201e+00 3.959777e+00 -3.017002e+00 5.201067e+00
093007.5 50.2503 4.997490e+00 2.254579e-03 1.998529e+00 3.995309e+00 -3.007228e+00 5.228329e+00
093015.7 50.6247 4.997511e+00 2.223610e-03 2.007547e+00 4.044652e+00 -3.009428e+00 5.267742e+00
093027.3 51.0008 4.997496e+00 2.182148e-03 2.001594e+00 4.062071e+00 -3.004632e+00 5.272947e+00
093040.4 51.3754 4.997501e+00 2.135370e-03 2.012396e+00 4.094435e+00 -3.007884e+00 5.298270e+00
093050.9 51.7501 4.997502e+00 2.109311e-03 2.028993e+00 4.130472e+00 -2.994782e+00 5.328103e+00
093059.4 52.1251 4.997497e+00 2.096039e-03 2.031081e+00 4.177189e+00 -2.989123e+00 5.356950e+00
093108.0 52.4994 4.997505e+00 2.070763e-03 2.037748e+00 4.190754e+00 -2.982898e+00 5.372052e+00
093120.6 52.8745 4.997478e+00 2.017135e-03 2.046159e+00 4.207970e+00 -2.975838e+00 5.381074e+00
093133.2 53.2499 4.997479e+00 2.008393e-03 2.048418e+00 4.250043e+00 -2.983086e+00 5.434853e+00
093142.1 53.6256 4.997492e+00 1.995667e-03 2.034860e+00 4.276705e+00 -2.976213e+00 5.448718e+00
093150.7 53.9997 4.997502e+00 1.965209e-03 2.054195e+00 4.290003e+00 -2.971731e+00 5.450854e+00
093204.0 54.3743 4.997474e+00 1.954579e-03 2.064279e+00 4.306357e+00 -2.961381e+00 5.456141e+00
093216.6 54.7498 4.997478e+00 1.965324e-03 2.065319e+00 4.353890e+00 -2.969527e+00 5.504542e+00
093225.1 55.1249 4.997502e+00 1.961771e-03 2.071880e+00 4.387664e+00 -2.957915e+00 5.517164e+00
093233.6 55.4998 4.997491e+00 1.930919e-03 2.070212e+00 4.399258e+00 -2.955085e+00 5.523447e+00
093243.3 55.8752 4.997499e+00 1.913552e-03 2.063154e+00 4.420382e+00 -2.952791e+00 5.528964e+00
093253.2 56.2499 4.997509e+00 1.925697e-03 2.061819e+00 4.458854e+00 -2.955806e+00 5.553521e+00
093301.7 56.6246 4.997518e+00 1.934278e-03 2.071291e+00 4.487466e+00 -2.939298e+00 5.568254e+00
093313.8 56.9997 4.997493e+00 1.927468e-03 2.086289e+00 4.490278e+00 -2.937647e+00 5.576654e+00
093327.5 57.375 4.997504e+00 1.917333e-03 2.080268e+00 4.506340e+00 -2.930065e+00 5.583634e+00
093337.7 57.7495 4.997494e+00 1.915954e-03 2.087735e+00 4.529798e+00 -2.925531e+00 5.604322e+00
093349.3 58.1248 4.997490e+00 1.913264e-03 2.090917e+00 4.572611e+00 -2.928032e+00 5.624848e+00
093357.9 58.4993 4.997510e+00 1.902118e-03 2.080026e+00 4.567517e+00 -2.929093e+00 5.616664e+00
093409.8 58.8749 4.997492e+00 1.885099e-03 2.092024e+00 4.575509e+00 -2.927151e+00 5.619106e+00
093419.5 59.2496 4.997469e+00 1.876379e-03 2.100873e+00 4.597468e+00 -2.920838e+00 5.636639e+00
093428.3 59.6247 4.997510e+00 1.863284e-03 2.103024e+00 4.614795e+00 -2.913993e+00 5.667839e+00
093437.9 59.9995 4.997489e+00 1.840950e-03 2.112346e+00 4.620992e+00 -2.902539e+00 5.648617e+00
093448.4 60.3747 4.997477e+00 1.837076e-03 2.123680e+00 4.627459e+00 -2.906220e+00 5.645092e+00
093456.7 60.7493 4.997496e+00 1.846910e-03 2.114537e+00 4.641698e+00 -2.901379e+00 5.649764e+00
093505.2 61.1248 4.997497e+00 1.849951e-03 2.109634e+00 4.668340e+00 -2.903589e+00 5.666268e+00
093513.8 61.5 4.997491e+00 1.830437e-03 2.128325e+00 4.663378e+00 -2.899704e+00 5.655918e+00
093522.0 61.8746 4.997475e+00 1.818154e-03 2.135676e+00 4.667849e+00 -2.885722e+00 5.647791e+00
093530.2 62.2495 4.997469e+00 1.815460e-03 2.128791e+00 4.687605e+00 -2.887037e+00 5.660579e+00
093539.1 62.6247 4.997527e+00 1.813551e-03 2.130041e+00 4.711029e+00 -2.876140e+00 5.666738e+00
093547.3 62.9998 4.997502e+00 1.818141e-03 2.146052e+00 4.714079e+00 -2.893280e+00 5.655096e+00
093557.6 63.3748 4.997497e+00 1.838992e-03 2.129845e+00 4.708839e+00 -2.895598e+00 5.639223e+00
093610.8 63.7499 4.997475e+00 1.861772e-03 2.126696e+00 4.714190e+00 -2.884908e+00 5.644166e+00
093619.7 64.1246 4.997507e+00 1.876273e-03 2.149228e+00 4.743517e+00 -2.884430e+00 5.674280e+00
093628.2 64.4997 4.997489e+00 1.864803e-03 2.149223e+00 4.726401e+00 -2.867578e+00 5.638048e+00
093638.5 64.8751 4.997471e+00 1.840140e-03 2.154288e+00 4.716599e+00 -2.872229e+00 5.632954e+00
093646.5 65.2498 4.997515e+00 1.821498e-03 2.162349e+00 4.733684e+00 -2.867564e+00 5.631004e+00
093656.4 65.6251 4.997502e+00 1.812748e-03 2.151661e+00 4.737998e+00 -2.871358e+00 5.623688e+00
093704.9 66.0001 4.997504e+00 1.787634e-03 2.149545e+00 4.714921e+00 -2.871033e+00 5.593141e+00
093718.3 66.375 4.997484e+00 1.760916e-03 2.166187e+00 4.710796e+00 -2.863276e+00 5.580088e+00
093726.8 66.7492 4.997500e+00 1.738584e-03 2.182488e+00 4.729249e+00 -2.860625e+00 5.595050e+00
093736.0 67.125 4.997512e+00 1.699142e-03 2.172191e+00 4.717883e+00 -2.844904e+00 5.584781e+00
093745.2 67.4994 4.997483e+00 1.661502e-03 2.183517e+00 4.691183e+00 -2.842905e+00 5.550288e+00
093756.8 67.8753 4.997492e+00 1.647356e-03 2.186479e+00 4.650397e+00 -2.828897e+00 5.510242e+00
093809.7 68.2497 4.997506e+00 1.650632e-03 2.181949e+00 4.686921e+00 -2.835849e+00 5.523301e+00
093817.9 68.6246 4.997520e+00 1.641251e-03 2.181495e+00 4.687905e+00 -2.832860e+00 5.517172e+00
093826.4 68.9994 4.997505e+00 1.611949e-03 2.202571e+00 4.665570e+00 -2.825305e+00 5.498619e+00
093839.4 69.3749 4.997514e+00 1.596404e-03 2.206328e+00 4.649314e+00 -2.813855e+00 5.479648e+00
093853.1 69.7501 4.997502e+00 1.600069e-03 2.200010e+00 4.651571e+00 -2.812499e+00 5.471071e+00
093902.9 70.125 4.997528e+00 1.610929e-03 2.198680e+00 4.643715e+00 -2.809911e+00 5.456233e+00
093913.6 70.4999 4.997512e+00 1.619097e-03 2.195872e+00 4.615534e+00 -2.807958e+00 5.414424e+00
093924.6 70.875 4.997493e+00 1.636998e-03 2.180059e+00 4.595633e+00 -2.810001e+00 5.385894e+00
093937.5 71.2495 4.997498e+00 1.656647e-03 2.204481e+00 4.615114e+00 -2.808056e+00 5.375235e+00
093946.4 71.6251 4.997500e+00 1.663716e-03 2.212320e+00 4.617106e+00 -2.799046e+00 5.365498e+00
093955.9 71.9995 4.997523e+00 1.655174e-03 2.207640e+00 4.573699e+00 -2.790174e+00 5.326600e+00
094004.5 72.3741 4.997502e+00 1.637159e-03 2.214772e+00 4.546070e+00 -2.780302e+00 5.301009e+00
094013.0 72.7493 4.997498e+00 1.636701e-03 2.224308e+00 4.549218e+00 -2.795668e+00 5.300228e+00
094021.6 73.1248 4.997491e+00 1.644764e-03 2.213708e+00 4.542035e+00 -2.792472e+00 5.268949e+00
094031.8 73.5002 4.997513e+00 1.650602e-03 2.218981e+00 4.515538e+00 -2.797876e+00 5.234079e+00
094044.4 73.8744 4.997513e+00 1.649660e-03 2.221920e+00 4.474315e+00 -2.781545e+00 5.174660e+00
094053.6 74.2497 4.997490e+00 1.638669e-03 2.231580e+00 4.488951e+00 -2.779291e+00 5.177679e+00
094102.2 74.6244 4.997487e+00 1.631467e-03 2.220294e+00 4.456315e+00 -2.773277e+00 5.158730e+00
094110.4 74.9994 4.997505e+00 1.611525e-03 2.227826e+00 4.418502e+00 -2.769415e+00 5.119370e+00
094122.0 75.375 4.997494e+00 1.611455e-03 2.234216e+00 4.393579e+00 -2.768646e+00 5.069134e+00
094135.7 75.75 4.997540e+00 1.633669e-03 2.234622e+00 4.386555e+00 -2.780474e+00 5.065925e+00
094144.3 76.1253 4.997496e+00 1.643160e-03 2.239450e+00 4.366632e+00 -2.773829e+00 5.028280e+00
094152.2 76.4997 4.997527e+00 1.631585e-03 2.256761e+00 4.321433e+00 -2.765902e+00 4.988942e+00
094203.1 76.8747 4.997497e+00 1.609793e-03 2.266061e+00 4.298569e+00 -2.758909e+00 4.952972e+00
094211.7 77.2492 4.997492e+00 1.592168e-03 2.265172e+00 4.284300e+00 -2.752932e+00 4.930285e+00
094220.5 77.6251 4.997502e+00 1.587163e-03 2.264206e+00 4.251408e+00 -2.748086e+00 4.891425e+00
094228.7 78 4.997506e+00 1.575696e-03 2.256110e+00 4.196598e+00 -2.751736e+00 4.832110e+00
094238.2 78.3744 4.997500e+00 1.575024e-03 2.257708e+00 4.162355e+00 -2.758096e+00 4.787056e+00
094246.8 78.7498 4.997500e+00 1.582351e-03 2.275012e+00 4.157984e+00 -2.753984e+00 4.769537e+00
094254.4 79.1249 4.997493e+00 1.578517e-03 2.276219e+00 4.137195e+00 -2.746555e+00 4.729049e+00
094301.9 79.4998 4.997494e+00 1.554956e-03 2.274167e+00 4.082933e+00 -2.735262e+00 4.669418e+00
094314.4 79.8749 4.997513e+00 1.537303e-03 2.283607e+00 4.035352e+00 -2.739439e+00 4.636220e+00
094324.9 80.25 4.997494e+00 1.539636e-03 2.291875e+00 4.019597e+00 -2.736230e+00 4.600474e+00
094333.5 80.6246 4.997500e+00 1.552094e-03 2.278930e+00 3.990693e+00 -2.738602e+00 4.559711e+00
094341.9 80.9997 4.997490e+00 1.551705e-03 2.283434e+00 3.937487e+00 -2.730957e+00 4.495711e+00
094355.5 81.3745 4.997512e+00 1.550606e-03 2.304125e+00 3.901028e+00 -2.730490e+00 4.442590e+00
094404.7 81.7491 4.997521e+00 1.547797e-03 2.294731e+00 3.860486e+00 -2.737720e+00 4.433463e+00
094412.5 82.1248 4.997508e+00 1.540937e-03 2.304411e+00 3.845425e+00 -2.719164e+00 4.365614e+00
094420.4 82.4998 4.997503e+00 1.523275e-03 2.311945e+00 3.791816e+00 -2.719801e+00 4.324195e+00
094432.7 82.8749 4.997534e+00 1.508476e-03 2.304718e+00 3.727279e+00 -2.708236e+00 4.245318e+00
094440.5 83.2497 4.997476e+00 1.510135e-03 2.299018e+00 3.711878e+00 -2.720037e+00 4.227040e+00
094449.0 83.6246 4.997479e+00 1.522510e-03 2.304067e+00 3.662412e+00 -2.709058e+00 4.175512e+00
094458.6 83.9997 4.997498e+00 1.516371e-03 2.313653e+00 3.602471e+00 -2.702390e+00 4.104163e+00
094512.5 84.3747 4.997500e+00 1.501291e-03 2.328726e+00 3.556720e+00 -2.694407e+00 4.036544e+00
094526.1 84.75 4.997520e+00 1.489136e-03 2.322222e+00 3.514737e+00 -2.681801e+00 3.997645e+00
094534.3 85.1241 4.997491e+00 1.486294e-03 2.341366e+00 3.550256e+00 -2.695049e+00 3.966238e+00
094544.9 85.5001 4.997513e+00 1.477627e-03 2.312605e+00 3.425610e+00 -2.689564e+00 3.887556e+00
094556.5 85.875 4.997508e+00 1.486223e-03 2.321852e+00 3.376520e+00 -2.686449e+00 3.816686e+00
094604.4 86.2494 4.997494e+00 1.506107e-03 2.336147e+00 3.322538e+00 -2.679178e+00 3.770644e+00
094612.9 86.6247 4.997478e+00 1.501842e-03 2.334755e+00 3.281929e+00 -2.675606e+00 3.714267e+00
094621.4 86.9997 4.997508e+00 1.461466e-03 2.338886e+00 3.212986e+00 -2.663997e+00 3.648821e+00
094632.0 87.3752 4.997499e+00 1.422328e-03 2.346014e+00 3.155387e+00 -2.660902e+00 3.582403e+00
094641.5 87.7492 4.997524e+00 1.399277e-03 2.339638e+00 3.109688e+00 -2.660411e+00 3.531971e+00
094650.1 88.1253 4.997492e+00 1.376893e-03 2.338616e+00 3.079940e+00 -2.665551e+00 3.487415e+00
094658.3 88.4995 4.997502e+00 1.357295e-03 2.354411e+00 2.999364e+00 -2.657604e+00 3.398611e+00
094709.9 88.8753 4.997468e+00 1.364124e-03 2.366713e+00 2.928591e+00 -2.645878e+00 3.325028e+00
094722.8 89.2497 4.997540e+00 1.403571e-03 2.352844e+00 2.893762e+00 -2.643368e+00 3.269796e+00
094735.8 89.625 4.997515e+00 1.436604e-03 2.364680e+00 2.854673e+00 -2.645381e+00 3.217942e+00
094745.1 90.0001 4.997521e+00 1.441803e-03 2.365870e+00 2.778400e+00 -2.647318e+00 3.138769e+00
094755.3 90.3748 4.997524e+00 1.432650e-03 2.366122e+00 2.713968e+00 -2.650834e+00 3.070120e+00
094804.9 90.7502 4.997496e+00 1.431385e-03 2.366066e+00 2.663680e+00 -2.649451e+00 3.010877e+00
094813.4 91.1249 4.997560e+00 1.413293e-03 2.384744e+00 2.606687e+00 -2.636781e+00 2.950304e+00
094824.0 91.5 4.997479e+00 1.388767e-03 2.385436e+00 2.521681e+00 -2.624785e+00 2.850273e+00
094836.3 91.8748 4.997513e+00 1.377091e-03 2.390722e+00 2.459598e+00 -2.612660e+00 2.774983e+00
094847.2 92.2507 4.997517e+00 1.403605e-03 2.396076e+00 2.419829e+00 -2.623999e+00 2.727754e+00
094857.8 92.6248 4.997507e+00 1.437311e-03 2.384419e+00 2.368327e+00 -2.624353e+00 2.661606e+00
094909.0 93.0002 4.997526e+00 1.462698e-03 2.369147e+00 2.291845e+00 -2.622323e+00 2.572106e+00
094921.6 93.3746 4.997500e+00 1.490108e-03 2.373609e+00 2.216889e+00 -2.615978e+00 2.496811e+00
094934.3 93.7501 4.997508e+00 1.519113e-03 2.387829e+00 2.161818e+00 -2.612226e+00 2.437083e+00
094946.6 94.125 4.997499e+00 1.545592e-03 2.395071e+00 2.105967e+00 -2.616667e+00 2.376858e+00
094955.1 94.5004 4.997506e+00 1.560454e-03 2.397156e+00 2.018934e+00 -2.611279e+00 2.278020e+00
095007.8 94.8744 4.997487e+00 1.644352e-03 2.393462e+00 1.954956e+00 -2.614949e+00 2.199397e+00
095016.0 95.2493 4.997489e+00 1.703359e-03 2.381721e+00 1.901036e+00 -2.618863e+00 2.139327e+00
095057.2 95.6056 4.997490e+00 1.731473e-03 2.368229e+00 1.847033e+00 -2.619145e+00 2.074107e+00
095107.1 96.0001 4.997511e+00 1.726848e-03 2.397920e+00 1.754042e+00 -2.615976e+00 1.985581e+00
095120.4 96.3747 4.997512e+00 1.709297e-03 2.393308e+00 1.658494e+00 -2.602976e+00 1.893765e+00
095129.2 96.7499 4.997491e+00 1.702230e-03 2.395572e+00 1.596456e+00 -2.594561e+00 1.825705e+00
095137.5 97.1247 4.997469e+00 1.706177e-03 2.411878e+00 1.534119e+00 -2.589376e+00 1.747690e+00
095145.3 97.5 4.997504e+00 1.681569e-03 2.406542e+00 1.440321e+00 -2.582071e+00 1.638983e+00
095157.3 97.8742 4.997522e+00 1.657484e-03 2.395211e+00 1.357986e+00 -2.582452e+00 1.534264e+00
095208.6 98.2497 4.997476e+00 1.653364e-03 2.411375e+00 1.301041e+00 -2.579346e+00 1.461559e+00
095217.1 98.6249 4.997498e+00 1.637876e-03 2.420096e+00 1.223018e+00 -2.572045e+00 1.380600e+00
095226.0 98.9994 4.997492e+00 1.603798e-03 2.429397e+00 1.114479e+00 -2.567646e+00 1.281922e+00
095236.6 99.3756 4.997519e+00 1.561255e-03 2.430274e+00 1.012216e+00 -2.556693e+00 1.185768e+00
095250.5 99.7498 4.997497e+00 1.531111e-03 2.437323e+00 9.494780e-01 -2.552509e+00 1.112464e+00
095258.7 100.124 4.997511e+00 1.507255e-03 2.438757e+00 8.812409e-01 -2.556225e+00 1.030561e+00
095307.2 100.5 4.997496e+00 1.504708e-03 2.422555e+00 7.861299e-01 -2.551182e+00 9.204619e-01
095319.5 100.875 4.997471e+00 1.513281e-03 2.456036e+00 7.054637e-01 -2.554630e+00 8.226660e-01
095332.5 101.25 4.997514e+00 1.536040e-03 2.450749e+00 6.339075e-01 -2.545249e+00 7.336703e-01
095340.6 101.625 4.997495e+00 1.546074e-03 2.457633e+00 5.573124e-01 -2.537867e+00 6.453289e-01
095349.2 102 4.997497e+00 1.553307e-03 2.463974e+00 4.477223e-01 -2.533979e+00 5.417480e-01
095401.8 102.375 4.997477e+00 1.573672e-03 2.467807e+00 3.515526e-01 -2.539348e+00 4.440774e-01
095410.6 102.75 4.997521e+00 1.606250e-03 2.440816e+00 2.785253e-01 -2.540029e+00 3.592571e-01
095418.8 103.125 4.997498e+00 1.625359e-03 2.457358e+00 1.997754e-01 -2.536308e+00 2.734865e-01
095429.4 103.5 4.997470e+00 1.638529e-03 2.461392e+00 9.566005e-02 -2.526633e+00 1.663099e-01
095442.0 103.874 4.997504e+00 1.674303e-03 2.461025e+00 4.492320e-03 -2.522573e+00 6.356267e-02
095507.6 104.239 4.997503e+00 1.726022e-03 2.444371e+00 -6.570179e-02 -2.506855e+00 -2.348199e-02
095517.8 104.625 4.997490e+00 1.785747e-03 2.448523e+00 -1.387316e-01 -2.518824e+00 -1.134604e-01
095529.1 105 4.997499e+00 1.819782e-03 2.444461e+00 -2.471515e-01 -2.521064e+00 -2.276188e-01
095541.0 105.375 4.997495e+00 1.848990e-03 2.432200e+00 -3.516066e-01 -2.538649e+00 -3.406312e-01
095555.4 105.75 4.997499e+00 1.873975e-03 2.452731e+00 -4.447024e-01 -2.525697e+00 -4.252536e-01
095603.2 106.125 4.997487e+00 1.870174e-03 2.467659e+00 -5.359758e-01 -2.523400e+00 -5.290302e-01
095612.1 106.499 4.997481e+00 1.868149e-03 2.453642e+00 -6.376750e-01 -2.497670e+00 -6.463794e-01
095622.7 106.875 4.997480e+00 1.900316e-03 2.472411e+00 -7.392844e-01 -2.490880e+00 -7.594336e-01
095634.7 107.25 4.997511e+00 1.953265e-03 2.464200e+00 -8.198488e-01 -2.499530e+00 -8.483261e-01
095643.5 107.624 4.997492e+00 2.003762e-03 2.452934e+00 -9.064078e-01 -2.512284e+00 -9.431851e-01
095654.8 108 4.997508e+00 2.033821e-03 2.451911e+00 -1.020424e+00 -2.505495e+00 -1.062494e+00
095706.7 108.375 4.997508e+00 2.048165e-03 2.474332e+00 -1.128859e+00 -2.503555e+00 -1.182657e+00
095716.4 108.75 4.997483e+00 2.065053e-03 2.475530e+00 -1.219935e+00 -2.496687e+00 -1.282968e+00
095727.6 109.125 4.997511e+00 2.082298e-03 2.470545e+00 -1.310065e+00 -2.479532e+00 -1.375633e+00
095736.5 109.5 4.997520e+00 2.099617e-03 2.469628e+00 -1.433192e+00 -2.482129e+00 -1.501479e+00
095748.7 109.875 4.997505e+00 2.117237e-03 2.464633e+00 -1.547307e+00 -2.478760e+00 -1.620490e+00
095800.7 110.25 4.997514e+00 2.147227e-03 2.594541e+00 -1.651047e+00 -2.485738e+00 -1.725991e+00
095809.2 110.625 4.997511e+00 2.176496e-03 2.482153e+00 -1.733327e+00 -2.486528e+00 -1.831405e+00
095817.4 111 4.997520e+00 2.189213e-03 2.481640e+00 -1.850735e+00 -2.481110e+00 -1.961198e+00
095830.0 111.375 4.997487e+00 2.193902e-03 2.504538e+00 -1.979995e+00 -2.486655e+00 -2.094072e+00
095843.5 111.749 4.997483e+00 2.210647e-03 2.497131e+00 -2.071040e+00 -2.486939e+00 -2.197543e+00
095852.0 112.124 4.997507e+00 2.208136e-03 2.508845e+00 -2.178757e+00 -2.488345e+00 -2.300793e+00
095859.6 112.5 4.997519e+00 2.204293e-03 2.496292e+00 -2.299872e+00 -2.493687e+00 -2.435061e+00
095910.8 112.875 4.997499e+00 2.226150e-03 2.493677e+00 -2.421571e+00 -2.488185e+00 -2.558475e+00
095923.7 113.25 4.997498e+00 2.260668e-03 2.506094e+00 -2.508051e+00 -2.477781e+00 -2.667609e+00
095932.3 113.625 4.997508e+00 2.281708e-03 2.525281e+00 -2.620310e+00 -2.486843e+00 -2.797478e+00
095942.3 114 4.997479e+00 2.272019e-03 2.523103e+00 -2.748843e+00 -2.482066e+00 -2.935402e+00
095951.5 114.374 4.997503e+00 2.263294e-03 2.522066e+00 -2.876062e+00 -2.478800e+00 -3.066978e+00
100001.1 114.75 4.997477e+00 2.269775e-03 2.518959e+00 -2.984996e+00 -2.478442e+00 -3.181384e+00
100009.7 115.125 4.997526e+00 2.270346e-03 2.493198e+00 -3.085720e+00 -2.482929e+00 -3.294501e+00
100018.0 115.499 4.997484e+00 2.242450e-03 2.518938e+00 -3.239937e+00 -2.493519e+00 -3.448020e+00
100029.2 115.874 4.997504e+00 2.201146e-03 2.522928e+00 -3.368494e+00 -2.476808e+00 -3.571654e+00
100037.1 116.249 4.997485e+00 2.191402e-03 2.522067e+00 -3.468677e+00 -2.464838e+00 -3.678731e+00
100049.4 116.625 4.997481e+00 2.198165e-03 2.524243e+00 -3.583921e+00 -2.458336e+00 -3.808313e+00
100058.7 117 4.997473e+00 2.198646e-03 2.528486e+00 -3.723222e+00 -2.466135e+00 -3.969340e+00
100113.0 117.375 4.997489e+00 2.206352e-03 2.535843e+00 -3.863202e+00 -2.441699e+00 -4.116692e+00
100122.2 117.749 4.997467e+00 2.220832e-03 2.515697e+00 -3.979794e+00 -2.431875e+00 -4.246007e+00
100130.7 118.125 4.997505e+00 2.189761e-03 2.528974e+00 -4.095899e+00 -2.432716e+00 -4.383780e+00
100141.9 118.5 4.997468e+00 2.091403e-03 2.550960e+00 -4.243632e+00 -2.414676e+00 -4.487841e+00
100149.8 118.874 4.997485e+00 1.972371e-03 2.561150e+00 -4.399376e+00 -2.415229e+00 -4.591613e+00
