% Fogale DL Rail Calibration results.
% DL=6, Date=2016-03-10T09:34:51
% Tunnel Temperature=17.94 oC
% Scan Range: 1.125 - 118.875 mOPL
% Metrology used: ENCODERS
% Sensors: CALIBRATED
% Name=che
% Comment=
% WPS-Sensor tunnel center: WPS-7D6-001
% WPS-Sensor tunnel end: WPS-7D6-002
% DOMS-Sensor: DOM-7D2-003 S-330
% INCLINOMETER-Sensor: Inclinix
% TIMESTAMP[hhmmss.s] OPL-POSITION[m] DOMS[mm] INCL[rad] WPSTctrY[mm] WPSTctrZ[mm] WPSTendY[mm] WPSTendZ[mm]
093532.2 1.12517 4.997498e+00 2.638382e-03 1.842020e+00 -8.865602e+00 -3.109039e+00 -6.505149e+00
093542.4 1.49972 4.997510e+00 2.541532e-03 1.851557e+00 -8.783833e+00 -3.126808e+00 -6.350962e+00
093553.3 1.87433 4.997514e+00 2.433859e-03 1.864004e+00 -8.663759e+00 -3.137974e+00 -6.177432e+00
093606.3 2.24787 4.997479e+00 2.350018e-03 1.899450e+00 -8.514767e+00 -3.149732e+00 -5.994614e+00
093616.8 2.62458 4.997527e+00 2.299347e-03 1.954862e+00 -8.371465e+00 -3.163320e+00 -5.819486e+00
093629.2 3.00027 4.997514e+00 2.266622e-03 1.971033e+00 -8.241635e+00 -3.183384e+00 -5.673109e+00
093644.1 3.37504 4.997505e+00 2.257783e-03 1.980770e+00 -8.086773e+00 -3.222120e+00 -5.531908e+00
093657.1 3.75003 4.997511e+00 2.275439e-03 1.971603e+00 -7.916731e+00 -3.268435e+00 -5.377205e+00
093705.4 4.12477 4.997472e+00 2.266744e-03 1.945844e+00 -7.744489e+00 -3.301105e+00 -5.233913e+00
093713.5 4.49964 4.997530e+00 2.235699e-03 1.900869e+00 -7.605834e+00 -3.343521e+00 -5.099270e+00
093724.8 4.87431 4.997508e+00 2.211353e-03 1.834270e+00 -7.435055e+00 -3.359232e+00 -4.955936e+00
093737.4 5.24905 4.997517e+00 2.215252e-03 1.818533e+00 -7.212432e+00 -3.363010e+00 -4.788330e+00
093751.8 5.62462 4.997480e+00 2.214537e-03 1.810178e+00 -7.017369e+00 -3.352109e+00 -4.640532e+00
093814.2 5.98982 4.997509e+00 2.193991e-03 1.801396e+00 -6.829153e+00 -3.333523e+00 -4.516645e+00
093826.8 6.37484 4.997511e+00 2.171598e-03 1.798463e+00 -6.648364e+00 -3.336648e+00 -4.378054e+00
093841.7 6.74933 4.997507e+00 2.167384e-03 1.761490e+00 -6.450807e+00 -3.348866e+00 -4.224955e+00
093855.0 7.12458 4.997515e+00 2.155610e-03 1.758230e+00 -6.277081e+00 -3.358577e+00 -4.078454e+00
093902.8 7.49932 4.997475e+00 2.147993e-03 1.723408e+00 -6.127596e+00 -3.363476e+00 -3.953567e+00
093915.2 7.87482 4.997500e+00 2.160457e-03 1.664504e+00 -5.999196e+00 -3.357165e+00 -3.830402e+00
093924.0 8.24911 4.997519e+00 2.195357e-03 1.630221e+00 -5.840471e+00 -3.347762e+00 -3.686552e+00
093932.9 8.62506 4.997487e+00 2.219995e-03 1.615655e+00 -5.683541e+00 -3.345135e+00 -3.551178e+00
093941.4 8.99948 4.997558e+00 2.202951e-03 1.591750e+00 -5.562386e+00 -3.356828e+00 -3.439214e+00
093951.7 9.37465 4.997506e+00 2.195894e-03 1.580781e+00 -5.426162e+00 -3.345212e+00 -3.304831e+00
094000.5 9.74914 4.997539e+00 2.196278e-03 1.607996e+00 -5.288204e+00 -3.346485e+00 -3.174585e+00
094008.4 10.1249 4.997512e+00 2.165209e-03 1.651972e+00 -5.146787e+00 -3.329750e+00 -3.039574e+00
094016.6 10.4999 4.997486e+00 2.119896e-03 1.655501e+00 -5.026555e+00 -3.311577e+00 -2.922520e+00
094028.2 10.8748 4.997497e+00 2.100310e-03 1.664986e+00 -4.916271e+00 -3.320675e+00 -2.818491e+00
094041.1 11.2494 4.997518e+00 2.122360e-03 1.666050e+00 -4.748600e+00 -3.314171e+00 -2.665965e+00
094050.1 11.6247 4.997525e+00 2.153944e-03 1.646321e+00 -4.600866e+00 -3.326574e+00 -2.534238e+00
094105.8 12.0001 4.997500e+00 2.164207e-03 1.642116e+00 -4.487002e+00 -3.325341e+00 -2.432030e+00
094119.4 12.3744 4.997527e+00 2.172540e-03 1.653237e+00 -4.372830e+00 -3.313640e+00 -2.322515e+00
094128.3 12.7499 4.997499e+00 2.193818e-03 1.658993e+00 -4.233602e+00 -3.312140e+00 -2.194621e+00
094135.9 13.1248 4.997504e+00 2.219433e-03 1.665964e+00 -4.111675e+00 -3.307729e+00 -2.073596e+00
094143.8 13.4996 4.997516e+00 2.228779e-03 1.676574e+00 -3.988477e+00 -3.305168e+00 -1.960793e+00
094155.5 13.8746 4.997510e+00 2.229132e-03 1.669270e+00 -3.850716e+00 -3.300918e+00 -1.842655e+00
094204.0 14.2492 4.997526e+00 2.248787e-03 1.661902e+00 -3.721864e+00 -3.315089e+00 -1.710711e+00
094212.2 14.6245 4.997518e+00 2.279686e-03 1.671767e+00 -3.586308e+00 -3.312882e+00 -1.594823e+00
094224.8 14.9998 4.997476e+00 2.300398e-03 1.672163e+00 -3.476719e+00 -3.299913e+00 -1.487649e+00
094238.7 15.3745 4.997511e+00 2.332885e-03 1.659543e+00 -3.358887e+00 -3.294601e+00 -1.376258e+00
094251.7 15.7494 4.997494e+00 2.377295e-03 1.673358e+00 -3.206707e+00 -3.294377e+00 -1.241414e+00
094302.7 16.125 4.997508e+00 2.409311e-03 1.678512e+00 -3.077246e+00 -3.302099e+00 -1.126664e+00
094311.2 16.4993 4.997499e+00 2.425549e-03 1.671684e+00 -2.977935e+00 -3.306014e+00 -1.023110e+00
094323.1 16.8747 4.997526e+00 2.455520e-03 1.669651e+00 -2.867819e+00 -3.310204e+00 -9.232325e-01
094334.7 17.2499 4.997478e+00 2.498071e-03 1.680866e+00 -2.730958e+00 -3.301493e+00 -7.937852e-01
094343.2 17.6247 4.997506e+00 2.511401e-03 1.677910e+00 -2.606529e+00 -3.303648e+00 -6.662035e-01
094354.1 18.0002 4.997514e+00 2.508433e-03 1.682288e+00 -2.518975e+00 -3.300609e+00 -5.713337e-01
094404.7 18.375 4.997506e+00 2.513586e-03 1.691817e+00 -2.399075e+00 -3.289383e+00 -4.664265e-01
094413.6 18.7493 4.997526e+00 2.523898e-03 1.680780e+00 -2.263843e+00 -3.299915e+00 -3.529067e-01
094422.8 19.1255 4.997509e+00 2.517286e-03 1.670248e+00 -2.142983e+00 -3.303537e+00 -2.467907e-01
094431.3 19.4998 4.997498e+00 2.457384e-03 1.689981e+00 -2.061195e+00 -3.298980e+00 -1.620182e-01
094439.6 19.8745 4.997518e+00 2.370807e-03 1.721685e+00 -1.970013e+00 -3.281884e+00 -7.723776e-02
094447.4 20.2499 4.997510e+00 2.294817e-03 1.728667e+00 -1.857080e+00 -3.272441e+00 3.802886e-02
094455.9 20.6249 4.997501e+00 2.245172e-03 1.732609e+00 -1.742688e+00 -3.259912e+00 1.467879e-01
094505.8 21.0002 4.997540e+00 2.207768e-03 1.729044e+00 -1.642620e+00 -3.254460e+00 2.244100e-01
094519.4 21.3748 4.997520e+00 2.188894e-03 1.734274e+00 -1.552793e+00 -3.263249e+00 3.046888e-01
094528.0 21.7496 4.997514e+00 2.174849e-03 1.732665e+00 -1.429586e+00 -3.259573e+00 4.203541e-01
094536.6 22.1243 4.997480e+00 2.152451e-03 1.746295e+00 -1.317534e+00 -3.248205e+00 5.219422e-01
094548.2 22.4998 4.997491e+00 2.119626e-03 1.761853e+00 -1.225533e+00 -3.241597e+00 6.104341e-01
094600.5 22.8748 4.997534e+00 2.101132e-03 1.760149e+00 -1.131886e+00 -3.236431e+00 7.014064e-01
094608.3 23.2492 4.997519e+00 2.105422e-03 1.763680e+00 -1.026850e+00 -3.234059e+00 8.072564e-01
094617.5 23.625 4.997533e+00 2.101069e-03 1.765447e+00 -9.166053e-01 -3.237441e+00 8.977071e-01
094625.7 23.9997 4.997517e+00 2.087170e-03 1.756177e+00 -8.304055e-01 -3.235294e+00 9.699979e-01
094636.0 24.3749 4.997494e+00 2.070631e-03 1.768058e+00 -7.270096e-01 -3.230882e+00 1.055030e+00
094644.2 24.7499 4.997516e+00 2.054395e-03 1.778636e+00 -6.140956e-01 -3.225157e+00 1.169008e+00
094652.4 25.1248 4.997554e+00 2.041012e-03 1.781132e+00 -5.017801e-01 -3.211692e+00 1.266287e+00
094700.6 25.4996 4.997478e+00 2.027300e-03 1.784395e+00 -4.325593e-01 -3.204752e+00 1.338800e+00
094712.9 25.8747 4.997508e+00 2.021399e-03 1.787808e+00 -3.497800e-01 -3.207563e+00 1.415935e+00
094724.8 26.2499 4.997524e+00 2.030871e-03 1.788858e+00 -2.301860e-01 -3.205632e+00 1.514569e+00
094735.7 26.6247 4.997549e+00 2.035528e-03 1.780822e+00 -1.213535e-01 -3.207331e+00 1.604274e+00
094744.9 27.0004 4.997500e+00 2.020629e-03 1.797059e+00 -4.486192e-02 -3.199421e+00 1.673540e+00
094759.3 27.3746 4.997523e+00 2.000415e-03 1.808505e+00 3.841589e-02 -3.186270e+00 1.755746e+00
094813.3 27.7497 4.997500e+00 1.989422e-03 1.801260e+00 1.432871e-01 -3.179890e+00 1.854377e+00
094821.2 28.1247 4.997536e+00 1.973865e-03 1.812111e+00 2.420646e-01 -3.178650e+00 1.946770e+00
094831.4 28.5002 4.997521e+00 1.961091e-03 1.822150e+00 3.096541e-01 -3.175713e+00 2.010519e+00
094843.3 28.8749 4.997517e+00 1.949500e-03 1.805828e+00 3.857207e-01 -3.180521e+00 2.081600e+00
094851.1 29.2499 4.997543e+00 1.955393e-03 1.810585e+00 4.905375e-01 -3.182600e+00 2.174018e+00
094900.7 29.625 4.997527e+00 1.960344e-03 1.828257e+00 5.915550e-01 -3.179387e+00 2.263795e+00
094913.7 29.9993 4.997524e+00 1.961338e-03 1.830338e+00 6.610367e-01 -3.164751e+00 2.320062e+00
094923.5 30.3743 4.997487e+00 1.967819e-03 1.829712e+00 7.367893e-01 -3.166680e+00 2.406907e+00
094932.1 30.7499 4.997491e+00 1.968853e-03 1.842191e+00 8.371931e-01 -3.160148e+00 2.493798e+00
094942.7 31.1262 4.997502e+00 1.944400e-03 1.836677e+00 9.227036e-01 -3.152021e+00 2.570879e+00
094951.0 31.4994 4.997509e+00 1.912122e-03 1.835554e+00 9.902064e-01 -3.160693e+00 2.623114e+00
095012.1 31.8651 4.997505e+00 1.946359e-03 1.845173e+00 1.067237e+00 -3.156452e+00 2.679624e+00
095024.7 32.2501 4.997529e+00 1.965815e-03 1.856832e+00 1.171720e+00 -3.156145e+00 2.777865e+00
095033.6 32.625 4.997479e+00 1.976945e-03 1.856561e+00 1.262399e+00 -3.146521e+00 2.866005e+00
095042.8 33.0003 4.997536e+00 1.962579e-03 1.860093e+00 1.321398e+00 -3.128978e+00 2.921470e+00
095056.2 33.3748 4.997491e+00 1.946465e-03 1.855214e+00 1.389211e+00 -3.150673e+00 2.994815e+00
095104.7 33.7497 4.997522e+00 1.948533e-03 1.843360e+00 1.483032e+00 -3.142737e+00 3.056849e+00
095112.2 34.1246 4.997505e+00 1.945243e-03 1.847532e+00 1.568413e+00 -3.155057e+00 3.140969e+00
095123.5 34.5003 4.997529e+00 1.929839e-03 1.863544e+00 1.624145e+00 -3.137104e+00 3.188841e+00
095135.1 34.8747 4.997520e+00 1.921086e-03 1.868875e+00 1.695656e+00 -3.132323e+00 3.260641e+00
095143.7 35.2499 4.997563e+00 1.937758e-03 1.872244e+00 1.786635e+00 -3.124068e+00 3.339976e+00
095154.0 35.6253 4.997524e+00 1.935404e-03 1.885420e+00 1.870203e+00 -3.123073e+00 3.414991e+00
095202.9 36.0002 4.997514e+00 1.914669e-03 1.890963e+00 1.913170e+00 -3.123387e+00 3.446439e+00
095213.8 36.3755 4.997535e+00 1.895554e-03 1.872422e+00 1.960425e+00 -3.126739e+00 3.501644e+00
095227.1 36.7497 4.997492e+00 1.892656e-03 1.892119e+00 2.054855e+00 -3.116710e+00 3.572014e+00
095235.6 37.1247 4.997506e+00 1.892082e-03 1.909187e+00 2.133838e+00 -3.113795e+00 3.652153e+00
095244.2 37.4996 4.997473e+00 1.887795e-03 1.902617e+00 2.187547e+00 -3.099947e+00 3.695520e+00
095257.2 37.8751 4.997530e+00 1.883218e-03 1.915376e+00 2.248889e+00 -3.099203e+00 3.756701e+00
095304.8 38.2497 4.997521e+00 1.879378e-03 1.907120e+00 2.322836e+00 -3.102884e+00 3.818374e+00
095314.1 38.6251 4.997530e+00 1.865419e-03 1.899299e+00 2.393439e+00 -3.099956e+00 3.888529e+00
095323.6 38.9999 4.997514e+00 1.846371e-03 1.898660e+00 2.445906e+00 -3.096097e+00 3.930733e+00
095336.6 39.3749 4.997497e+00 1.833052e-03 1.916573e+00 2.504651e+00 -3.084618e+00 3.977222e+00
095345.1 39.7493 4.997529e+00 1.844854e-03 1.925122e+00 2.595610e+00 -3.081234e+00 4.046810e+00
095353.8 40.1257 4.997527e+00 1.863189e-03 1.914823e+00 2.657565e+00 -3.063644e+00 4.103136e+00
095401.6 40.4994 4.997501e+00 1.861908e-03 1.937102e+00 2.711135e+00 -3.078668e+00 4.155047e+00
095413.6 40.8747 4.997502e+00 1.858383e-03 1.934801e+00 2.752126e+00 -3.067273e+00 4.183260e+00
095421.8 41.2496 4.997543e+00 1.868440e-03 1.927202e+00 2.829499e+00 -3.070192e+00 4.259121e+00
095430.3 41.6249 4.997518e+00 1.875671e-03 1.928685e+00 2.899480e+00 -3.071081e+00 4.304893e+00
095439.5 41.9997 4.997475e+00 1.871868e-03 1.942483e+00 2.936919e+00 -3.056791e+00 4.331635e+00
095454.1 42.3745 4.997513e+00 1.910471e-03 1.944665e+00 2.992375e+00 -3.050709e+00 4.372373e+00
095507.7 42.7495 4.997489e+00 1.941267e-03 1.940431e+00 3.060131e+00 -3.052053e+00 4.450551e+00
095516.4 43.1247 4.997494e+00 1.971825e-03 1.943112e+00 3.138859e+00 -3.049988e+00 4.508707e+00
095525.6 43.4993 4.997520e+00 1.999731e-03 1.951479e+00 3.183172e+00 -3.053924e+00 4.543735e+00
095535.5 43.8749 4.997546e+00 2.052223e-03 1.932538e+00 3.230453e+00 -3.062460e+00 4.578314e+00
095549.1 44.2501 4.997509e+00 2.105446e-03 1.945090e+00 3.288721e+00 -3.058247e+00 4.633804e+00
095557.7 44.6245 4.997509e+00 2.134854e-03 1.955955e+00 3.353611e+00 -3.051899e+00 4.691306e+00
095611.0 44.999 4.997528e+00 2.159044e-03 1.949170e+00 3.391594e+00 -3.043334e+00 4.728644e+00
095621.2 45.3743 4.997481e+00 2.197549e-03 1.953870e+00 3.439141e+00 -3.039902e+00 4.769977e+00
095632.7 45.7498 4.997524e+00 2.266778e-03 1.945820e+00 3.506241e+00 -3.045411e+00 4.837065e+00
095640.7 46.1245 4.997497e+00 2.340807e-03 1.927519e+00 3.572063e+00 -3.059181e+00 4.891187e+00
095648.5 46.4994 4.997509e+00 2.404503e-03 1.932867e+00 3.596225e+00 -3.061488e+00 4.911981e+00
095701.1 46.8743 4.997519e+00 2.453295e-03 1.953753e+00 3.637220e+00 -3.052663e+00 4.949056e+00
095714.4 47.2496 4.997492e+00 2.496185e-03 1.949110e+00 3.717317e+00 -3.050067e+00 5.013956e+00
095722.5 47.6251 4.997509e+00 2.509973e-03 1.942716e+00 3.767690e+00 -3.036485e+00 5.052661e+00
095732.0 48 4.997500e+00 2.489910e-03 1.961396e+00 3.796583e+00 -3.062287e+00 5.103666e+00
095742.9 48.3751 4.997514e+00 2.465047e-03 1.953899e+00 3.816152e+00 -3.044471e+00 5.099019e+00
095751.1 48.7493 4.997489e+00 2.452068e-03 1.938091e+00 3.857163e+00 -3.044963e+00 5.128768e+00
095759.6 49.1248 4.997508e+00 2.424047e-03 1.970574e+00 3.922954e+00 -3.037242e+00 5.173894e+00
095809.8 49.5003 4.997520e+00 2.364085e-03 1.984917e+00 3.934939e+00 -3.029874e+00 5.190636e+00
095821.4 49.8755 4.997514e+00 2.299499e-03 1.996453e+00 3.969999e+00 -3.016626e+00 5.208650e+00
095830.3 50.2498 4.997527e+00 2.254681e-03 2.001581e+00 4.010038e+00 -3.009664e+00 5.241606e+00
095839.8 50.6251 4.997486e+00 2.227296e-03 2.005853e+00 4.051665e+00 -3.004782e+00 5.272124e+00
095851.8 51.0004 4.997499e+00 2.182976e-03 1.997806e+00 4.062334e+00 -2.998438e+00 5.273274e+00
095904.4 51.3755 4.997517e+00 2.137984e-03 2.012208e+00 4.099619e+00 -3.006379e+00 5.303460e+00
095913.2 51.75 4.997515e+00 2.111587e-03 2.036691e+00 4.150260e+00 -3.000089e+00 5.346615e+00
095926.2 52.1256 4.997528e+00 2.103049e-03 2.036803e+00 4.191927e+00 -2.991497e+00 5.371013e+00
095934.4 52.4997 4.997547e+00 2.074184e-03 2.041859e+00 4.201735e+00 -2.982916e+00 5.381821e+00
095947.0 52.8741 4.997507e+00 2.018236e-03 2.049934e+00 4.219592e+00 -2.977408e+00 5.393446e+00
095958.3 53.2508 4.997516e+00 2.010643e-03 2.045646e+00 4.249461e+00 -2.979135e+00 5.435954e+00
100006.4 53.6255 4.997512e+00 1.994900e-03 2.034399e+00 4.281349e+00 -2.971319e+00 5.451194e+00
100015.0 53.9999 4.997538e+00 1.967824e-03 2.059515e+00 4.306622e+00 -2.975952e+00 5.466872e+00
100025.2 54.3748 4.997523e+00 1.956301e-03 2.063989e+00 4.312490e+00 -2.960062e+00 5.462843e+00
100038.5 54.7495 4.997523e+00 1.968572e-03 2.060600e+00 4.351699e+00 -2.963481e+00 5.503365e+00
100049.7 55.125 4.997505e+00 1.965028e-03 2.073376e+00 4.391797e+00 -2.956458e+00 5.521837e+00
100058.6 55.4997 4.997502e+00 1.934522e-03 2.067536e+00 4.401419e+00 -2.949917e+00 5.524420e+00
100110.8 55.8749 4.997508e+00 1.917134e-03 2.061818e+00 4.422911e+00 -2.946459e+00 5.530730e+00
100120.7 56.2497 4.997503e+00 1.929157e-03 2.057241e+00 4.458032e+00 -2.947303e+00 5.550844e+00
100129.6 56.625 4.997521e+00 1.939134e-03 2.072025e+00 4.495425e+00 -2.938716e+00 5.577349e+00
100140.3 57.0001 4.997526e+00 1.931689e-03 2.087296e+00 4.496031e+00 -2.935826e+00 5.582669e+00
100153.2 57.3748 4.997484e+00 1.918228e-03 2.077659e+00 4.507869e+00 -2.925778e+00 5.585055e+00
100204.8 57.7493 4.997500e+00 1.915943e-03 2.090670e+00 4.545067e+00 -2.925854e+00 5.617161e+00
100214.7 58.1246 4.997502e+00 1.914546e-03 2.084199e+00 4.568227e+00 -2.921758e+00 5.620859e+00
100222.6 58.4996 4.997506e+00 1.902022e-03 2.079791e+00 4.577168e+00 -2.931733e+00 5.627917e+00
100233.1 58.8749 4.997539e+00 1.888065e-03 2.088667e+00 4.578228e+00 -2.921120e+00 5.620877e+00
100245.4 59.2503 4.997524e+00 1.879425e-03 2.099663e+00 4.601183e+00 -2.917058e+00 5.640817e+00
100254.0 59.6248 4.997507e+00 1.865220e-03 2.107593e+00 4.628785e+00 -2.915086e+00 5.679584e+00
100306.0 59.9997 4.997526e+00 1.843755e-03 2.114861e+00 4.631290e+00 -2.903611e+00 5.658675e+00
100316.2 60.3746 4.997505e+00 1.838592e-03 2.122770e+00 4.631653e+00 -2.903491e+00 5.648940e+00
100325.1 60.7492 4.997491e+00 1.848894e-03 2.114623e+00 4.650820e+00 -2.902207e+00 5.659573e+00
100334.0 61.1253 4.997507e+00 1.852705e-03 2.106662e+00 4.676186e+00 -2.905842e+00 5.675791e+00
100342.5 61.4999 4.997522e+00 1.832089e-03 2.123547e+00 4.667102e+00 -2.899534e+00 5.659774e+00
100353.5 61.8748 4.997521e+00 1.819044e-03 2.135097e+00 4.676133e+00 -2.887443e+00 5.656227e+00
100404.4 62.2499 4.997529e+00 1.818075e-03 2.132688e+00 4.702043e+00 -2.885493e+00 5.670085e+00
100412.5 62.6246 4.997477e+00 1.814731e-03 2.133183e+00 4.723927e+00 -2.873252e+00 5.676352e+00
100421.5 62.9996 4.997502e+00 1.819754e-03 2.142175e+00 4.713392e+00 -2.887575e+00 5.654711e+00
100432.4 63.3745 4.997503e+00 1.840968e-03 2.130656e+00 4.713303e+00 -2.889462e+00 5.642244e+00
100440.9 63.7491 4.997511e+00 1.864548e-03 2.133603e+00 4.730182e+00 -2.886180e+00 5.657889e+00
100449.4 64.1247 4.997520e+00 1.880307e-03 2.146230e+00 4.744178e+00 -2.878700e+00 5.673819e+00
100457.6 64.4997 4.997483e+00 1.866822e-03 2.153304e+00 4.740196e+00 -2.869186e+00 5.650101e+00
100507.2 64.8746 4.997512e+00 1.840172e-03 2.154757e+00 4.728549e+00 -2.872435e+00 5.641438e+00
100519.5 65.25 4.997477e+00 1.827823e-03 2.159357e+00 4.738153e+00 -2.867002e+00 5.636417e+00
100528.4 65.625 4.997508e+00 1.814127e-03 2.148412e+00 4.743452e+00 -2.870388e+00 5.626829e+00
100537.3 66.0001 4.997491e+00 1.789276e-03 2.153843e+00 4.734519e+00 -2.874310e+00 5.608107e+00
100547.8 66.3747 4.997493e+00 1.763472e-03 2.172840e+00 4.729798e+00 -2.868990e+00 5.597585e+00
100558.7 66.7495 4.997521e+00 1.741518e-03 2.178726e+00 4.729408e+00 -2.856526e+00 5.596008e+00
100608.3 67.1251 4.997524e+00 1.701589e-03 2.172729e+00 4.725701e+00 -2.842284e+00 5.590948e+00
100618.8 67.5002 4.997513e+00 1.666742e-03 2.183277e+00 4.697653e+00 -2.843238e+00 5.557741e+00
100629.1 67.8752 4.997503e+00 1.650546e-03 2.186784e+00 4.658210e+00 -2.830089e+00 5.518079e+00
100636.6 68.2491 4.997498e+00 1.650598e-03 2.180279e+00 4.690092e+00 -2.835874e+00 5.529913e+00
100646.1 68.6252 4.997505e+00 1.643561e-03 2.183454e+00 4.700815e+00 -2.836138e+00 5.529766e+00
100657.4 69.0001 4.997538e+00 1.616767e-03 2.197024e+00 4.667956e+00 -2.827397e+00 5.502122e+00
100707.7 69.3746 4.997486e+00 1.597164e-03 2.202819e+00 4.654793e+00 -2.812688e+00 5.482972e+00
100721.7 69.7498 4.997523e+00 1.603323e-03 2.199228e+00 4.655549e+00 -2.809917e+00 5.473910e+00
100730.0 70.125 4.997512e+00 1.612350e-03 2.199731e+00 4.652639e+00 -2.810240e+00 5.463242e+00
100737.8 70.4998 4.997511e+00 1.619615e-03 2.193797e+00 4.619900e+00 -2.806057e+00 5.419174e+00
100745.6 70.8746 4.997533e+00 1.635563e-03 2.186047e+00 4.613693e+00 -2.813467e+00 5.401672e+00
100756.9 71.25 4.997528e+00 1.659127e-03 2.201364e+00 4.616504e+00 -2.802533e+00 5.374148e+00
100805.4 71.6244 4.997510e+00 1.666901e-03 2.211435e+00 4.621928e+00 -2.795062e+00 5.367584e+00
100814.6 72 4.997507e+00 1.653384e-03 2.210297e+00 4.587719e+00 -2.792845e+00 5.338624e+00
100825.8 72.375 4.997518e+00 1.640062e-03 2.214506e+00 4.557029e+00 -2.782873e+00 5.310518e+00
100839.5 72.7495 4.997505e+00 1.641746e-03 2.219324e+00 4.550458e+00 -2.793071e+00 5.301118e+00
100847.7 73.1249 4.997528e+00 1.647196e-03 2.210484e+00 4.545869e+00 -2.792677e+00 5.273797e+00
100856.6 73.4993 4.997532e+00 1.652019e-03 2.214018e+00 4.517342e+00 -2.796558e+00 5.236821e+00
100909.5 73.8744 4.997493e+00 1.652069e-03 2.226285e+00 4.491141e+00 -2.787233e+00 5.189224e+00
100918.1 74.2502 4.997504e+00 1.641449e-03 2.228212e+00 4.490942e+00 -2.776403e+00 5.180568e+00
100926.6 74.6249 4.997517e+00 1.634404e-03 2.223520e+00 4.469485e+00 -2.773282e+00 5.168788e+00
100935.1 75.0001 4.997510e+00 1.614507e-03 2.230801e+00 4.430059e+00 -2.768957e+00 5.128303e+00
100946.3 75.3749 4.997481e+00 1.613738e-03 2.237634e+00 4.405891e+00 -2.768733e+00 5.079506e+00
100958.8 75.7499 4.997498e+00 1.636028e-03 2.234705e+00 4.393327e+00 -2.775913e+00 5.069827e+00
101006.6 76.1247 4.997480e+00 1.645502e-03 2.241022e+00 4.374620e+00 -2.772331e+00 5.037007e+00
101014.8 76.4996 4.997517e+00 1.633042e-03 2.256276e+00 4.326285e+00 -2.760739e+00 4.991914e+00
101022.7 76.8749 4.997555e+00 1.608749e-03 2.263837e+00 4.299250e+00 -2.755089e+00 4.954961e+00
101031.2 77.2499 4.997497e+00 1.594277e-03 2.261119e+00 4.285257e+00 -2.747367e+00 4.929869e+00
101039.7 77.6252 4.997522e+00 1.589279e-03 2.266116e+00 4.259088e+00 -2.748875e+00 4.899690e+00
101048.9 78.0002 4.997517e+00 1.578479e-03 2.262535e+00 4.209217e+00 -2.751223e+00 4.840360e+00
101101.6 78.3751 4.997521e+00 1.578314e-03 2.253812e+00 4.162549e+00 -2.753580e+00 4.787169e+00
101113.9 78.7501 4.997530e+00 1.587209e-03 2.268566e+00 4.157454e+00 -2.751533e+00 4.769202e+00
101121.8 79.1248 4.997515e+00 1.580406e-03 2.273095e+00 4.143421e+00 -2.748483e+00 4.736461e+00
101130.4 79.4994 4.997511e+00 1.559842e-03 2.274329e+00 4.088981e+00 -2.735484e+00 4.675202e+00
101142.6 79.875 4.997521e+00 1.540296e-03 2.287515e+00 4.048660e+00 -2.739975e+00 4.646773e+00
101151.2 80.25 4.997551e+00 1.542301e-03 2.291392e+00 4.025456e+00 -2.734392e+00 4.605613e+00
101200.0 80.6246 4.997516e+00 1.553919e-03 2.279307e+00 3.996359e+00 -2.737637e+00 4.565766e+00
101208.5 81.0002 4.997493e+00 1.554873e-03 2.284768e+00 3.947190e+00 -2.728909e+00 4.502077e+00
101221.5 81.3745 4.997471e+00 1.551783e-03 2.299805e+00 3.898723e+00 -2.724585e+00 4.440772e+00
101229.7 81.7497 4.997513e+00 1.548538e-03 2.300479e+00 3.873918e+00 -2.737620e+00 4.443281e+00
101238.3 82.1251 4.997517e+00 1.543768e-03 2.306566e+00 3.854065e+00 -2.716794e+00 4.370870e+00
101246.8 82.4996 4.997501e+00 1.526094e-03 2.305628e+00 3.789293e+00 -2.715462e+00 4.322845e+00
101259.1 82.875 4.997519e+00 1.510618e-03 2.307866e+00 3.736924e+00 -2.711940e+00 4.255624e+00
101311.4 83.2497 4.997554e+00 1.514127e-03 2.293120e+00 3.710443e+00 -2.715224e+00 4.224745e+00
101320.6 83.6246 4.997502e+00 1.527474e-03 2.308554e+00 3.674870e+00 -2.711552e+00 4.186316e+00
101334.2 84 4.997509e+00 1.519921e-03 2.317085e+00 3.614256e+00 -2.702731e+00 4.112875e+00
101347.9 84.3745 4.997490e+00 1.504716e-03 2.326962e+00 3.560666e+00 -2.695174e+00 4.042626e+00
101356.7 84.7498 4.997520e+00 1.490989e-03 2.324246e+00 3.526428e+00 -2.685715e+00 4.009859e+00
101404.3 85.1249 4.997481e+00 1.485978e-03 2.335110e+00 3.550568e+00 -2.690636e+00 3.966601e+00
101415.8 85.4997 4.997499e+00 1.479062e-03 2.312992e+00 3.434287e+00 -2.692774e+00 3.896993e+00
101427.4 85.875 4.997532e+00 1.487355e-03 2.321557e+00 3.380859e+00 -2.687088e+00 3.821282e+00
101435.3 86.2499 4.997491e+00 1.505970e-03 2.336047e+00 3.327830e+00 -2.680349e+00 3.777467e+00
101443.8 86.6251 4.997533e+00 1.502804e-03 2.337952e+00 3.291865e+00 -2.678147e+00 3.724205e+00
101452.7 86.9999 4.997544e+00 1.464865e-03 2.343755e+00 3.227204e+00 -2.667394e+00 3.660827e+00
101504.0 87.3746 4.997505e+00 1.425039e-03 2.346647e+00 3.162677e+00 -2.661901e+00 3.589702e+00
101512.6 87.7502 4.997511e+00 1.402397e-03 2.347611e+00 3.122742e+00 -2.662246e+00 3.541251e+00
101520.7 88.125 4.997499e+00 1.378753e-03 2.332779e+00 3.080074e+00 -2.662923e+00 3.487591e+00
101529.6 88.4994 4.997526e+00 1.359791e-03 2.351975e+00 3.001192e+00 -2.656649e+00 3.402134e+00
101541.2 88.8755 4.997525e+00 1.366255e-03 2.365464e+00 2.933734e+00 -2.648675e+00 3.331340e+00
101552.5 89.2502 4.997507e+00 1.407866e-03 2.357009e+00 2.904545e+00 -2.647305e+00 3.278217e+00
101603.1 89.6249 4.997513e+00 1.438751e-03 2.364720e+00 2.863799e+00 -2.647101e+00 3.224310e+00
101612.0 90.0003 4.997514e+00 1.443225e-03 2.368165e+00 2.787741e+00 -2.647073e+00 3.144896e+00
101622.5 90.3754 4.997561e+00 1.435365e-03 2.365792e+00 2.718683e+00 -2.650323e+00 3.074090e+00
101631.1 90.7496 4.997515e+00 1.433237e-03 2.361952e+00 2.663439e+00 -2.646465e+00 3.012622e+00
101639.7 91.1244 4.997508e+00 1.415369e-03 2.380658e+00 2.608562e+00 -2.633008e+00 2.952314e+00
101647.5 91.4996 4.997465e+00 1.389521e-03 2.390971e+00 2.534068e+00 -2.627173e+00 2.859775e+00
101659.4 91.8747 4.997498e+00 1.380167e-03 2.391859e+00 2.465179e+00 -2.615367e+00 2.781398e+00
101712.1 92.25 4.997501e+00 1.404919e-03 2.392016e+00 2.421167e+00 -2.619448e+00 2.727627e+00
101720.7 92.6246 4.997510e+00 1.438364e-03 2.379644e+00 2.369578e+00 -2.619597e+00 2.661672e+00
101730.2 92.9996 4.997514e+00 1.464062e-03 2.367883e+00 2.296493e+00 -2.621827e+00 2.576641e+00
101744.3 93.3745 4.997510e+00 1.491043e-03 2.372969e+00 2.219433e+00 -2.616061e+00 2.500303e+00
101753.1 93.7492 4.997526e+00 1.522035e-03 2.390642e+00 2.168191e+00 -2.615014e+00 2.442980e+00
101801.6 94.1248 4.997499e+00 1.548105e-03 2.388988e+00 2.104578e+00 -2.611061e+00 2.375767e+00
101809.5 94.4998 4.997516e+00 1.561976e-03 2.400873e+00 2.027027e+00 -2.611311e+00 2.283032e+00
101822.1 94.8743 4.997498e+00 1.645798e-03 2.389205e+00 1.956474e+00 -2.614100e+00 2.200658e+00
101830.2 95.2498 4.997504e+00 1.702864e-03 2.384502e+00 1.906893e+00 -2.617874e+00 2.143750e+00
101839.1 95.6245 4.997507e+00 1.732432e-03 2.372057e+00 1.846776e+00 -2.619496e+00 2.072965e+00
101848.4 95.9994 4.997503e+00 1.729054e-03 2.397700e+00 1.757636e+00 -2.614403e+00 1.987818e+00
101858.3 96.3747 4.997535e+00 1.712231e-03 2.399592e+00 1.666730e+00 -2.607117e+00 1.899899e+00
101907.5 96.7493 4.997514e+00 1.705798e-03 2.403453e+00 1.605574e+00 -2.596718e+00 1.831831e+00
101915.7 97.125 4.997492e+00 1.706219e-03 2.414358e+00 1.538486e+00 -2.592865e+00 1.753049e+00
101923.8 97.5 4.997494e+00 1.682848e-03 2.405346e+00 1.443126e+00 -2.581294e+00 1.642401e+00
101934.1 97.8749 4.997494e+00 1.658783e-03 2.407657e+00 1.367751e+00 -2.587035e+00 1.543601e+00
101946.0 98.2507 4.997470e+00 1.653561e-03 2.412398e+00 1.303670e+00 -2.577398e+00 1.464955e+00
101954.2 98.6251 4.997505e+00 1.640529e-03 2.419668e+00 1.225718e+00 -2.564515e+00 1.382352e+00
102002.4 98.9992 4.997502e+00 1.605957e-03 2.427757e+00 1.117951e+00 -2.559536e+00 1.283352e+00
102015.3 99.3744 4.997533e+00 1.563369e-03 2.433646e+00 1.018373e+00 -2.555568e+00 1.190797e+00
102023.7 99.75 4.997512e+00 1.530939e-03 2.435858e+00 9.522097e-01 -2.549729e+00 1.114835e+00
102032.2 100.124 4.997492e+00 1.508329e-03 2.432492e+00 8.823130e-01 -2.547122e+00 1.030371e+00
102039.8 100.5 4.997504e+00 1.505337e-03 2.426608e+00 7.903790e-01 -2.551588e+00 9.243516e-01
102048.1 100.875 4.997484e+00 1.515340e-03 2.445035e+00 7.056100e-01 -2.545766e+00 8.225761e-01
102056.3 101.249 4.997485e+00 1.537065e-03 2.455967e+00 6.400431e-01 -2.547566e+00 7.382964e-01
102105.2 101.625 4.997519e+00 1.548483e-03 2.453458e+00 5.591229e-01 -2.534869e+00 6.467586e-01
102113.5 102 4.997498e+00 1.555258e-03 2.470093e+00 4.526191e-01 -2.534915e+00 5.452411e-01
102126.8 102.375 4.997510e+00 1.577961e-03 2.472211e+00 3.552446e-01 -2.537068e+00 4.465759e-01
102136.3 102.749 4.997541e+00 1.609556e-03 2.444395e+00 2.819573e-01 -2.538852e+00 3.615971e-01
102145.8 103.125 4.997486e+00 1.628131e-03 2.464773e+00 2.045039e-01 -2.544897e+00 2.756971e-01
102156.8 103.5 4.997509e+00 1.643355e-03 2.483166e+00 1.005811e-01 -2.544200e+00 1.696414e-01
102209.4 103.874 4.997520e+00 1.677840e-03 2.481369e+00 9.049610e-03 -2.536010e+00 6.557972e-02
102222.0 104.25 4.997477e+00 1.732703e-03 2.475358e+00 -6.365448e-02 -2.527081e+00 -2.186077e-02
102231.7 104.625 4.997496e+00 1.790148e-03 2.468970e+00 -1.358250e-01 -2.537078e+00 -1.120801e-01
102240.2 105 4.997534e+00 1.824091e-03 2.462998e+00 -2.447446e-01 -2.540304e+00 -2.270727e-01
102253.1 105.375 4.997496e+00 1.854086e-03 2.448187e+00 -3.504154e-01 -2.549126e+00 -3.396660e-01
102305.4 105.75 4.997505e+00 1.879298e-03 2.463388e+00 -4.430836e-01 -2.538736e+00 -4.267008e-01
102317.5 106.125 4.997456e+00 1.876219e-03 2.475280e+00 -5.343859e-01 -2.532951e+00 -5.294958e-01
102325.7 106.5 4.997511e+00 1.871757e-03 2.473415e+00 -6.393531e-01 -2.517236e+00 -6.491109e-01
102337.9 106.875 4.997474e+00 1.901893e-03 2.479855e+00 -7.388826e-01 -2.502564e+00 -7.604443e-01
102345.8 107.249 4.997473e+00 1.954492e-03 2.480013e+00 -8.222285e-01 -2.518833e+00 -8.512630e-01
102357.7 107.625 4.997491e+00 2.010180e-03 2.462740e+00 -9.086820e-01 -2.534609e+00 -9.459256e-01
102410.0 108 4.997517e+00 2.037432e-03 2.467177e+00 -1.024297e+00 -2.535303e+00 -1.067843e+00
102423.2 108.375 4.997477e+00 2.049628e-03 2.482997e+00 -1.131380e+00 -2.533524e+00 -1.187647e+00
102435.8 108.75 4.997498e+00 2.068684e-03 2.485790e+00 -1.223953e+00 -2.524068e+00 -1.286046e+00
102444.1 109.124 4.997507e+00 2.081846e-03 2.482522e+00 -1.314411e+00 -2.515874e+00 -1.382600e+00
102452.3 109.5 4.997476e+00 2.099237e-03 2.487701e+00 -1.441876e+00 -2.518352e+00 -1.509893e+00
102504.5 109.875 4.997499e+00 2.121436e-03 2.482150e+00 -1.555647e+00 -2.519709e+00 -1.630637e+00
102512.4 110.25 4.997497e+00 2.151179e-03 2.610064e+00 -1.657618e+00 -2.525392e+00 -1.736769e+00
102521.3 110.624 4.997499e+00 2.179854e-03 2.477340e+00 -1.730402e+00 -2.505425e+00 -1.830595e+00
102529.8 111 4.997504e+00 2.191942e-03 2.487988e+00 -1.856882e+00 -2.505890e+00 -1.966731e+00
102543.8 111.374 4.997514e+00 2.198687e-03 2.491046e+00 -1.976229e+00 -2.493978e+00 -2.089182e+00
102557.1 111.75 4.997519e+00 2.212256e-03 2.478089e+00 -2.066300e+00 -2.489069e+00 -2.190760e+00
102605.2 112.125 4.997503e+00 2.211144e-03 2.489282e+00 -2.171841e+00 -2.495034e+00 -2.299437e+00
102615.1 112.5 4.997486e+00 2.208052e-03 2.473332e+00 -2.292828e+00 -2.495148e+00 -2.431706e+00
102623.3 112.875 4.997480e+00 2.226923e-03 2.469599e+00 -2.417273e+00 -2.487730e+00 -2.553662e+00
102633.2 113.25 4.997505e+00 2.261651e-03 2.487627e+00 -2.510136e+00 -2.480995e+00 -2.666778e+00
102641.7 113.625 4.997492e+00 2.282905e-03 2.502629e+00 -2.619833e+00 -2.489158e+00 -2.797969e+00
102650.6 114 4.997485e+00 2.274567e-03 2.499779e+00 -2.750520e+00 -2.485281e+00 -2.936094e+00
102659.4 114.374 4.997496e+00 2.265695e-03 2.494601e+00 -2.870981e+00 -2.473559e+00 -3.058860e+00
102711.1 114.75 4.997506e+00 2.272519e-03 2.505189e+00 -2.991684e+00 -2.487281e+00 -3.190518e+00
102718.7 115.124 4.997465e+00 2.272772e-03 2.482029e+00 -3.090185e+00 -2.486985e+00 -3.298546e+00
102727.2 115.499 4.997484e+00 2.246781e-03 2.497198e+00 -3.227823e+00 -2.490174e+00 -3.443140e+00
102738.4 115.875 4.997484e+00 2.204482e-03 2.521151e+00 -3.376497e+00 -2.481490e+00 -3.578896e+00
102748.3 116.25 4.997487e+00 2.195107e-03 2.524706e+00 -3.475324e+00 -2.469852e+00 -3.687486e+00
102800.9 116.625 4.997515e+00 2.201337e-03 2.514329e+00 -3.575211e+00 -2.448237e+00 -3.798451e+00
102809.8 117 4.997500e+00 2.198968e-03 2.517141e+00 -3.711006e+00 -2.454509e+00 -3.956409e+00
102822.7 117.375 4.997523e+00 2.206475e-03 2.533133e+00 -3.860535e+00 -2.440280e+00 -4.115650e+00
102831.9 117.75 4.997506e+00 2.222869e-03 2.506433e+00 -3.968540e+00 -2.428031e+00 -4.237986e+00
102840.1 118.125 4.997491e+00 2.192995e-03 2.548892e+00 -4.122550e+00 -2.450663e+00 -4.415269e+00
102850.7 118.5 4.997480e+00 2.097599e-03 2.567571e+00 -4.267918e+00 -2.424845e+00 -4.507489e+00
102904.1 118.874 4.997477e+00 1.978577e-03 2.573336e+00 -4.415698e+00 -2.425326e+00 -4.610122e+00
